21027.90 21029.61
21027.90 21029.61
21027.62 21029.13
21027.62 21029.13
21026.88 21028.38
21026.88 21028.38
21026.64 21028.11
21026.64 21028.11
21026.16 21027.34
21026.16 21027.34
21026.13 21027.62
21026.13 21027.62
21026.13 21027.62
21026.13 21027.62
21026.16 21027.34
21026.16 21027.34
21025.89 21027.36
21025.89 21027.36
21025.64 21027.11
21025.64 21027.11
21025.66 21027.34
21025.66 21027.34
21026.14 21027.61
21026.41 21027.59
21026.41 21027.59
21026.42 21027.58
21026.42 21027.58
21027.66 21029.34
21026.91 21028.59
21026.91 21028.59
21026.90 21028.60
21026.90 21028.60
21026.97 21028.78
21026.97 21028.78
21027.41 21028.59
21027.41 21028.59
21027.41 21029.10
21027.41 21029.09
21027.41 21029.09
21027.41 21029.09
21027.64 21029.11
21027.64 21029.11
21027.64 21029.11
21027.64 21029.11
21027.64 21029.11
21027.03 21028.97
21027.03 21028.97
21026.91 21028.59
21026.64 21028.11
21026.64 21028.11
21026.91 21028.59
21026.90 21028.61
21026.90 21028.61
21026.65 21028.35
21026.65 21028.35
21026.14 21027.61
21026.14 21027.61
21025.88 21027.37
21025.88 21027.37
21025.89 21027.36
21025.89 21027.36
21025.73 21027.53
21026.14 21027.86
21026.14 21027.86
21026.15 21027.85
21026.66 21028.34
21026.66 21028.34
21027.14 21028.61
21027.14 21028.61
21026.90 21028.60
21026.90 21028.60
21026.98 21028.78
21028.88 21030.38
21028.88 21030.38
21030.14 21031.86
21030.15 21031.86
21030.15 21031.86
21030.37 21031.88
21030.37 21031.88
21029.89 21031.36
21029.89 21031.36
21029.39 21030.86
21029.39 21030.86
21029.15 21030.85
21029.15 21030.85
21028.13 21029.62
21028.13 21029.62
21028.38 21029.87
21028.39 21029.86
21028.39 21029.86
21028.38 21029.87
21028.38 21029.87
21028.43 21029.58
21028.43 21029.58
21028.43 21029.58
21027.91 21029.60
21027.91 21029.60
21027.91 21029.60
21028.41 21029.60
21028.41 21029.60
21028.41 21029.60
21028.15 21029.86
21028.15 21029.86
21028.15 21029.86
21028.39 21029.86
21028.39 21029.86
21028.64 21030.36
21028.64 21030.36
21028.64 21030.36
21029.15 21030.86
21029.12 21030.63
21029.12 21030.63
21028.88 21030.37
21028.64 21030.11
21028.64 21030.11
21028.64 21030.11
21028.66 21030.34
21028.66 21030.34
21028.64 21030.11
21028.64 21030.11
21028.48 21030.28
21028.48 21030.28
21028.14 21029.61
21028.90 21030.60
21028.90 21030.60
21028.90 21030.60
21028.90 21030.60
21029.22 21031.03
21029.38 21030.87
21029.38 21030.87
21028.63 21030.13
21028.63 21030.13
21028.63 21030.13
21028.68 21029.83
21028.68 21029.83
21028.63 21030.12
21028.63 21030.12
21028.39 21030.11
21028.39 21030.11
21028.14 21029.86
21028.64 21030.11
21028.64 21030.11
21028.64 21030.11
21028.16 21029.84
21028.16 21029.84
21027.88 21029.37
21027.88 21029.37
21027.66 21028.85
21027.66 21028.85
21027.66 21028.85
21027.67 21028.83
21027.67 21028.83
21027.67 21028.83
21028.63 21030.12
21028.38 21029.87
21028.38 21029.87
21028.37 21029.88
21028.66 21029.85
21028.66 21029.85
21028.13 21029.63
21028.13 21029.63
21028.14 21029.61
21028.14 21029.61
21028.38 21029.87
21028.38 21029.87
21028.41 21029.59
21028.41 21029.59
21028.16 21029.84
21028.16 21029.84
21028.39 21030.11
21028.39 21030.11
21029.38 21030.87
21028.64 21030.11
21028.64 21030.11
21028.40 21030.10
21028.40 21030.10
21028.14 21029.86
21028.14 21029.86
21028.16 21029.85
21028.16 21029.85
21028.65 21030.36
21028.65 21030.36
21028.63 21030.12
21028.14 21029.61
21028.14 21029.61
21028.16 21029.84
21026.39 21028.11
21026.39 21028.11
21026.64 21028.11
21026.64 21028.11
21026.64 21028.11
21026.64 21028.11
21026.64 21028.11
21026.88 21028.37
21026.88 21028.37
21026.88 21028.37
21026.66 21028.34
21026.66 21028.34
21026.90 21028.60
21026.90 21028.60
21026.89 21028.61
21026.89 21028.61
21026.89 21028.61
21026.89 21028.61
21026.90 21028.61
21026.90 21028.61
21027.17 21028.33
21026.88 21028.37
21026.88 21028.37
21026.66 21028.34
21026.66 21028.34
21026.66 21028.34
21026.41 21027.59
21026.41 21027.59
21026.63 21028.12
21026.66 21027.84
21026.66 21027.84
21026.16 21027.84
21026.16 21027.84
21026.14 21027.61
21026.14 21027.61
21026.66 21028.34
21026.66 21028.34
21026.89 21028.36
21026.89 21028.36
21027.13 21028.62
21027.15 21028.86
21027.15 21028.86
21027.41 21029.10
21027.41 21029.10
21027.38 21028.88
21027.15 21028.85
21027.15 21028.85
21027.15 21028.85
21027.15 21028.86
21027.15 21028.86
21027.65 21029.35
21027.66 21029.34
21027.66 21029.34
21027.89 21029.36
21027.89 21029.36
21027.14 21028.86
21027.14 21028.86
21027.14 21028.86
21027.41 21029.10
21027.41 21029.10
21027.41 21029.10
21027.14 21028.61
21027.13 21028.62
21027.13 21028.62
21027.39 21029.11
21027.64 21029.36
21027.64 21029.36
21027.64 21029.11
21027.64 21029.11
21027.64 21029.11
21027.89 21029.36
21027.89 21029.36
21027.89 21029.36
21027.89 21029.36
21027.40 21029.11
21027.40 21029.11
21027.37 21028.88
21027.37 21028.88
21027.40 21029.11
21027.40 21029.11
21027.40 21029.11
21027.14 21028.86
21027.37 21028.88
21027.37 21028.88
21027.16 21028.34
21027.16 21028.34
21026.40 21028.11
21026.14 21027.61
21026.14 21027.61
21025.88 21027.37
21025.88 21027.37
21024.91 21026.59
21024.91 21026.59
21025.40 21027.11
21025.40 21027.11
21025.13 21026.63
21025.13 21026.63
21023.38 21024.88
21022.81 21023.44
21022.81 21023.44
21022.14 21023.61
21022.14 21023.61
21022.14 21023.86
21022.90 21024.61
21022.90 21024.61
21023.67 21024.83
21023.63 21025.13
21023.63 21025.13
21023.39 21024.86
21023.39 21024.86
21023.63 21025.12
21023.93 21025.08
21023.93 21025.08
21024.41 21025.59
21024.16 21025.85
21024.16 21025.85
21024.41 21025.59
21024.41 21025.59
21023.88 21025.38
21023.88 21025.38
21023.91 21025.09
21023.91 21025.09
21023.43 21024.58
21023.43 21024.58
21023.64 21025.11
21023.64 21025.11
21023.14 21024.61
21023.14 21024.61
21023.68 21024.83
21023.68 21024.83
21023.66 21024.85
21023.66 21024.85
21023.16 21024.34
21023.16 21024.34
21022.89 21024.61
21022.89 21024.61
21023.18 21024.33
21022.88 21024.37
21022.88 21024.37
21023.13 21024.63
21023.13 21024.63
21023.13 21024.62
21023.13 21024.62
21022.41 21023.59
21023.39 21025.11
21023.39 21025.11
21023.63 21025.12
21023.63 21025.12
21023.91 21025.09
21023.91 21025.09
21023.64 21025.36
21023.40 21025.11
21023.40 21025.11
21023.40 21025.11
21023.63 21025.12
21023.62 21025.13
21023.62 21025.13
21023.62 21025.13
21023.88 21025.38
21024.39 21025.86
21024.39 21025.86
21024.38 21025.87
21024.38 21025.87
21024.38 21025.87
21024.63 21026.12
21024.63 21026.12
21024.65 21026.36
21025.14 21026.61
21025.14 21026.61
21024.87 21026.38
21024.87 21026.38
21025.38 21026.88
21025.38 21026.88
21025.14 21026.86
21025.18 21026.33
21025.18 21026.33
21025.14 21026.86
21025.14 21026.86
21025.16 21026.84
21024.12 21025.63
21024.12 21025.63
21024.39 21025.86
21024.39 21025.86
21024.39 21025.86
21024.39 21025.86
21024.64 21026.11
21024.64 21026.11
21024.64 21026.11
21024.64 21026.11
21024.65 21026.36
21024.65 21026.36
21024.64 21026.11
21024.64 21026.11
21025.14 21026.86
21025.14 21026.86
21025.37 21026.88
21025.64 21027.11
21025.64 21027.11
21026.39 21027.86
21027.37 21028.88
21027.37 21028.88
21027.41 21029.09
21027.41 21029.09
21027.89 21029.36
21027.64 21029.11
21027.64 21029.11
21027.64 21029.11
21027.64 21029.11
21027.64 21029.11
21027.64 21029.11
21027.67 21028.84
21027.67 21028.84
21027.41 21028.59
21027.41 21028.59
21027.89 21029.36
21027.90 21029.61
21027.90 21029.61
21028.40 21030.10
21028.40 21030.10
21028.40 21030.10
21028.40 21030.10
21028.64 21030.36
21028.16 21029.85
21028.16 21029.85
21026.14 21027.86
21026.14 21027.86
21026.39 21027.86
21026.39 21027.86
21026.39 21027.86
21026.39 21027.86
21026.39 21027.86
21026.64 21028.11
21026.16 21027.84
21026.16 21027.84
21026.89 21028.36
21026.89 21028.36
21027.37 21028.88
21027.37 21028.88
21025.39 21026.86
21025.39 21026.86
21026.16 21027.84
21025.65 21027.36
21025.65 21027.36
21025.14 21026.61
21024.64 21026.11
21024.64 21026.11
21024.38 21025.87
21024.14 21025.86
21024.14 21025.86
21024.88 21026.37
21024.88 21026.37
21023.93 21025.08
21022.88 21024.38
21022.88 21024.38
21022.64 21024.36
21023.39 21024.86
21023.39 21024.86
21023.65 21025.36
21023.65 21025.36
21023.62 21025.13
21023.64 21025.36
21023.64 21025.36
21023.65 21025.35
21023.65 21025.35
21024.16 21025.35
21024.16 21025.35
21024.16 21025.35
21023.63 21025.13
21023.66 21024.85
21023.66 21024.85
21023.64 21025.11
21023.64 21025.11
21023.16 21024.84
21023.16 21024.84
21023.88 21025.37
21023.88 21025.37
21023.88 21025.38
21023.88 21025.38
21024.38 21025.87
21024.40 21026.10
21024.40 21026.10
21024.63 21026.13
21024.63 21026.13
21023.89 21025.61
21023.64 21025.11
21023.64 21025.11
21023.66 21025.34
21023.66 21025.34
21023.13 21024.63
21023.13 21024.63
21023.13 21024.63
21023.66 21025.34
21024.88 21026.38
21024.88 21026.38
21024.64 21026.11
21024.64 21026.11
21024.64 21026.11
21024.63 21026.12
21024.63 21026.12
21024.64 21026.11
21024.64 21026.11
21024.41 21026.10
21024.41 21026.10
21024.37 21025.88
21024.37 21025.88
21024.15 21025.85
21023.88 21025.37
21023.88 21025.37
21024.13 21025.63
21024.13 21025.63
21024.62 21026.13
21024.62 21026.13
21024.39 21025.86
21024.16 21025.85
21024.16 21025.85
21023.39 21024.86
21023.63 21025.12
21023.63 21025.12
21024.14 21025.86
21024.39 21026.11
21024.39 21026.11
21024.39 21026.11
21024.39 21026.11
21024.90 21026.60
21024.90 21026.60
21024.64 21026.11
21024.64 21026.11
21024.64 21026.36
21024.64 21026.36
21024.89 21026.36
21024.89 21026.36
21025.37 21026.88
21025.15 21026.86
21025.15 21026.86
21025.14 21026.86
21025.14 21026.86
21025.67 21026.84
21025.67 21026.84
21025.67 21026.84
21025.39 21026.86
21025.39 21026.86
21021.89 21023.36
21021.89 21023.36
21022.39 21023.86
21022.89 21024.36
21022.89 21024.36
21022.65 21024.35
21023.12 21024.63
21023.12 21024.63
21022.62 21024.13
21022.62 21024.13
21022.66 21023.84
21022.66 21023.84
21022.14 21023.86
21022.14 21023.86
21021.91 21023.59
21021.90 21023.61
21021.90 21023.61
21022.13 21023.62
21021.16 21022.85
21021.16 21022.85
21021.39 21023.11
21021.39 21023.11
21021.39 21022.86
21021.39 21022.86
21022.40 21024.11
21022.40 21024.11
21022.64 21024.11
21022.40 21024.10
21022.40 21024.10
21021.89 21023.36
21021.65 21023.35
21021.65 21023.35
21021.65 21023.35
21021.91 21023.60
21021.91 21023.60
21022.14 21023.86
21022.40 21024.10
21022.40 21024.10
21022.46 21024.29
21022.46 21024.29
21021.89 21023.36
21022.63 21024.12
21022.63 21024.12
21022.88 21024.37
21022.88 21024.37
21024.41 21026.09
21024.73 21026.53
21024.73 21026.53
21024.90 21026.61
21024.90 21026.61
21026.18 21027.33
21025.64 21027.11
21025.64 21027.11
21025.63 21027.13
21025.63 21027.13
21025.64 21027.11
21025.64 21027.11
21025.64 21027.11
21025.64 21027.11
21025.64 21027.11
21025.64 21027.11
21025.65 21027.35
21024.64 21026.11
21024.64 21026.11
21024.64 21026.11
21024.64 21026.11
21024.16 21025.85
21024.16 21025.85
21024.16 21025.85
21024.38 21025.87
21024.38 21025.87
21024.65 21026.35
21025.13 21026.62
21025.13 21026.62
21024.89 21026.36
21024.89 21026.36
21024.66 21026.35
21024.66 21026.35
21024.40 21026.11
21024.40 21026.11
21024.65 21026.36
21024.65 21026.36
21024.39 21026.11
21023.89 21025.36
21023.89 21025.36
21024.39 21026.11
21024.39 21026.11
21024.64 21026.11
21024.64 21026.11
21024.63 21026.12
21024.63 21026.12
21024.63 21026.12
21024.63 21026.12
21024.65 21026.35
21024.65 21026.35
21024.65 21026.35
