21011.17 21012.34
21011.17 21012.34
21010.87 21012.38
21010.89 21012.36
21010.89 21012.36
21009.88 21011.37
21009.88 21011.37
21009.92 21011.08
21011.17 21012.33
21011.17 21012.33
21010.88 21012.37
21011.38 21012.87
21011.38 21012.87
21012.41 21014.10
21012.41 21014.10
21013.91 21015.10
21013.91 21015.09
21013.91 21015.09
21013.64 21015.11
21013.64 21015.11
21013.64 21015.11
21013.88 21015.37
21013.88 21015.37
21013.38 21014.87
21015.41 21016.59
21015.41 21016.59
21015.37 21016.88
21015.38 21016.87
21015.38 21016.87
21015.66 21016.85
21015.66 21016.85
21016.64 21018.11
21016.64 21018.11
21016.64 21018.11
21016.64 21018.11
21016.41 21017.59
21016.41 21017.59
21014.63 21016.12
21014.63 21016.12
21014.41 21015.59
21014.40 21016.11
21014.40 21016.11
21013.91 21015.09
21013.63 21015.12
21013.63 21015.12
21012.13 21013.62
21012.13 21013.62
21013.17 21014.33
21013.17 21014.33
21015.63 21017.12
21013.17 21014.34
21013.17 21014.34
21012.39 21013.86
21012.39 21013.86
21012.39 21013.86
21012.16 21013.34
21013.91 21015.09
21013.91 21015.09
21013.13 21014.62
21013.13 21014.62
21013.13 21014.62
21013.13 21014.62
21013.17 21014.33
21013.17 21014.33
21013.17 21014.33
21012.62 21014.13
21011.41 21012.59
21011.41 21012.59
21011.42 21012.58
21011.42 21012.58
21013.41 21014.59
21013.41 21014.59
21013.38 21014.87
21013.13 21014.62
21013.13 21014.62
21013.16 21014.34
21013.89 21015.36
21013.89 21015.36
21013.89 21015.36
21013.13 21014.62
21012.17 21013.34
21012.17 21013.34
21012.91 21014.09
21012.88 21014.37
21012.88 21014.37
21012.92 21014.08
21012.92 21014.08
21011.91 21013.09
21011.91 21013.09
21011.91 21013.09
21012.17 21013.34
21011.88 21013.37
21011.88 21013.37
21011.88 21013.37
21011.39 21012.86
21011.16 21012.34
21011.16 21012.34
21011.38 21012.87
21011.38 21012.87
21011.14 21012.61
21011.63 21013.12
21011.63 21013.12
21011.41 21012.59
21011.41 21012.59
21011.67 21012.83
21011.67 21012.83
21011.39 21012.86
21011.39 21012.86
21011.39 21012.86
21011.39 21012.86
21011.39 21012.86
21011.63 21013.12
21011.63 21013.12
21011.92 21013.08
21011.92 21013.08
21010.17 21011.33
21010.17 21011.33
21010.17 21011.33
21010.67 21011.83
21010.88 21012.37
21010.88 21012.37
21010.91 21012.10
21010.91 21012.10
21011.17 21012.33
21011.17 21012.33
21011.64 21013.11
21011.64 21013.11
21013.42 21014.59
21013.42 21014.59
21013.42 21014.59
21012.14 21013.61
21012.14 21013.61
21011.63 21013.12
21010.37 21011.88
21010.37 21011.88
21010.38 21011.87
21011.67 21012.83
21011.67 21012.83
21012.17 21013.33
21012.17 21013.33
21012.39 21013.86
21012.41 21013.59
21012.41 21013.59
21012.42 21013.58
21012.42 21013.58
21010.66 21011.85
21010.66 21011.85
21010.66 21011.85
21010.88 21012.37
21010.88 21012.37
21010.88 21012.37
21010.87 21012.38
21010.89 21012.36
21010.89 21012.36
21011.42 21012.58
21011.42 21012.58
21011.16 21012.35
21011.16 21012.35
21011.37 21012.88
21013.41 21014.59
21013.41 21014.59
21012.88 21014.37
21012.88 21014.37
21012.13 21013.62
21012.13 21013.62
21011.92 21013.08
21011.92 21013.08
21012.16 21013.34
21012.16 21013.34
21011.41 21012.59
21011.41 21012.59
21012.56 21013.19
21012.56 21013.19
21012.56 21013.19
21012.56 21013.19
21012.64 21014.11
21010.89 21012.36
21010.89 21012.36
21011.17 21012.34
21011.17 21012.34
21011.38 21012.87
21011.38 21012.87
21009.88 21011.37
21009.88 21011.37
21009.91 21011.09
21009.91 21011.09
21008.67 21009.83
21008.67 21009.83
21008.13 21009.62
21009.42 21010.58
21009.42 21010.58
21008.91 21010.59
21007.89 21009.36
21007.89 21009.36
21008.88 21010.37
21008.14 21009.61
21008.14 21009.61
21008.56 21009.19
21008.56 21009.19
21007.92 21009.08
21007.92 21009.08
21006.41 21007.59
21006.41 21007.59
21006.63 21008.12
21006.63 21008.12
21005.38 21006.87
21004.62 21006.13
21004.62 21006.13
21005.64 21007.11
21005.64 21007.11
21006.16 21007.34
21005.39 21006.86
21005.39 21006.86
21008.67 21009.83
21008.41 21009.59
21008.41 21009.59
21008.17 21009.33
21008.17 21009.33
21007.88 21009.37
21007.88 21009.37
21008.66 21009.84
21008.88 21010.37
21008.88 21010.37
21008.88 21010.37
21008.88 21010.37
21007.63 21009.12
21007.63 21009.12
21007.92 21009.08
21007.92 21009.08
21008.05 21008.70
21008.05 21008.70
21007.42 21008.59
21005.39 21006.86
21005.39 21006.86
21005.63 21007.12
21005.88 21007.37
21005.88 21007.37
21007.91 21009.09
21007.91 21009.09
21006.38 21007.87
21006.92 21008.08
21006.92 21008.08
21006.92 21008.08
21007.17 21008.33
21007.17 21008.33
21006.38 21007.87
21006.38 21007.87
21005.88 21007.37
21005.88 21007.37
21005.66 21006.84
21003.88 21005.37
21003.88 21005.37
21005.67 21006.84
21005.88 21007.37
21005.88 21007.37
21005.89 21007.36
21005.89 21007.36
21005.66 21006.84
21006.06 21006.69
21006.06 21006.69
21007.17 21008.33
21007.66 21008.85
21007.66 21008.85
21009.81 21010.44
21010.06 21010.69
21010.06 21010.69
21008.87 21010.38
21008.67 21009.83
21008.67 21009.83
21008.64 21010.11
21008.64 21010.11
21008.64 21010.11
21008.64 21010.11
21008.89 21010.36
21008.89 21010.36
21007.63 21009.12
21007.63 21009.12
21007.91 21009.09
21007.91 21009.09
21006.88 21008.37
21006.92 21008.08
21006.92 21008.08
21006.63 21008.12
21006.63 21008.12
21006.92 21008.08
21006.92 21008.08
21007.63 21009.12
21007.16 21008.34
21007.16 21008.34
21006.89 21008.36
21006.89 21008.36
21006.89 21008.36
21006.89 21008.36
21006.81 21007.44
21006.81 21007.44
21006.81 21007.44
21005.66 21006.84
21005.66 21006.84
21005.66 21006.84
21005.89 21007.36
21007.16 21008.34
21007.16 21008.34
21006.39 21007.86
21006.41 21007.59
21006.41 21007.59
