20714.91 20716.60
20714.91 20716.60
20715.03 20716.97
20715.03 20716.97
20717.22 20719.03
20717.22 20719.03
20716.96 20718.79
20716.96 20718.79
20717.40 20719.10
20717.39 20719.11
20717.39 20719.11
20717.23 20719.03
20717.15 20718.86
20717.15 20718.86
20717.15 20718.86
20717.23 20719.03
20717.23 20719.03
20717.21 20719.04
20718.22 20720.03
20718.22 20720.03
20716.91 20718.60
20716.91 20718.60
20720.47 20722.28
20720.47 20722.28
20719.41 20721.10
20721.40 20723.10
20721.40 20723.10
20720.47 20722.28
20720.47 20722.28
20721.15 20722.85
20719.73 20721.53
20719.73 20721.53
20719.22 20721.03
20719.15 20720.86
20719.15 20720.86
20718.73 20720.53
20718.73 20720.53
20718.97 20720.78
20719.78 20721.72
20719.78 20721.72
20719.97 20721.78
20718.78 20720.72
20718.78 20720.72
20718.78 20720.72
20718.78 20720.72
20718.78 20720.72
20718.66 20720.34
20718.48 20720.28
20717.97 20719.78
20717.97 20719.78
20717.22 20719.03
20717.22 20719.03
20717.16 20718.85
20718.78 20720.73
20718.78 20720.73
20718.65 20720.35
20717.78 20719.72
20717.78 20719.72
20718.28 20720.23
20718.53 20720.47
20718.53 20720.47
20719.21 20721.04
20718.66 20720.35
20718.66 20720.35
20718.72 20720.53
20718.72 20720.53
20718.23 20720.03
20718.23 20720.03
20717.96 20719.79
20717.96 20719.79
20718.91 20720.59
20718.91 20720.59
20721.13 20722.62
20721.13 20722.62
20721.13 20722.62
20721.41 20723.09
20721.41 20723.09
20721.22 20723.03
20722.73 20724.53
20722.73 20724.53
20723.47 20725.28
20723.47 20725.28
20723.62 20725.13
20723.62 20725.13
20722.48 20724.28
20722.48 20724.28
20718.64 20720.11
20718.64 20720.11
20721.72 20723.53
20721.72 20723.53
20720.65 20722.35
20720.65 20722.35
20720.23 20722.03
20720.23 20722.03
20719.96 20721.79
20720.08 20722.17
20720.08 20722.17
20721.90 20723.61
20721.90 20723.61
20722.15 20723.85
20722.15 20723.85
20722.41 20724.09
20723.46 20725.29
20723.46 20725.29
20722.90 20724.61
20722.90 20724.61
20724.14 20725.86
20724.14 20725.86
20724.16 20725.85
20724.16 20725.85
20725.03 20726.98
20725.03 20726.98
20725.15 20726.85
20725.15 20726.85
20724.90 20726.60
20724.90 20726.60
20725.03 20726.98
20725.03 20726.98
20726.05 20726.70
20726.05 20726.70
20723.14 20724.61
20723.14 20724.61
20722.15 20723.86
20722.15 20723.86
20719.73 20721.53
20718.73 20720.53
20718.73 20720.53
20720.97 20722.78
20720.13 20722.37
20720.13 20722.37
20720.22 20722.03
20720.22 20722.03
20720.22 20722.03
20721.21 20723.04
20720.16 20721.85
20720.16 20721.85
20721.37 20722.88
20721.37 20722.88
20721.39 20722.86
20721.39 20722.86
20721.39 20722.86
20721.78 20723.72
20721.78 20723.72
20722.41 20724.09
20722.41 20724.09
20721.65 20723.35
20721.65 20723.35
20722.15 20723.86
20721.47 20723.28
20721.47 20723.28
20721.48 20723.28
20721.48 20723.28
20721.39 20722.86
20721.39 20722.86
20722.41 20724.09
20722.41 20724.09
20722.22 20724.03
20722.22 20724.03
20722.41 20724.10
20722.41 20724.10
20722.28 20724.22
20722.22 20724.03
20722.22 20724.03
20721.66 20723.35
20720.46 20722.29
20720.46 20722.29
20720.46 20722.29
20721.03 20722.98
20721.03 20722.98
20723.15 20724.85
20722.48 20724.28
20722.48 20724.28
20723.40 20725.10
20723.40 20725.10
20723.48 20725.28
20728.97 20730.78
20728.97 20730.78
20727.15 20728.85
20727.15 20728.85
20727.15 20728.85
20726.16 20727.84
20726.16 20727.85
20726.16 20727.85
20726.41 20728.10
20726.41 20728.10
20726.46 20728.29
20727.22 20729.03
20727.22 20729.03
20727.22 20729.03
20727.63 20729.12
20727.63 20729.12
20727.63 20729.12
20727.63 20729.12
20726.71 20728.54
20726.47 20728.28
20726.47 20728.28
20726.47 20728.28
20726.47 20728.28
20725.72 20727.53
20725.72 20727.53
20727.15 20728.85
20727.15 20728.85
20727.66 20729.34
20727.66 20729.34
20727.48 20729.28
20727.48 20729.28
20727.89 20729.36
20727.89 20729.36
20726.97 20728.78
20727.48 20729.28
20727.48 20729.28
20726.47 20728.28
20726.47 20728.28
20726.47 20728.28
20726.96 20728.79
20724.47 20726.28
20724.47 20726.28
20723.63 20725.12
20723.63 20725.12
20722.66 20724.35
20722.66 20724.35
20722.47 20724.28
20722.47 20724.28
20722.73 20724.53
20722.73 20724.53
20722.72 20724.53
20722.72 20724.53
20723.03 20724.97
20723.03 20724.97
20725.14 20726.86
20724.78 20726.72
20724.78 20726.72
20724.28 20726.23
20724.28 20726.23
20724.46 20726.29
20724.46 20726.29
20724.28 20726.22
20720.98 20722.78
20720.98 20722.78
20720.66 20722.35
20720.39 20722.11
20720.39 20722.11
20721.03 20722.97
20722.41 20724.09
20722.41 20724.09
20721.72 20723.53
20721.72 20723.53
20722.40 20724.10
20722.40 20724.10
20722.40 20724.10
20722.40 20724.10
20721.63 20723.12
20721.63 20723.12
20720.28 20722.22
20719.91 20721.59
20717.71 20719.54
20717.71 20719.54
20717.14 20718.86
20717.14 20718.86
20717.41 20719.10
20719.91 20721.59
20719.91 20721.59
20720.13 20721.62
20720.13 20721.62
20722.23 20724.03
20722.23 20724.03
20722.65 20724.35
20722.65 20724.35
20721.72 20723.53
20721.88 20723.38
20721.88 20723.38
20720.96 20722.79
20722.88 20724.38
20722.88 20724.38
20721.97 20723.78
20721.97 20723.78
20722.48 20724.28
20722.48 20724.28
20722.48 20724.28
20722.48 20724.28
20721.38 20723.62
20721.38 20723.62
20721.38 20723.62
20720.22 20722.03
20720.22 20722.03
20722.64 20724.11
20722.64 20724.11
20722.46 20724.29
20723.21 20725.04
20723.21 20725.04
20721.97 20723.78
20721.97 20723.78
20721.97 20723.78
20721.97 20723.78
20721.73 20723.53
20721.73 20723.53
20721.73 20723.53
20720.48 20722.28
20720.48 20722.28
20719.48 20721.28
20719.48 20721.28
20720.65 20722.35
20719.41 20721.10
20719.41 20721.10
20720.71 20722.54
20720.71 20722.54
20721.97 20723.78
20721.97 20723.78
20721.78 20723.72
20721.78 20723.72
20722.13 20723.63
20722.13 20723.63
20722.23 20724.03
20722.23 20724.03
20722.21 20724.04
20722.21 20724.04
20722.28 20724.22
20723.46 20725.29
20723.46 20725.29
20723.46 20725.29
20723.46 20725.29
20723.88 20725.38
20723.88 20725.38
20723.23 20725.03
20722.72 20724.53
20722.72 20724.53
20723.14 20724.86
20723.14 20724.86
20723.14 20724.86
20722.98 20724.78
20722.98 20724.78
20722.98 20724.78
20722.98 20724.78
20723.71 20725.54
20723.71 20725.54
20723.72 20725.53
20723.72 20725.53
20722.78 20724.73
20722.78 20724.73
20722.91 20724.60
20722.91 20724.60
20723.23 20725.03
20723.23 20725.03
20722.65 20724.36
20722.22 20724.03
20722.22 20724.03
20722.90 20724.60
20722.90 20724.60
20723.38 20724.87
20724.58 20726.67
20724.58 20726.67
20724.98 20726.78
20724.98 20726.78
20725.03 20726.98
20725.03 20726.98
20724.91 20726.59
20724.91 20726.59
20724.72 20726.53
20724.72 20726.53
20726.28 20728.23
20726.28 20728.23
20723.98 20725.78
20726.03 20727.98
20726.03 20727.98
20725.71 20727.54
20725.71 20727.54
20725.65 20727.36
20725.83 20727.92
20725.83 20727.92
20726.21 20728.04
20726.21 20728.04
20726.13 20727.62
20726.13 20727.62
20726.13 20727.62
20725.40 20727.10
20725.40 20727.10
20725.40 20727.11
20724.72 20726.53
20724.72 20726.53
20724.03 20725.97
20724.03 20725.97
20724.40 20726.10
20724.40 20726.10
20724.23 20726.03
20724.14 20725.86
20724.14 20725.86
20724.14 20725.86
20724.40 20726.11
20724.40 20726.11
20724.14 20725.86
20725.22 20727.03
20725.22 20727.03
20723.16 20724.84
20723.16 20724.85
20723.16 20724.85
20722.41 20724.09
20722.41 20724.09
20722.40 20724.11
20722.40 20724.11
20722.38 20723.87
20721.47 20723.28
20721.47 20723.28
20721.47 20723.28
20720.89 20722.61
20720.89 20722.61
20722.96 20724.79
20722.71 20724.54
20722.71 20724.54
20722.71 20724.54
20722.71 20724.54
20722.97 20724.78
20722.72 20724.53
20722.72 20724.53
20721.66 20723.34
20721.66 20723.34
20722.48 20724.28
20723.98 20725.78
20723.98 20725.78
20723.66 20725.34
20723.66 20725.34
20723.65 20725.35
20723.65 20725.35
20723.41 20725.10
20723.41 20725.10
20723.41 20725.10
20723.65 20725.36
20723.65 20725.36
20724.64 20726.36
20724.64 20726.36
20724.28 20726.22
20724.28 20726.22
20723.39 20725.11
20723.39 20725.11
20723.39 20724.86
20723.39 20724.86
20722.64 20724.11
20722.64 20724.11
20723.16 20724.34
20723.16 20724.34
20723.13 20724.63
20723.13 20724.63
20723.40 20725.11
20723.23 20725.03
20723.23 20725.03
20723.48 20725.28
20723.48 20725.28
20719.62 20721.13
20719.62 20721.13
20719.41 20721.09
20719.41 20721.09
20717.22 20719.03
20717.22 20719.03
20717.06 20717.69
20717.06 20717.69
20715.78 20717.72
20716.15 20717.86
20716.15 20717.86
20717.21 20719.04
20717.21 20719.04
20717.40 20719.10
20717.40 20719.10
20717.66 20719.35
20717.66 20719.35
20716.41 20718.09
20716.41 20718.09
20717.03 20718.98
20716.15 20717.86
20716.15 20717.86
20715.66 20717.34
20715.66 20717.34
20716.12 20717.63
20716.12 20717.63
20717.63 20719.13
20717.65 20719.36
20717.65 20719.36
20717.14 20718.61
20716.16 20717.84
20716.16 20717.84
20714.89 20716.36
20714.89 20716.36
20713.88 20715.38
20713.14 20714.61
20713.14 20714.61
20715.16 20716.34
20715.16 20716.34
20715.16 20716.34
20714.65 20716.35
20714.13 20715.62
20714.14 20715.61
20714.14 20715.61
20714.39 20715.86
20714.39 20715.86
20713.88 20715.38
20711.91 20713.59
20711.91 20713.59
20710.66 20712.35
20710.63 20712.13
20710.63 20712.13
20710.67 20711.84
20710.67 20711.84
20709.88 20711.38
20709.88 20711.38
20709.98 20711.78
20709.98 20711.78
20709.92 20711.08
20709.38 20710.88
20709.38 20710.88
20709.98 20711.78
20709.98 20711.78
20710.15 20711.86
20710.15 20711.86
20710.39 20711.86
20710.39 20711.86
20708.41 20710.09
20708.91 20710.09
20708.91 20710.09
20708.40 20710.11
20708.40 20710.11
20710.42 20711.58
20710.13 20711.63
20710.13 20711.63
20711.16 20712.85
20711.66 20712.85
20711.66 20712.85
20711.91 20713.09
20711.91 20713.09
20711.40 20713.10
20711.64 20713.11
20711.64 20713.11
20711.65 20713.36
20711.65 20713.36
20711.66 20712.84
20711.66 20712.84
20711.67 20712.83
20711.16 20712.34
20711.16 20712.34
20711.48 20713.28
20710.46 20712.29
20710.46 20712.29
20712.65 20714.35
20712.65 20714.35
20713.14 20714.86
20713.14 20714.86
20713.41 20714.59
20713.41 20714.59
20712.93 20714.08
20711.91 20713.09
20711.91 20713.09
20710.15 20711.85
20710.15 20711.85
20710.41 20712.09
20710.13 20711.62
20710.13 20711.62
20709.66 20711.35
20709.66 20711.35
20709.46 20711.29
20709.13 20710.63
20709.13 20710.63
20710.41 20711.59
20710.41 20711.59
20710.41 20711.59
20710.41 20711.59
20710.41 20711.59
20709.92 20711.08
20709.65 20711.35
20709.65 20711.35
20710.16 20711.34
20709.63 20711.13
20709.63 20711.13
20710.14 20711.86
20709.41 20711.09
20709.41 20711.09
20712.39 20714.11
20712.73 20714.53
20712.73 20714.53
20712.73 20714.53
20711.40 20713.10
20711.88 20713.37
20711.88 20713.37
20712.97 20714.78
20713.89 20715.61
20713.89 20715.61
20713.39 20715.11
20712.15 20713.86
20712.15 20713.86
20713.87 20715.38
20713.89 20715.36
20713.89 20715.36
20715.39 20716.86
20715.39 20716.86
20714.64 20716.36
20714.64 20716.36
20714.90 20716.61
20714.90 20716.61
20713.39 20714.86
20713.39 20714.86
20713.62 20715.13
20713.62 20715.13
20713.39 20714.86
20713.39 20714.86
20714.23 20716.03
20714.23 20716.03
20714.92 20716.08
20720.40 20722.11
20720.40 20722.11
20720.23 20722.03
20718.88 20720.38
20718.88 20720.38
20718.38 20719.88
20718.38 20719.88
20718.41 20720.10
20718.41 20720.10
20718.40 20720.11
20718.41 20720.09
20718.41 20720.09
20719.64 20721.11
20718.66 20720.34
20718.66 20720.34
20717.89 20719.61
20717.89 20719.61
20718.21 20720.04
20717.89 20719.61
20717.89 20719.61
20717.37 20718.88
