20877.38 20878.88
20877.38 20878.88
20877.67 20878.83
20877.67 20878.83
20878.63 20880.12
20878.41 20879.59
20878.41 20879.59
20878.37 20879.88
20876.92 20878.09
20876.92 20878.09
20876.92 20878.08
20877.89 20879.36
20877.89 20879.36
20877.89 20879.36
20877.89 20879.36
20877.89 20879.36
20878.37 20879.88
20878.37 20879.88
20878.91 20880.09
20880.63 20882.13
20880.63 20882.13
20881.13 20882.62
20879.39 20880.86
20879.39 20880.86
20878.91 20880.09
20878.64 20880.11
20878.64 20880.11
20880.17 20881.33
20879.17 20880.34
20879.17 20880.34
20880.15 20881.35
20880.64 20882.11
20880.64 20882.11
20880.13 20881.63
20881.13 20882.62
20881.13 20882.62
20883.16 20884.34
20883.16 20884.34
20877.12 20878.63
20880.38 20881.88
20880.38 20881.88
20880.39 20881.86
20881.63 20883.12
20880.16 20881.34
20880.16 20881.34
20879.62 20881.13
20879.62 20881.13
20880.13 20881.62
20880.56 20881.19
20880.56 20881.19
20879.64 20881.11
20880.92 20882.09
20880.92 20882.09
20880.16 20881.34
20880.17 20881.33
20880.17 20881.33
20879.88 20881.37
20879.67 20880.84
20879.67 20880.84
20879.92 20881.08
20879.81 20880.44
20879.81 20880.44
20879.64 20881.11
20880.67 20881.83
20880.67 20881.83
20881.37 20882.88
20881.65 20882.85
20881.65 20882.85
20882.39 20883.86
20883.90 20885.10
20883.90 20885.10
20882.12 20883.63
20883.39 20884.86
20883.39 20884.86
20883.63 20885.12
20884.42 20885.58
20884.42 20885.58
20884.12 20885.63
20883.40 20884.60
20883.40 20884.60
20883.42 20884.58
20884.14 20885.61
20884.14 20885.61
20885.13 20886.63
20883.87 20885.38
20883.87 20885.38
20884.90 20886.61
20882.66 20883.84
20882.66 20883.84
20884.91 20886.09
20884.92 20886.09
20884.92 20886.09
20884.38 20885.88
20884.14 20885.61
20884.14 20885.61
20885.13 20886.63
20883.87 20885.38
20883.87 20885.38
20882.39 20883.86
20882.39 20883.86
20885.38 20886.87
20886.17 20887.33
20886.17 20887.33
20886.17 20887.33
20885.41 20886.59
20885.41 20886.59
20884.38 20885.87
20881.88 20883.38
20881.88 20883.38
20883.66 20884.84
20884.13 20885.63
20884.13 20885.63
20885.67 20886.83
20885.67 20886.83
20885.39 20886.86
20886.65 20887.85
20886.56 20887.19
20886.56 20887.19
20886.38 20887.87
20885.42 20886.58
20885.42 20886.58
20883.14 20884.61
20883.14 20884.61
20883.42 20884.59
20885.66 20886.85
20885.66 20886.85
20884.92 20886.08
20885.41 20886.59
20885.41 20886.59
20884.06 20884.69
20883.17 20884.34
20883.17 20884.34
20882.66 20883.84
20885.15 20886.35
20885.15 20886.35
20885.13 20886.62
20885.13 20886.62
20888.68 20889.83
20887.13 20888.62
20887.13 20888.62
20888.81 20889.44
20888.92 20890.09
20888.92 20890.09
20888.38 20889.87
20888.17 20889.34
20888.17 20889.34
20887.91 20889.09
20885.63 20887.13
20885.63 20887.13
20886.17 20887.33
20887.17 20888.33
20887.17 20888.33
20889.91 20891.10
20889.91 20891.10
20891.06 20891.69
20890.92 20892.08
20890.92 20892.08
20891.92 20893.09
20891.92 20893.09
20891.92 20893.09
20892.41 20893.59
20891.62 20893.13
20891.62 20893.13
20890.66 20891.85
20891.41 20892.59
20891.41 20892.59
20891.17 20892.33
20890.13 20891.62
20890.13 20891.62
20889.64 20891.11
20887.88 20889.38
20887.88 20889.38
20887.89 20889.36
20886.88 20888.38
20886.88 20888.38
20887.40 20888.60
20887.40 20888.60
20890.64 20892.11
20890.16 20891.35
20890.16 20891.35
20888.88 20890.37
20888.88 20890.37
20888.12 20889.63
20888.42 20889.58
20888.42 20889.58
20888.39 20889.86
20888.38 20889.88
20888.38 20889.88
20888.62 20890.13
20888.62 20890.13
20887.39 20888.86
20887.38 20888.88
20887.38 20888.88
20890.42 20891.58
20889.89 20891.36
20889.89 20891.36
20888.91 20890.09
20890.38 20891.87
20890.38 20891.87
20890.63 20892.12
20889.40 20890.60
20889.40 20890.60
20888.64 20890.11
20888.64 20890.11
20888.66 20889.84
20888.88 20890.38
20888.88 20890.38
20888.66 20889.84
20887.89 20889.36
20887.89 20889.36
20887.13 20888.62
20887.13 20888.62
20887.62 20889.13
20888.63 20890.13
20888.63 20890.13
20889.14 20890.61
20889.14 20890.61
20888.89 20890.36
20889.06 20889.69
20889.06 20889.69
20889.42 20890.59
20889.42 20890.59
20890.13 20891.63
20890.42 20891.59
20890.42 20891.59
20890.67 20891.84
20890.67 20891.84
20890.17 20891.34
20890.12 20891.63
20890.12 20891.63
20893.06 20893.69
20894.13 20895.63
20894.13 20895.63
20892.88 20894.38
20894.15 20895.35
20894.15 20895.35
20894.67 20895.83
20893.92 20895.08
20893.92 20895.08
20893.88 20895.37
20893.38 20894.88
20893.38 20894.88
20892.62 20894.13
20891.67 20892.83
20891.67 20892.83
20891.81 20892.44
20891.64 20893.11
20891.64 20893.11
20892.41 20893.59
20893.37 20894.88
20893.37 20894.88
20892.88 20894.38
20892.64 20894.11
20892.64 20894.11
20892.63 20894.12
20892.41 20893.59
20892.41 20893.59
20892.67 20893.83
20893.91 20895.09
20893.91 20895.09
20893.65 20894.85
20895.38 20896.88
20895.38 20896.88
20894.13 20895.62
20894.13 20895.62
20895.63 20897.12
20895.39 20896.86
20895.39 20896.86
20895.16 20896.34
20894.37 20895.88
20894.37 20895.88
20893.63 20895.13
20892.88 20894.37
20892.88 20894.37
20893.14 20894.61
20893.14 20894.61
20893.42 20894.58
20893.42 20894.58
20895.56 20896.19
20894.63 20896.13
20894.63 20896.13
20893.42 20894.58
20893.42 20894.58
20892.41 20893.59
20892.41 20893.59
20892.38 20893.87
20892.38 20893.87
20893.91 20895.09
20893.91 20895.09
20894.16 20895.34
20894.16 20895.34
20894.39 20895.86
20894.65 20895.85
20894.65 20895.85
20893.66 20894.84
20893.66 20894.84
20892.88 20894.38
20892.38 20893.87
20892.38 20893.87
20892.37 20893.88
20893.41 20894.59
20893.41 20894.59
20893.42 20894.59
20893.91 20895.09
20893.91 20895.09
20894.17 20895.33
20894.17 20895.33
20894.88 20896.37
20895.40 20896.60
20895.40 20896.60
20896.41 20897.59
20896.92 20898.08
20896.41 20897.59
20896.41 20897.59
20897.81 20898.44
20897.81 20898.44
20897.91 20899.09
20897.91 20899.09
20897.91 20899.09
20897.66 20898.85
20897.66 20898.85
20896.38 20897.87
20896.92 20898.08
20896.92 20898.08
20895.64 20897.11
20894.66 20895.84
20892.63 20894.13
20892.63 20894.13
20892.43 20893.58
20892.40 20893.60
20892.40 20893.60
20893.65 20894.85
20895.63 20897.12
20895.63 20897.12
20897.41 20898.59
20897.41 20898.59
20897.67 20898.84
20898.38 20899.88
20898.38 20899.88
20898.66 20899.84
20898.13 20899.63
20898.13 20899.63
20900.30 20900.95
20899.91 20901.09
20899.91 20901.09
20901.16 20902.34
20901.90 20903.10
20901.90 20903.10
20899.92 20901.08
20899.92 20901.08
20897.89 20899.36
20898.92 20900.08
20898.92 20900.08
20899.15 20900.35
20897.67 20898.84
20897.67 20898.84
20895.16 20896.35
20895.13 20896.62
20895.13 20896.62
20896.67 20897.83
20896.67 20897.83
20897.92 20899.09
20897.81 20898.44
20897.81 20898.44
20897.17 20898.33
20897.17 20898.33
20895.66 20896.84
20896.66 20897.84
20896.66 20897.84
20895.13 20896.62
20894.92 20896.09
20894.92 20896.09
20893.87 20895.38
20894.14 20895.61
20894.14 20895.61
20893.38 20894.87
20891.88 20893.37
20891.88 20893.37
20889.88 20891.37
20889.90 20891.10
20889.90 20891.10
20886.16 20887.35
20887.39 20888.86
20887.39 20888.86
20886.67 20887.84
20887.16 20888.34
20887.16 20888.34
20886.41 20887.59
20886.15 20887.35
20886.15 20887.35
20885.43 20886.58
20883.67 20884.84
20883.67 20884.84
20882.67 20883.83
20883.38 20884.87
20883.38 20884.87
20881.66 20882.84
20880.16 20881.34
20880.16 20881.34
20880.17 20881.34
20880.55 20881.20
20880.55 20881.20
20880.92 20882.09
20881.41 20882.59
20881.41 20882.59
20880.93 20882.08
20881.68 20882.83
20881.68 20882.83
20882.88 20884.37
20884.65 20885.85
20884.65 20885.85
20884.17 20885.33
20884.17 20885.33
20883.66 20884.84
20883.16 20884.34
20883.16 20884.34
20883.38 20884.87
20884.66 20885.84
20884.66 20885.84
20884.42 20885.59
20883.67 20884.83
20883.67 20884.83
20883.13 20884.62
20883.38 20884.87
20883.38 20884.87
20880.92 20882.08
20880.87 20882.38
20880.87 20882.38
20880.66 20881.84
20880.66 20881.84
20878.42 20879.58
20877.87 20879.38
20878.40 20879.60
20878.40 20879.60
20878.42 20879.58
20878.42 20879.58
20878.15 20879.35
20876.40 20877.60
20876.40 20877.60
20878.37 20879.88
20877.92 20879.08
20877.92 20879.08
20878.17 20879.33
20877.56 20878.19
20877.56 20878.19
20878.40 20879.60
20877.65 20878.85
20877.65 20878.85
20877.13 20878.62
20877.13 20878.62
20876.91 20878.09
20876.90 20878.10
20874.17 20875.33
20874.17 20875.33
20872.93 20874.08
20872.93 20874.08
20871.67 20872.83
20870.14 20871.61
20870.14 20871.61
20871.17 20872.33
20872.67 20873.83
20872.67 20873.83
20873.37 20874.88
20873.37 20874.88
20873.89 20875.36
20873.65 20874.85
20873.65 20874.85
20872.67 20873.83
20872.62 20874.13
20872.62 20874.13
20872.81 20873.45
20872.81 20873.45
20873.16 20874.34
20871.66 20872.85
20871.66 20872.85
20872.43 20873.58
20877.17 20878.33
20877.17 20878.33
20877.92 20879.08
20878.16 20879.34
20878.17 20879.33
20878.17 20879.33
20877.18 20878.33
20877.41 20878.59
20877.41 20878.59
20876.91 20878.09
20876.91 20878.09
20877.38 20878.87
20875.87 20877.38
20875.87 20877.38
20874.42 20875.59
20875.63 20877.12
20875.63 20877.12
20875.88 20877.37
20876.90 20878.10
20876.90 20878.10
20878.17 20879.33
20879.67 20880.83
20879.67 20880.83
20879.12 20880.63
20879.92 20881.08
20879.92 20881.08
20879.17 20880.34
20876.63 20878.12
20876.63 20878.12
20878.16 20879.34
20876.88 20878.37
20876.88 20878.37
20878.37 20879.88
20878.37 20879.88
20876.14 20877.61
20874.90 20876.10
20874.90 20876.10
20875.89 20877.36
20875.89 20877.36
20875.88 20877.37
20875.62 20877.13
20875.62 20877.13
20876.63 20878.12
20876.92 20878.08
20876.92 20878.08
20876.88 20878.37
20877.39 20878.86
20877.39 20878.86
20877.38 20878.87
20877.88 20879.38
20877.88 20879.38
20877.64 20879.11
20877.12 20878.63
20877.12 20878.63
20877.67 20878.83
20877.42 20878.58
20877.42 20878.58
20877.88 20879.37
20878.38 20879.87
20878.38 20879.87
20877.14 20878.61
20877.14 20878.61
20876.63 20878.12
20878.13 20879.62
20878.13 20879.62
20878.67 20879.83
20878.63 20880.12
20878.63 20880.12
20877.63 20879.12
20877.88 20879.37
20877.88 20879.37
20877.62 20879.13
20877.62 20879.13
20878.66 20879.84
20877.88 20879.37
20877.88 20879.37
20879.12 20880.63
20878.63 20880.13
20878.63 20880.13
20878.87 20880.38
20876.64 20878.11
20876.64 20878.11
20875.15 20876.35
20875.13 20876.62
20875.13 20876.62
20874.88 20876.37
20874.15 20875.35
20874.15 20875.35
20875.42 20876.58
20876.15 20877.35
20876.15 20877.35
20877.89 20879.36
20877.89 20879.36
20877.89 20879.36
20877.17 20878.33
20877.17 20878.33
20879.37 20880.88
20880.92 20882.08
20880.92 20882.08
20881.17 20882.34
20882.91 20884.09
20882.91 20884.09
20886.62 20888.13
20886.62 20888.13
20887.64 20889.11
20887.88 20889.38
20887.88 20889.38
20889.65 20890.85
20889.67 20890.83
20889.67 20890.83
20890.39 20891.86
20890.39 20891.86
20891.88 20893.37
20890.92 20892.09
20890.92 20892.09
20891.40 20892.60
20891.67 20892.83
20891.67 20892.83
20891.91 20893.09
20891.87 20893.38
20891.87 20893.38
20892.67 20893.83
20892.67 20893.83
20891.89 20893.36
20890.65 20891.85
20890.65 20891.85
20892.38 20893.87
20891.56 20892.19
20891.56 20892.19
20890.88 20892.37
20890.38 20891.87
20890.38 20891.87
20891.66 20892.84
20891.66 20892.84
20889.87 20891.38
20890.66 20891.85
20890.66 20891.85
20890.40 20891.60
20890.42 20891.58
20890.42 20891.58
20889.64 20891.11
20888.92 20890.08
20888.92 20890.08
20887.41 20888.59
20887.87 20889.38
20887.87 20889.38
20886.89 20888.36
20886.67 20887.83
20886.67 20887.83
