21054.91 21056.09
21054.91 21056.09
21053.88 21055.37
21053.88 21055.37
21053.41 21055.10
21054.16 21055.85
21054.16 21055.85
21054.89 21056.36
21054.88 21056.38
21054.88 21056.38
21054.63 21056.12
21054.63 21056.12
21054.63 21056.12
21054.64 21056.11
21054.64 21056.11
21054.64 21056.11
21054.64 21056.11
21054.89 21056.36
21054.65 21056.36
21054.65 21056.36
21056.64 21058.11
21056.64 21058.11
21057.41 21059.10
21057.39 21058.86
21057.39 21058.86
21057.14 21058.61
21057.14 21058.61
21057.14 21058.61
21057.15 21058.85
21057.15 21058.85
21057.64 21059.11
21057.64 21059.36
21057.64 21059.36
21057.64 21059.36
21057.38 21058.87
21057.40 21059.10
21057.40 21059.10
21057.40 21059.10
21057.64 21059.11
21057.64 21059.11
21057.64 21059.11
21057.40 21059.11
21057.40 21059.11
21057.41 21059.10
21057.41 21059.10
21056.91 21058.60
21057.14 21058.61
21057.14 21058.61
21055.64 21057.11
21055.64 21057.11
21055.64 21057.11
21054.64 21056.11
21054.64 21056.11
21054.90 21056.60
21055.15 21056.85
21055.15 21056.85
21055.40 21057.11
21055.40 21057.11
21055.39 21056.86
21055.39 21056.86
21053.16 21054.85
21053.16 21054.85
21053.38 21054.87
21053.38 21054.87
21052.91 21054.60
21052.91 21054.60
21052.15 21053.86
21052.15 21053.86
21052.15 21053.86
21052.39 21053.86
21052.39 21053.86
21052.56 21053.19
21052.56 21053.19
21052.17 21053.33
21052.17 21053.33
21052.13 21053.63
21052.13 21053.63
21051.66 21053.34
21051.66 21053.34
21051.66 21053.35
21051.66 21053.35
21051.66 21053.35
21051.66 21053.35
21051.64 21053.11
21051.39 21052.86
21051.41 21053.10
21051.41 21053.10
21051.23 21053.03
21051.23 21053.03
21050.90 21052.60
21050.90 21052.60
21051.12 21052.63
21052.13 21053.63
21052.13 21053.63
21052.14 21053.61
21052.14 21053.61
21051.47 21053.28
21051.47 21053.28
21051.47 21053.28
21051.41 21053.09
21051.41 21053.09
21050.88 21052.37
21050.88 21052.37
21050.88 21052.37
21050.88 21052.37
21051.39 21053.11
21051.67 21052.83
21051.67 21052.83
21050.64 21052.11
21050.40 21052.10
21050.40 21052.10
21050.96 21052.79
21051.23 21053.03
21051.23 21053.03
21052.81 21053.44
21052.81 21053.44
21051.41 21053.10
21051.41 21053.10
21051.40 21053.10
21051.40 21053.10
21051.63 21053.12
21051.63 21053.12
21052.90 21054.60
21053.14 21054.61
21053.14 21054.61
21053.40 21055.11
21053.40 21055.11
21051.88 21053.37
21051.91 21053.60
21051.91 21053.60
21051.91 21053.60
21051.91 21053.60
21051.89 21053.36
21051.89 21053.36
21051.89 21053.36
21052.65 21054.36
21052.65 21054.36
21052.88 21054.37
21052.62 21054.13
21052.62 21054.13
21052.13 21053.63
21052.13 21053.63
21052.64 21054.11
21052.14 21053.61
21052.14 21053.61
21052.14 21053.61
21052.16 21053.34
21052.16 21053.34
21052.23 21054.03
21052.23 21054.03
21052.14 21053.86
21052.14 21053.86
21052.39 21053.86
21052.39 21053.86
21052.47 21054.28
21052.64 21054.11
21052.64 21054.11
21052.38 21053.87
21052.38 21053.87
21052.40 21054.10
21052.40 21054.10
21051.89 21053.61
21052.63 21054.12
21052.63 21054.12
21052.89 21054.36
21052.89 21054.36
21052.41 21054.09
21052.41 21054.09
21052.41 21054.09
21052.41 21054.09
21052.41 21054.09
21051.91 21053.60
21052.15 21053.85
21052.15 21053.85
21052.14 21053.61
21052.14 21053.61
21052.14 21053.61
21051.62 21053.13
21052.64 21054.11
21052.64 21054.11
21051.64 21053.11
21051.64 21053.11
21051.88 21053.37
21051.88 21053.37
21051.90 21053.61
21051.90 21053.61
21052.65 21053.85
21053.66 21055.35
21053.66 21055.35
21054.18 21055.33
21054.18 21055.33
21054.55 21055.20
21054.64 21056.11
21054.64 21056.11
21054.64 21056.36
21054.15 21055.85
21054.15 21055.85
21053.88 21055.37
21053.88 21055.37
21053.16 21054.85
21053.16 21054.85
21052.66 21054.35
21052.66 21054.35
21052.14 21053.61
21052.14 21053.61
21051.88 21053.37
21051.88 21053.37
21050.88 21052.37
21050.88 21052.37
21050.88 21052.37
21050.88 21052.37
21050.88 21052.37
21050.64 21052.36
21050.64 21052.36
21050.64 21052.36
21050.90 21052.60
21051.14 21052.61
21051.63 21053.12
21051.63 21053.12
21051.63 21053.12
21051.15 21052.86
21051.15 21052.86
21052.14 21053.61
21052.14 21053.61
21052.88 21054.37
21052.87 21054.38
21052.87 21054.38
21052.65 21054.36
21052.65 21054.36
21051.63 21053.13
21051.63 21053.13
21051.63 21053.12
21048.72 21050.53
21048.72 21050.53
21050.18 21051.33
21050.41 21052.10
21050.41 21052.10
21050.87 21052.38
21050.13 21051.63
21050.13 21051.63
21050.13 21051.63
21050.18 21051.33
21050.90 21052.60
21050.90 21052.60
21052.14 21053.61
21052.14 21053.61
21051.40 21053.11
21051.40 21053.11
21050.88 21052.37
21050.88 21052.37
21050.92 21052.08
21050.92 21052.08
21052.15 21053.86
21052.15 21053.35
21052.15 21053.35
21052.43 21053.58
21052.43 21053.58
21052.18 21053.33
21052.18 21053.33
21052.18 21053.33
21052.39 21053.86
21053.16 21054.85
21053.16 21054.85
21053.16 21054.85
21053.39 21054.86
21053.39 21054.86
21053.39 21054.86
21053.38 21054.87
21053.38 21054.87
21053.38 21054.87
21053.38 21054.87
21053.38 21054.87
21053.38 21054.87
21053.37 21054.88
21053.37 21054.88
21054.37 21055.88
21055.40 21057.11
21055.40 21057.11
21055.38 21056.88
21055.38 21056.88
21054.13 21055.62
21054.13 21055.62
21054.13 21055.62
21054.14 21055.61
21051.91 21053.60
21051.91 21053.60
21051.39 21052.86
21051.39 21052.86
21050.39 21052.11
21050.39 21052.11
21049.65 21051.35
21049.65 21051.35
21049.66 21050.84
21049.66 21050.84
21049.66 21050.84
21049.40 21051.11
21049.71 21051.54
21049.71 21051.54
21051.91 21053.60
21050.73 21052.53
21050.73 21052.53
21052.14 21053.86
21052.14 21053.86
21051.90 21053.61
21051.90 21053.61
21051.90 21053.60
21051.90 21053.60
21051.40 21053.11
21051.40 21053.11
21051.91 21053.60
21051.91 21053.60
21052.66 21054.35
21052.66 21054.35
21052.41 21054.10
21052.41 21054.10
21052.21 21054.04
21052.39 21053.86
21052.39 21053.86
21052.43 21053.58
21052.43 21053.58
21051.64 21053.11
21051.64 21053.11
21051.40 21053.10
21052.12 21053.63
21052.12 21053.63
21051.89 21053.36
21051.89 21053.36
21053.14 21054.61
21053.41 21055.10
21053.41 21055.10
21053.14 21054.61
21053.14 21054.61
21054.17 21055.33
21054.17 21055.33
21055.14 21056.86
21055.14 21056.86
21055.14 21056.86
21054.90 21056.60
21055.15 21056.86
21055.15 21056.86
21055.15 21056.86
21055.67 21056.83
21055.67 21056.83
21055.67 21056.83
21055.64 21057.11
21055.64 21057.11
21055.16 21056.85
21054.39 21055.86
21054.39 21055.86
21054.42 21055.58
21054.42 21055.58
21053.90 21055.60
21054.42 21055.58
21054.42 21055.58
21056.15 21057.86
21056.15 21057.86
21055.64 21057.11
21055.64 21057.11
21056.16 21057.85
21056.16 21057.84
21056.16 21057.84
21056.66 21058.35
21056.66 21058.35
21056.66 21058.35
21057.13 21058.62
21057.66 21059.35
21057.66 21059.35
21059.13 21060.62
21059.13 21060.62
21059.63 21061.12
21059.63 21061.13
21059.63 21061.13
21058.88 21060.37
21058.88 21060.37
21058.88 21060.37
21059.56 21060.19
21059.56 21060.19
21059.64 21061.11
21059.64 21061.11
21060.66 21062.34
21060.88 21062.37
21060.88 21062.37
21061.12 21062.63
21060.87 21062.38
21060.87 21062.38
21060.40 21062.11
21060.40 21062.11
21060.64 21062.36
21060.38 21061.87
21060.38 21061.87
21060.38 21061.87
21060.38 21061.87
21060.90 21062.60
21060.90 21062.60
21060.38 21061.87
21060.38 21061.87
21059.90 21061.61
21061.64 21063.11
21061.64 21063.11
21060.91 21062.60
21060.66 21062.35
21060.66 21062.35
21060.89 21062.36
21060.89 21062.36
21060.65 21062.36
21060.64 21062.11
21060.64 21062.11
21059.88 21061.37
21059.88 21061.37
21058.62 21060.13
21058.62 21060.13
21057.65 21058.85
21057.65 21058.85
21058.64 21060.11
21058.64 21060.11
21059.17 21060.33
21059.64 21061.11
21059.64 21061.11
21059.64 21061.36
21058.87 21060.38
21060.17 21061.33
21060.17 21061.33
21058.93 21060.08
21058.93 21060.08
21059.41 21060.59
21059.88 21061.37
21059.88 21061.37
21059.88 21061.37
21059.63 21061.12
21059.63 21061.12
21058.91 21060.09
21058.91 21060.09
21058.39 21059.86
21058.66 21060.35
21058.66 21060.35
21058.15 21059.85
21058.15 21059.85
21057.64 21059.11
21057.64 21059.11
21057.14 21058.86
21058.16 21059.34
21058.12 21059.63
21058.12 21059.63
21058.12 21059.63
21057.40 21059.11
21057.40 21059.11
21057.88 21059.38
21057.88 21059.38
21058.66 21060.34
21058.66 21060.34
21058.64 21060.11
21058.64 21060.11
21058.16 21059.85
21058.16 21059.85
21058.16 21059.85
21058.16 21059.85
21057.66 21058.84
21056.66 21058.35
21056.66 21058.35
21056.63 21058.12
21054.93 21056.08
21054.93 21056.08
21054.89 21056.36
21054.90 21056.60
21054.90 21056.60
21054.39 21055.86
21054.39 21055.86
21053.64 21055.11
21053.64 21055.11
21053.12 21054.63
21053.12 21054.63
21053.14 21054.61
21053.14 21054.61
21053.39 21054.86
21053.39 21054.86
21052.38 21053.87
21052.38 21053.87
21053.17 21054.33
21053.17 21054.33
21052.89 21054.61
21054.39 21055.86
21054.39 21055.86
21054.63 21056.12
21054.63 21056.12
21054.66 21056.34
21054.66 21056.34
21054.66 21056.34
21053.91 21055.60
21053.91 21055.60
21054.16 21055.85
21054.16 21055.85
21054.16 21055.85
21054.39 21055.86
21054.39 21055.86
21054.39 21055.86
21054.39 21055.86
21054.65 21055.85
21054.65 21055.85
21056.12 21057.63
21056.63 21058.13
21056.63 21058.13
21056.15 21057.86
21056.42 21057.58
21056.42 21057.58
21056.42 21057.58
21056.65 21058.35
21056.65 21058.35
21056.40 21058.11
21056.88 21058.37
21056.88 21058.37
21056.90 21058.61
21056.90 21058.61
21057.13 21058.62
21056.14 21057.61
21056.14 21057.61
21056.39 21057.86
21056.39 21057.86
21056.39 21057.86
21055.89 21057.36
21056.39 21058.11
21056.39 21058.11
21056.14 21057.61
21055.88 21057.37
21055.88 21057.37
21055.93 21057.08
21055.93 21057.08
21055.13 21056.62
21055.13 21056.62
21054.91 21056.59
21054.91 21056.59
21055.38 21056.87
21055.38 21056.87
21054.66 21056.35
21055.14 21056.61
21055.14 21056.61
21054.91 21056.60
21054.65 21056.36
21054.65 21056.36
21054.62 21056.13
21054.62 21056.13
21053.92 21055.08
21052.41 21054.09
21052.41 21054.09
21053.64 21055.11
21053.92 21055.08
21053.92 21055.08
21052.89 21054.36
21052.89 21054.36
21052.12 21053.63
21052.12 21053.63
21052.39 21053.86
21052.39 21053.86
21052.39 21053.86
21051.89 21053.36
21051.89 21053.36
21051.89 21053.36
21051.89 21053.36
21051.14 21052.61
21050.66 21051.84
21049.18 21050.33
21049.18 21050.33
21049.18 21050.33
21049.40 21050.60
21049.40 21050.60
21049.40 21050.60
21048.62 21050.13
21048.67 21049.83
21048.14 21049.61
21048.14 21049.61
21047.16 21048.85
21047.17 21048.33
21047.17 21048.33
21047.68 21048.83
21047.68 21048.83
21047.14 21048.61
21047.64 21049.11
21047.64 21049.11
21047.64 21049.11
21048.14 21049.61
21049.16 21050.34
21049.16 21050.34
21049.63 21051.12
21049.63 21051.12
21050.15 21051.35
21050.15 21051.35
21051.15 21052.35
21051.14 21052.61
21051.14 21052.61
21050.89 21052.36
21051.12 21052.63
21051.12 21052.63
21051.13 21052.62
21051.13 21052.62
21051.14 21052.61
21051.14 21052.61
21051.17 21052.33
21051.17 21052.33
21051.42 21052.58
21051.42 21052.58
21050.88 21052.37
21049.92 21051.08
21049.92 21051.08
21048.15 21049.86
21047.90 21049.60
21047.90 21049.60
21047.65 21049.36
21047.71 21049.54
21047.71 21049.54
21046.90 21048.10
21046.14 21047.61
21046.14 21047.61
21046.15 21047.85
21045.65 21047.35
21045.65 21047.35
21044.90 21046.60
21044.90 21046.60
21043.89 21045.36
21043.89 21045.36
21044.65 21046.36
21044.65 21046.36
21044.88 21046.37
21044.88 21046.37
21044.64 21046.11
