20937.03 20938.98
20937.03 20938.98
20937.72 20939.53
20937.72 20939.53
20937.71 20939.54
20937.78 20939.73
20937.78 20939.73
20938.41 20939.60
20938.41 20939.60
20937.73 20939.53
20937.47 20939.28
20937.47 20939.28
20937.96 20939.79
20937.96 20939.79
20937.72 20939.53
20937.72 20939.53
20937.78 20939.73
20937.78 20939.73
20938.37 20939.88
20938.15 20939.85
20938.15 20939.85
20937.98 20939.78
20938.14 20939.61
20938.14 20939.61
20938.39 20939.86
20938.39 20939.86
20938.47 20940.28
20938.47 20940.28
20938.47 20940.28
20938.03 20939.97
20938.28 20940.22
20938.28 20940.22
20938.28 20940.22
20938.22 20940.03
20939.65 20941.35
20939.65 20941.35
20939.28 20941.23
20939.28 20941.23
20939.47 20941.28
20939.47 20941.28
20939.23 20941.03
20939.23 20941.03
20939.23 20941.03
20939.40 20941.10
20939.40 20941.10
20939.40 20941.10
20939.40 20941.10
20939.41 20941.10
20939.41 20941.10
20938.28 20940.22
20938.53 20940.47
20938.53 20940.47
20937.83 20939.92
20937.83 20939.92
20937.73 20939.53
20937.73 20939.53
20937.71 20939.54
20937.72 20939.53
20937.72 20939.53
20937.28 20939.23
20937.28 20939.23
20937.28 20939.23
20937.16 20938.85
20936.71 20938.54
20936.71 20938.54
20936.73 20938.53
20936.73 20938.53
20936.40 20938.11
20936.40 20938.11
20936.40 20938.11
20936.22 20938.03
20936.22 20938.03
20936.41 20938.10
20936.41 20938.10
20936.40 20938.11
20936.40 20938.11
20936.21 20938.04
20936.21 20938.04
20936.41 20938.09
20936.03 20937.98
20936.03 20937.98
20935.71 20937.54
20935.71 20937.54
20935.71 20937.54
20935.73 20937.53
20935.73 20937.53
20935.91 20937.59
20935.91 20937.59
20935.72 20937.53
20935.90 20937.60
20935.90 20937.60
20935.90 20937.60
20935.90 20937.60
20935.90 20937.60
20936.14 20937.61
20935.65 20937.35
20935.65 20937.35
20935.65 20937.35
20935.65 20937.35
20935.65 20937.35
20934.97 20936.78
20935.65 20937.36
20935.65 20937.36
20935.71 20937.54
20935.39 20937.11
20935.39 20937.11
20935.28 20937.22
20935.28 20937.22
20935.28 20937.22
20935.28 20937.22
20935.28 20937.22
20935.28 20937.22
20935.65 20937.36
20935.66 20937.35
20935.66 20937.35
20936.66 20938.35
20936.66 20938.35
20936.66 20938.35
20937.06 20937.69
20937.06 20937.69
20936.16 20937.84
20936.16 20937.84
20936.63 20938.12
20936.63 20938.12
20936.63 20938.12
20935.73 20937.53
20935.73 20937.53
20935.73 20937.53
20935.66 20937.34
20935.66 20937.34
20935.91 20937.60
20935.91 20937.60
20935.91 20937.60
20935.71 20937.54
20935.71 20937.54
20935.40 20937.11
20935.40 20937.11
20935.28 20937.22
20935.28 20937.22
20935.14 20936.86
20935.14 20936.86
20934.78 20936.73
20934.78 20936.73
20934.90 20936.60
20934.90 20936.60
20934.90 20936.60
20935.15 20936.86
20935.15 20936.86
20934.21 20936.04
20936.48 20938.28
20936.48 20938.28
20937.16 20938.85
20937.16 20938.85
20937.22 20939.03
20937.22 20939.03
20937.14 20938.61
20937.14 20938.61
20937.14 20938.61
20935.66 20937.34
20935.66 20937.34
20935.65 20937.35
20935.65 20937.35
20935.65 20937.35
20936.16 20937.85
20936.16 20937.85
20936.16 20937.85
20936.16 20937.85
20935.65 20937.36
20935.14 20936.86
20935.14 20936.86
20935.14 20936.86
20935.22 20937.03
20935.22 20937.03
20934.97 20936.78
20934.97 20936.78
20934.97 20936.78
20936.14 20937.86
20936.14 20937.86
20936.14 20937.86
20936.28 20938.23
20936.28 20938.22
20936.28 20938.22
20936.21 20938.04
20936.21 20938.04
20936.22 20938.03
20935.64 20937.11
20935.64 20937.11
20934.96 20936.79
20934.96 20936.79
20935.78 20937.73
20935.78 20937.73
20935.78 20937.73
20935.78 20937.73
20935.73 20937.53
20935.73 20937.53
20935.71 20937.54
20935.71 20937.54
20935.71 20937.54
20935.78 20937.73
20935.78 20937.73
20935.53 20937.48
20935.53 20937.48
20935.53 20937.48
20935.53 20937.48
20935.53 20937.48
20935.46 20937.29
20935.22 20937.03
20935.22 20937.03
20935.22 20937.03
20935.28 20937.23
20935.21 20937.04
20935.21 20937.04
20935.21 20937.04
20935.71 20937.54
20935.71 20937.54
20935.71 20937.54
20935.71 20937.54
20935.66 20937.35
20935.66 20937.35
20935.64 20937.36
20935.64 20937.36
20935.64 20937.36
20935.64 20937.36
20935.64 20937.36
20935.71 20937.54
20935.71 20937.54
20935.23 20937.03
20935.21 20937.04
20935.21 20937.04
20935.03 20936.97
20935.03 20936.97
20935.53 20937.47
20935.53 20937.47
20935.53 20937.47
20935.73 20937.53
20935.73 20937.53
20935.73 20937.53
20936.53 20938.47
20936.53 20938.47
20936.53 20938.47
20936.72 20938.53
20936.23 20938.03
20936.23 20938.03
20935.78 20937.73
20935.78 20937.73
20935.53 20937.48
20935.53 20937.48
20935.22 20937.03
20935.22 20937.03
20934.78 20936.72
20934.78 20936.72
20936.22 20938.03
20936.22 20938.03
20935.28 20937.23
20935.21 20937.04
20935.21 20937.04
20935.22 20937.03
20935.22 20937.03
20935.22 20937.03
20935.22 20937.03
20935.22 20937.03
20935.08 20937.17
20935.08 20937.17
20935.72 20937.53
20935.72 20937.53
20935.72 20937.53
20935.72 20937.53
20935.89 20937.61
20935.28 20937.22
20935.28 20937.22
20935.41 20937.09
20935.41 20937.09
20935.21 20937.04
20935.21 20937.04
20935.47 20937.28
20935.23 20937.03
20935.23 20937.03
20935.23 20937.03
20935.41 20937.10
20935.41 20937.10
20935.78 20937.72
20935.78 20937.72
20935.40 20937.11
20935.88 20937.38
20935.88 20937.38
20935.98 20937.78
20935.98 20937.78
20935.98 20937.78
20935.97 20937.78
20935.97 20937.78
20935.71 20937.54
20935.71 20937.54
20935.39 20936.86
20935.39 20936.86
20935.39 20936.86
20935.39 20936.86
20935.39 20936.86
20936.40 20938.10
20936.40 20938.10
20936.40 20938.10
20936.40 20938.10
20936.39 20937.86
20938.90 20940.61
20938.90 20940.61
20938.89 20940.61
20938.89 20940.61
20939.65 20941.35
20939.65 20941.35
20939.41 20941.10
20939.41 20941.10
20939.53 20941.47
20939.53 20941.48
20939.53 20941.48
20939.53 20941.48
20939.71 20941.54
20939.97 20941.78
20939.97 20941.78
20939.78 20941.72
20939.78 20941.72
20939.41 20941.09
20939.41 20941.09
20939.41 20941.09
20939.62 20941.13
20939.65 20941.35
20939.65 20941.35
20939.46 20941.29
20939.46 20941.29
20939.28 20941.23
20939.47 20941.28
20939.47 20941.28
20939.47 20941.28
20938.23 20940.03
20938.23 20940.03
20938.28 20940.22
20938.91 20940.09
20938.91 20940.09
20937.71 20939.54
20937.71 20939.54
20937.96 20939.79
20937.96 20939.79
20938.28 20940.23
20938.53 20940.47
20938.53 20940.47
20938.53 20940.48
20938.53 20940.48
20940.47 20942.28
20940.47 20942.28
20939.98 20941.78
20939.98 20941.78
20940.23 20942.03
20940.23 20942.03
20939.53 20941.48
20939.53 20941.48
20938.71 20940.54
20938.72 20940.53
20938.72 20940.53
20938.72 20940.53
20938.72 20940.53
20938.72 20940.53
20937.64 20939.36
20937.64 20939.36
20937.65 20939.36
20937.65 20939.36
20936.96 20938.79
20936.96 20938.79
20936.78 20938.73
20936.78 20938.73
20936.65 20938.36
20936.65 20938.36
20936.65 20938.36
20936.73 20938.53
20936.73 20938.53
20936.48 20938.28
20936.48 20938.28
20936.48 20938.28
20936.48 20938.28
20936.48 20938.28
20936.46 20938.29
20936.46 20938.29
20936.46 20938.29
20936.53 20938.47
20936.53 20938.47
20936.53 20938.48
20936.53 20938.48
20936.53 20938.48
20936.28 20938.23
20936.47 20938.28
20936.47 20938.28
20936.98 20938.78
20937.38 20938.88
20937.38 20938.88
20936.98 20938.78
20937.23 20939.03
20937.23 20939.03
20937.28 20939.22
20937.28 20939.22
20937.40 20939.10
20937.40 20939.10
20937.03 20938.97
20937.03 20938.97
20937.03 20938.97
20937.03 20938.97
20937.21 20939.04
20937.15 20938.86
20937.15 20938.86
20937.15 20938.86
20936.78 20938.73
20936.78 20938.73
20936.89 20938.61
20936.89 20938.61
20937.08 20939.17
20937.08 20939.17
20937.98 20939.78
20938.91 20940.60
20938.91 20940.60
20938.71 20940.54
20938.71 20940.54
20939.22 20941.03
20939.22 20941.03
20939.46 20941.29
20939.46 20941.29
20939.14 20940.86
20939.14 20940.86
20938.96 20940.79
20938.96 20940.79
20938.96 20940.79
20938.28 20940.23
20938.28 20940.23
20938.28 20940.23
20938.28 20940.23
20938.40 20940.10
20938.40 20940.10
20938.46 20940.29
20939.53 20941.47
20939.53 20941.47
20939.22 20941.03
20939.22 20941.03
20939.22 20941.03
20939.22 20941.03
20939.16 20940.85
20939.14 20940.86
20939.14 20940.86
20939.14 20940.86
20939.14 20940.86
20938.65 20940.35
20938.65 20940.35
20939.28 20941.23
20939.28 20941.23
20939.08 20941.17
20939.08 20941.17
20939.53 20941.47
20939.53 20941.47
20939.53 20941.47
20939.23 20941.03
20939.23 20941.03
20939.33 20941.42
20939.33 20941.42
20939.22 20941.03
20939.22 20941.03
20939.22 20941.03
20939.22 20941.03
20939.22 20941.03
20939.72 20941.53
20939.72 20941.53
20939.72 20941.53
20939.72 20941.53
20939.90 20941.61
20939.72 20941.53
20939.72 20941.53
20940.16 20941.85
20940.16 20941.85
20940.16 20941.84
20940.40 20942.10
20940.40 20942.10
20940.47 20942.28
20940.47 20942.28
20940.46 20942.29
20940.46 20942.29
20940.46 20942.29
20940.65 20942.35
20940.65 20942.35
20940.65 20942.35
20943.53 20945.47
20943.53 20945.47
20943.71 20945.54
20942.73 20944.53
20942.73 20944.53
20943.21 20945.04
20943.21 20945.04
20943.03 20944.98
20943.03 20944.98
20943.03 20944.98
20943.03 20944.98
20943.03 20944.98
20943.03 20944.97
20943.03 20944.97
20942.53 20944.48
20944.81 20945.44
20944.81 20945.44
20942.81 20943.44
20942.81 20943.44
20942.97 20944.78
20942.97 20944.78
20943.40 20945.11
20943.40 20945.11
20943.67 20944.84
20944.16 20945.85
20944.16 20945.85
20944.16 20945.85
20943.78 20945.72
20943.78 20945.72
20944.03 20945.97
20944.03 20945.97
20943.78 20945.73
20943.78 20945.73
20943.78 20945.73
20943.78 20945.73
20945.31 20945.94
20945.31 20945.94
20943.97 20945.78
20943.97 20945.78
20944.03 20945.98
20944.03 20945.98
20943.97 20945.78
20943.97 20945.78
20944.14 20945.86
20944.14 20945.86
20944.14 20945.86
20944.21 20946.04
20944.21 20946.04
20944.21 20946.04
20944.21 20946.04
20944.21 20946.04
20944.21 20946.04
20943.72 20945.53
20943.72 20945.53
20943.72 20945.53
20943.71 20945.54
20943.71 20945.54
20944.03 20945.97
20944.03 20945.97
20944.03 20945.97
20944.03 20945.97
20944.78 20946.73
20944.78 20946.73
20944.72 20946.53
20944.72 20946.53
20944.72 20946.53
20944.72 20946.53
20944.78 20946.73
20944.78 20946.73
20944.78 20946.73
20944.16 20945.85
20944.16 20945.85
20943.97 20945.78
20943.97 20945.78
20943.97 20945.78
20943.96 20945.79
20943.96 20945.79
20943.96 20945.79
20943.98 20945.78
20943.91 20945.60
20943.91 20945.60
20943.03 20944.98
20943.21 20945.04
20943.21 20945.04
20943.21 20945.04
20942.97 20944.78
20942.65 20944.35
20942.65 20944.35
20942.46 20944.29
20942.46 20944.29
20942.47 20944.28
20942.64 20944.11
20942.64 20944.11
20943.41 20945.10
20943.41 20945.10
20943.41 20945.10
20943.41 20945.10
20943.48 20945.28
20943.65 20945.36
20943.65 20945.36
20943.65 20945.36
20944.96 20946.79
20944.96 20946.79
20944.96 20946.79
20944.96 20946.79
20944.98 20946.78
20944.98 20946.78
20944.72 20946.53
20944.72 20946.53
20944.64 20946.36
20944.64 20946.36
20943.98 20945.78
20943.98 20945.78
20944.03 20945.98
20944.03 20945.98
20944.37 20945.88
20944.37 20945.88
20944.37 20945.88
20944.22 20946.03
20944.22 20946.03
20944.22 20946.03
20944.03 20945.98
20944.28 20946.23
20944.28 20946.23
20944.28 20946.23
20944.53 20946.47
20944.53 20946.47
20944.53 20946.47
20944.53 20946.47
20943.90 20945.61
20943.90 20945.61
20943.65 20944.85
20943.65 20944.85
20943.39 20944.86
20944.46 20946.29
20944.46 20946.29
20944.46 20946.29
20944.46 20946.29
20944.21 20946.04
