21073.16 21074.35
21073.16 21074.35
21072.39 21073.86
21072.67 21073.83
21072.67 21073.83
21072.89 21074.36
21072.89 21074.36
21073.12 21074.63
21073.42 21074.58
21073.42 21074.58
21071.14 21072.61
21071.13 21072.62
21071.13 21072.62
21072.16 21073.34
21071.39 21072.86
21071.39 21072.86
21070.90 21072.10
21070.90 21072.10
21072.06 21072.69
21072.14 21073.61
21072.14 21073.61
21073.91 21075.09
21078.89 21080.36
21078.89 21080.36
21078.13 21079.62
21078.13 21079.62
21080.92 21082.08
21080.64 21082.11
21080.64 21082.11
21081.12 21082.63
21079.64 21081.11
21079.64 21081.11
21081.67 21082.83
21083.14 21084.61
21083.14 21084.61
21086.89 21088.36
21086.64 21088.11
21086.64 21088.11
21087.64 21089.11
21085.92 21087.08
21085.92 21087.08
21086.62 21088.13
21086.62 21088.13
21086.40 21087.60
21087.64 21089.11
21087.64 21089.11
21087.63 21089.13
21089.39 21090.86
21089.39 21090.86
21088.13 21089.62
21087.38 21088.87
21087.38 21088.87
21092.55 21093.20
21093.92 21095.08
21093.92 21095.08
21094.14 21095.61
21095.17 21096.33
21095.17 21096.33
21093.89 21095.36
21093.89 21095.36
21089.41 21090.60
21088.64 21090.11
21088.64 21090.11
21090.88 21092.37
21090.88 21092.37
21090.63 21092.13
21092.91 21094.09
21092.91 21094.09
21088.42 21089.58
21091.14 21092.61
21091.14 21092.61
21090.88 21092.37
21090.38 21091.87
21090.38 21091.87
21090.16 21091.34
21089.64 21091.11
21089.64 21091.11
21093.41 21094.59
21093.40 21094.60
21093.40 21094.60
21090.13 21091.62
21087.14 21088.61
21087.14 21088.61
21086.67 21087.83
21086.67 21087.83
21087.38 21088.88
21087.63 21089.12
21087.63 21089.12
21087.92 21089.08
21087.88 21089.37
21087.88 21089.37
21088.39 21089.86
21088.66 21089.84
21088.66 21089.84
21089.88 21091.37
21089.89 21091.36
21089.89 21091.36
21089.64 21091.11
21089.64 21091.11
21089.17 21090.33
21089.17 21090.33
21088.67 21089.83
21088.41 21089.60
21088.41 21089.60
21089.17 21090.33
21088.89 21090.36
21088.89 21090.36
21086.88 21088.37
21086.88 21088.37
21085.38 21086.87
21085.17 21086.33
21085.13 21086.62
21085.13 21086.62
21084.42 21085.58
21084.42 21085.58
21083.89 21085.36
21083.87 21085.38
21083.87 21085.38
21082.63 21084.13
21082.41 21083.59
21082.41 21083.59
21083.88 21085.37
21082.91 21084.10
21082.91 21084.10
21082.16 21083.34
21081.65 21082.85
21081.65 21082.85
21079.88 21081.38
21080.88 21082.37
21080.88 21082.37
21081.88 21083.37
21081.88 21083.37
21081.13 21082.63
21081.39 21082.86
21081.39 21082.86
21081.66 21082.85
21082.39 21083.86
21082.39 21083.86
21082.64 21084.11
21082.89 21084.36
21082.89 21084.36
21083.15 21084.35
21083.13 21084.63
21083.13 21084.63
21084.91 21086.59
21084.64 21086.11
21084.64 21086.11
21084.13 21085.62
21082.39 21084.11
21082.39 21084.11
21082.42 21083.58
21081.66 21082.85
21081.66 21082.85
21080.89 21082.36
21080.66 21081.84
21080.66 21081.84
21080.89 21082.36
21080.89 21082.36
21081.13 21082.63
21081.88 21083.37
21081.88 21083.37
21081.92 21083.08
21077.63 21079.12
21077.63 21079.12
21077.63 21079.12
21078.17 21079.33
21078.17 21079.33
21077.38 21078.87
21077.39 21078.86
21077.39 21078.86
21077.43 21078.58
21076.91 21078.10
21076.91 21078.10
21078.64 21080.11
21078.38 21079.87
21078.38 21079.87
21079.63 21081.12
21081.88 21083.37
21081.88 21083.37
21082.64 21084.11
21086.16 21087.34
21086.16 21087.34
21086.17 21087.33
21088.16 21089.35
21088.16 21089.35
21088.89 21090.36
21088.89 21090.36
21088.89 21090.36
21090.16 21091.35
21090.16 21091.35
21088.66 21089.84
21088.38 21089.87
21088.38 21089.87
21090.12 21091.63
21089.88 21091.38
21091.89 21093.36
21091.89 21093.36
21091.89 21093.36
21091.89 21093.36
21091.41 21092.59
21087.38 21088.88
21087.38 21088.88
21088.16 21089.35
21088.14 21089.61
21088.14 21089.61
21088.15 21089.35
21087.88 21089.38
21087.88 21089.38
21087.63 21089.12
21086.18 21087.33
21086.18 21087.33
21083.15 21084.35
21081.16 21082.35
21081.16 21082.35
21080.64 21082.11
21081.67 21082.83
21081.67 21082.83
21081.92 21083.08
21081.92 21083.08
21082.13 21083.63
21082.43 21083.58
21082.43 21083.58
21084.12 21085.63
21083.90 21085.10
21083.90 21085.10
21084.14 21085.61
21084.14 21085.61
21085.90 21087.60
21085.38 21086.87
21086.38 21087.88
21086.38 21087.88
21086.66 21087.85
21086.66 21087.85
21086.89 21088.36
21089.63 21091.13
21089.63 21091.13
21090.38 21091.87
21089.89 21091.36
21089.89 21091.36
21092.67 21093.83
21092.18 21093.33
21092.18 21093.33
21093.64 21095.11
21093.67 21094.83
21093.67 21094.83
21093.63 21095.12
21093.63 21095.12
21094.14 21095.61
21095.41 21096.59
21095.41 21096.59
21095.12 21096.63
21094.88 21096.38
21094.88 21096.38
21096.64 21098.11
21097.18 21098.33
21097.18 21098.33
21096.92 21098.08
21096.38 21097.88
21096.38 21097.88
21095.66 21096.84
21095.63 21097.12
21095.63 21097.12
21095.87 21097.38
21095.87 21097.38
21096.16 21097.34
21096.17 21097.33
21096.17 21097.33
21094.89 21096.36
21095.93 21097.08
21095.93 21097.08
21095.41 21096.60
21095.13 21096.63
21095.13 21096.63
21094.40 21095.60
21094.40 21095.60
21094.40 21095.60
21093.88 21095.37
21092.88 21094.37
21092.88 21094.37
21092.66 21093.84
21089.39 21090.86
21089.39 21090.86
21092.13 21093.62
21092.13 21093.62
21092.55 21093.20
21093.14 21094.61
21093.14 21094.61
21092.91 21094.09
21093.15 21094.35
21093.15 21094.35
21093.88 21095.37
21093.88 21095.37
21093.89 21095.36
21093.68 21094.83
21093.68 21094.83
21093.88 21095.38
21092.14 21093.61
21092.14 21093.61
21088.41 21089.60
21083.81 21084.45
21083.81 21084.45
21083.42 21084.58
21084.17 21085.33
21084.17 21085.33
