20880.98 20882.78
20880.98 20882.78
20881.90 20883.61
20881.90 20883.61
20881.90 20883.61
20882.96 20884.79
20882.46 20884.29
20882.46 20884.29
20882.03 20883.98
20882.03 20883.98
20882.03 20883.98
20882.28 20884.22
20882.28 20884.22
20882.28 20884.22
20881.41 20883.09
20881.40 20883.10
20881.40 20883.10
20881.88 20883.38
20881.88 20883.38
20881.88 20883.38
20881.88 20883.38
20881.88 20883.38
20883.64 20885.36
20883.66 20885.35
20883.66 20885.35
20882.63 20884.87
20882.63 20884.87
20883.87 20885.38
20883.87 20885.38
20883.88 20885.37
20883.88 20885.37
20883.89 20885.36
20883.89 20885.36
20882.65 20884.36
20882.65 20884.36
20882.72 20884.53
20882.72 20884.53
20882.88 20885.12
20882.88 20885.12
20883.30 20883.95
20883.30 20883.95
20881.66 20883.35
20881.66 20883.35
20881.71 20883.54
20881.71 20883.54
20881.72 20883.53
20881.72 20883.53
20881.72 20883.53
20882.72 20884.53
20882.72 20884.53
20882.33 20884.42
20881.28 20883.22
20881.28 20883.22
20881.14 20882.61
20881.14 20882.61
20881.23 20883.03
20881.16 20882.85
20881.16 20882.85
20881.40 20883.10
20881.40 20883.10
20879.91 20881.59
20879.91 20881.59
20879.91 20881.59
20879.64 20881.11
20879.53 20881.48
20879.53 20881.48
20879.39 20881.11
20879.39 20881.11
20879.64 20881.36
20879.64 20881.36
20879.48 20881.28
20879.48 20881.28
20879.53 20881.48
20880.47 20882.28
20880.47 20882.28
20878.98 20880.78
20878.98 20880.78
20878.90 20880.60
20878.90 20880.60
20879.28 20881.23
20879.28 20881.23
20877.97 20879.78
20877.97 20879.78
20877.97 20879.78
20877.97 20879.78
20878.22 20880.03
20878.03 20879.97
20878.03 20879.97
20878.22 20880.03
20878.22 20880.03
20878.22 20880.03
20878.78 20880.72
20878.78 20880.72
20878.48 20880.28
20878.48 20880.28
20878.48 20880.28
20878.48 20880.28
20878.48 20880.28
20878.48 20880.28
20878.66 20880.35
20878.66 20880.35
20878.66 20880.35
20878.71 20880.54
20879.53 20881.48
20879.53 20881.48
20879.90 20881.61
20879.90 20881.61
20879.90 20881.61
20880.40 20881.60
20880.40 20881.60
20880.40 20881.60
20880.41 20882.09
20880.41 20882.09
20879.33 20881.42
20879.33 20881.42
20879.33 20881.42
20878.64 20880.36
20878.64 20880.36
20878.90 20880.61
20878.97 20880.78
20878.97 20880.78
20878.97 20880.78
20878.88 20880.37
20878.88 20880.37
20877.16 20878.85
20877.16 20878.85
20876.89 20878.61
20877.15 20878.86
20877.15 20878.86
20876.97 20878.78
20876.73 20878.53
20876.73 20878.53
20876.53 20878.48
20876.53 20878.48
20875.16 20876.85
20875.16 20876.85
20871.65 20873.35
20871.65 20873.35
20871.23 20873.03
20871.23 20873.03
20871.28 20873.23
20871.53 20873.48
20871.53 20873.48
20867.23 20869.03
20866.97 20868.78
20866.97 20868.78
20867.28 20869.23
20867.28 20869.23
20866.96 20868.79
20866.96 20868.79
20868.28 20870.23
20868.28 20870.23
20868.28 20870.23
20868.28 20870.23
20868.78 20870.72
20868.78 20870.72
20868.78 20870.72
20869.28 20871.22
20869.53 20871.48
20869.53 20871.48
20869.53 20871.48
20870.03 20871.97
20870.08 20872.17
20870.08 20872.17
20869.97 20871.78
20869.97 20871.78
20869.97 20871.78
20869.89 20871.36
20869.03 20870.97
20869.03 20870.97
20869.03 20870.97
20869.22 20871.03
20869.22 20871.03
20868.16 20869.84
20868.16 20869.84
20867.40 20869.11
20867.40 20869.11
20865.58 20867.67
20866.33 20868.42
20866.33 20868.42
20867.73 20869.53
20867.73 20869.53
20867.73 20869.53
20867.47 20869.28
20867.47 20869.28
20868.31 20868.94
20868.31 20868.94
20868.31 20868.94
20867.16 20868.85
20867.73 20869.53
20867.73 20869.53
20867.71 20869.54
20869.47 20871.28
20869.47 20871.28
20869.66 20871.35
20869.66 20871.35
20869.66 20871.35
20870.28 20872.23
20871.65 20873.35
20871.65 20873.35
20872.28 20874.23
20871.73 20873.53
20871.73 20873.53
20871.73 20873.53
20872.22 20874.03
20872.78 20874.73
20872.78 20874.73
20872.13 20873.63
20872.13 20873.63
20872.13 20873.63
20872.46 20874.29
20872.46 20874.29
20872.47 20874.28
20872.47 20874.28
20872.28 20874.22
20872.28 20874.22
20871.89 20873.61
20871.89 20873.61
20871.89 20873.61
20871.28 20873.23
20871.28 20873.23
20871.53 20873.47
20872.16 20873.85
20872.16 20873.85
20872.73 20874.53
20872.73 20874.53
20871.78 20873.73
20872.03 20873.97
20872.03 20873.97
20872.28 20874.23
20870.96 20872.79
20870.96 20872.79
20870.96 20872.79
20871.78 20873.72
20871.78 20873.72
20872.03 20873.97
20872.03 20873.97
20872.03 20873.97
20871.72 20873.53
20871.72 20873.53
20871.72 20873.53
20872.97 20874.78
20872.97 20874.78
20872.53 20874.48
20872.53 20874.48
20872.72 20874.53
20872.72 20874.53
20872.72 20874.53
20872.28 20874.22
20872.28 20874.22
20872.71 20874.54
20872.72 20874.53
20872.72 20874.53
20872.53 20874.48
20872.66 20873.84
20872.66 20873.84
20872.71 20874.54
20872.71 20874.54
20872.71 20874.54
20872.98 20874.78
20872.98 20874.78
20872.98 20874.78
20873.28 20875.23
20873.28 20875.23
20873.28 20875.23
20873.28 20875.23
20873.23 20875.03
20875.65 20877.36
20875.65 20877.36
20875.65 20877.36
20875.53 20877.47
20875.47 20877.28
20875.47 20877.28
20875.03 20876.98
20875.03 20876.98
20873.85 20876.65
20874.08 20876.17
20874.08 20876.17
20874.46 20876.29
20875.40 20877.10
20875.40 20877.10
20875.40 20877.10
20875.53 20877.48
20875.53 20877.48
20875.91 20877.60
20876.96 20878.79
20876.96 20878.79
20876.96 20878.79
20876.96 20878.79
20875.34 20878.42
20875.34 20878.42
20874.03 20875.97
20873.98 20875.78
20873.98 20875.78
20873.98 20875.78
20873.98 20875.78
20873.98 20875.78
20873.98 20875.78
20874.23 20876.03
20874.23 20876.03
20874.22 20876.03
20874.21 20876.04
20874.21 20876.04
20874.22 20876.03
20874.22 20876.03
20874.22 20876.03
20874.22 20876.03
20874.22 20876.03
20874.22 20876.03
20874.03 20875.98
20874.03 20875.98
20874.03 20875.98
20874.03 20875.98
20874.03 20875.97
20874.03 20875.97
20874.03 20875.97
20874.03 20875.98
20873.88 20875.37
20873.88 20875.37
20873.88 20875.37
20873.88 20875.37
20873.16 20874.85
20873.16 20874.85
20873.16 20874.85
20873.16 20874.85
20873.16 20874.85
20873.15 20874.85
20873.22 20875.03
20873.22 20875.03
20873.22 20875.03
20873.23 20875.03
20873.23 20875.03
20873.14 20874.86
20871.83 20873.92
20871.83 20873.92
20872.08 20874.17
20872.08 20874.17
20872.08 20874.17
20872.08 20874.17
20872.03 20873.97
20872.03 20873.97
20872.03 20873.97
20872.03 20873.97
20871.98 20873.78
20871.98 20873.78
20872.08 20874.17
20872.08 20874.17
20873.48 20875.28
20873.48 20875.28
20871.03 20872.97
20871.03 20872.97
20873.28 20875.23
20873.28 20875.23
20873.03 20874.98
20873.03 20874.98
20872.33 20874.42
20872.33 20874.42
20872.28 20874.23
20871.78 20873.72
20871.78 20873.72
20871.73 20873.53
20871.73 20873.53
20871.89 20873.61
20871.89 20873.61
20871.89 20873.61
20871.89 20873.61
20871.89 20873.61
20871.89 20873.61
20872.96 20874.79
20872.96 20874.79
20873.58 20875.67
20873.58 20875.67
20874.08 20876.17
20874.46 20876.29
20874.46 20876.29
20877.53 20879.47
20877.72 20879.53
20877.72 20879.53
20876.78 20878.72
20876.78 20878.72
20877.58 20879.67
20878.08 20880.17
20878.08 20880.17
20878.08 20880.17
20878.03 20879.98
20878.28 20880.23
20878.28 20880.23
20878.78 20880.72
20878.78 20880.72
20879.23 20881.03
20879.23 20881.03
20879.23 20881.03
20879.23 20881.03
20879.23 20881.03
20879.23 20881.03
20879.23 20881.03
20879.23 20881.03
20879.23 20881.03
20879.22 20881.03
20879.22 20881.03
20879.23 20881.03
20879.23 20881.03
20879.40 20881.11
20880.03 20881.97
20880.03 20881.97
20880.28 20882.23
20880.78 20882.73
20880.78 20882.73
20880.78 20882.73
20880.89 20882.36
20880.89 20882.36
20880.89 20882.36
20881.15 20882.85
20881.15 20882.85
20879.72 20881.53
20879.72 20881.53
20879.72 20881.53
20879.72 20881.53
20879.72 20881.53
20880.41 20881.60
20880.28 20882.23
20880.28 20882.23
20880.73 20882.53
20880.71 20882.54
20880.71 20882.54
20880.71 20882.54
20880.72 20882.53
20881.13 20882.63
20881.13 20882.63
20881.13 20882.63
20881.13 20882.63
20879.96 20881.79
20879.96 20881.79
20880.87 20882.38
20880.87 20882.38
20881.88 20883.37
20881.88 20883.37
20884.37 20885.88
20884.37 20885.88
20883.53 20885.47
20884.15 20885.86
20884.15 20885.86
20884.48 20886.28
20884.53 20886.48
20884.53 20886.48
20884.53 20886.48
20885.23 20887.03
20885.23 20887.03
20884.67 20885.83
20883.63 20885.12
20883.63 20885.12
20883.48 20885.28
20883.48 20885.28
20883.47 20885.28
20883.47 20885.28
20883.46 20885.29
20883.03 20884.98
20883.03 20884.98
20883.03 20884.98
20883.28 20885.22
20883.28 20885.22
20882.72 20884.53
20882.72 20884.53
20882.72 20884.53
20882.73 20884.53
20882.73 20884.53
20882.73 20884.53
20882.72 20884.53
20882.72 20884.53
20883.23 20885.03
20883.23 20885.03
20883.65 20885.36
20883.65 20885.36
20885.03 20886.97
20885.03 20886.98
20885.03 20886.98
20885.73 20887.53
20885.73 20887.53
20885.72 20887.53
20886.14 20887.61
20886.14 20887.61
20886.14 20887.61
20886.28 20888.23
20886.28 20888.23
20887.63 20889.12
20887.65 20889.36
20887.65 20889.36
20887.64 20889.36
20887.64 20889.36
20887.89 20889.36
20887.89 20889.36
20887.89 20889.36
20887.71 20889.54
20887.66 20889.34
20887.66 20889.34
20887.66 20889.34
20885.78 20887.73
20885.78 20887.73
20885.48 20887.28
20885.48 20887.28
20886.15 20887.85
20886.15 20887.85
20886.96 20888.79
20886.96 20888.79
20886.97 20888.78
20886.97 20888.78
20887.66 20889.35
20887.66 20889.35
20887.66 20889.35
20887.89 20889.36
20887.89 20889.36
20889.96 20891.79
20889.96 20891.79
20890.78 20892.72
20890.78 20892.72
20890.96 20892.79
20890.96 20892.79
20890.72 20892.53
20891.66 20893.34
20891.66 20893.34
20892.80 20893.45
20892.88 20894.38
20892.88 20894.38
20892.53 20894.48
20892.53 20894.48
20891.23 20893.03
20890.03 20891.97
20890.03 20891.97
20889.78 20891.73
20889.78 20891.73
20889.78 20891.73
20890.28 20892.22
20890.08 20892.17
20890.08 20892.17
20889.53 20891.47
20889.53 20891.47
20891.31 20891.94
20891.31 20891.94
20889.72 20891.53
20889.72 20891.53
20889.78 20891.73
20888.47 20890.28
20888.47 20890.28
20888.53 20890.48
20888.53 20890.48
20888.21 20890.04
20888.21 20890.04
20888.21 20890.04
20887.98 20889.78
20887.98 20889.78
20887.98 20889.78
20887.98 20889.78
20887.78 20889.73
20888.41 20890.09
20888.41 20890.09
20889.03 20890.98
20888.71 20890.54
20888.71 20890.54
20888.71 20890.54
20888.78 20890.73
20890.22 20892.03
20890.22 20892.03
20890.83 20892.92
20890.83 20892.92
20891.46 20893.29
20891.46 20893.29
20891.53 20893.48
20891.53 20893.48
20891.53 20893.48
20891.47 20893.28
20891.47 20893.28
20891.46 20893.29
20891.46 20893.29
20892.47 20894.28
20892.47 20894.28
20892.47 20894.28
20893.17 20894.33
20892.66 20894.35
20892.66 20894.35
20892.16 20893.35
20892.16 20893.35
20891.22 20893.03
20891.22 20893.03
20892.03 20893.97
20892.46 20894.29
20892.46 20894.29
20893.97 20895.78
20893.89 20895.61
20893.89 20895.61
20893.89 20895.61
20892.53 20894.48
20892.53 20894.48
20892.53 20894.48
20892.83 20894.92
20894.03 20895.97
20894.03 20895.97
20894.03 20895.97
20894.03 20895.98
20894.22 20896.03
20894.22 20896.03
20894.22 20896.03
20894.48 20896.28
20893.90 20895.61
20893.90 20895.61
20894.65 20896.36
20894.65 20896.36
20894.28 20896.23
20894.28 20896.23
20894.28 20896.23
20894.28 20896.23
20894.03 20895.97
20894.72 20896.53
20894.72 20896.53
20894.66 20896.35
20894.78 20896.73
20894.78 20896.73
20894.78 20896.73
20894.78 20896.73
