20719.72 20721.53
20719.72 20721.53
20719.72 20721.53
20718.91 20720.10
20721.78 20723.72
20721.78 20723.72
20725.22 20727.03
20725.22 20727.03
20725.83 20727.92
20725.83 20727.92
20725.16 20726.85
20725.16 20726.85
20724.97 20726.78
20724.97 20726.78
20723.78 20725.72
20723.78 20725.72
20722.83 20724.92
20722.78 20724.72
20722.78 20724.72
20722.41 20724.10
20722.41 20724.10
20723.47 20725.28
20724.46 20726.29
20724.46 20726.29
20724.03 20725.98
20724.03 20725.98
20726.15 20727.86
20726.15 20727.86
20726.28 20728.23
20722.72 20724.53
20722.72 20724.53
20722.64 20724.36
20722.64 20724.36
20723.28 20725.22
20722.72 20724.53
20722.72 20724.53
20719.03 20720.97
20719.03 20720.97
20718.96 20720.79
20717.97 20719.78
20717.97 20719.78
20717.97 20719.78
20718.22 20720.03
20718.22 20720.03
20718.28 20720.22
20718.28 20720.22
20718.16 20719.84
20718.53 20720.48
20718.53 20720.48
20718.46 20720.29
20718.46 20720.29
20718.53 20720.47
20718.53 20720.47
20718.78 20720.73
20716.98 20718.78
20716.98 20718.78
20716.98 20718.78
20716.58 20718.67
20716.58 20718.67
20716.72 20718.53
20716.72 20718.53
20715.66 20717.34
20715.66 20717.34
20713.53 20715.47
20713.46 20715.29
20713.46 20715.29
20712.03 20713.97
20712.03 20713.97
20712.03 20713.97
20711.65 20713.35
20711.65 20713.35
20710.06 20710.69
20708.39 20710.11
20708.39 20710.11
20709.28 20711.22
20709.28 20711.22
20712.46 20714.29
20712.46 20714.29
20712.40 20714.11
20715.28 20717.23
20715.28 20717.23
20716.03 20717.97
20717.03 20718.97
20717.03 20718.97
20715.98 20717.78
20715.98 20717.78
20716.67 20717.83
20716.46 20718.29
20716.46 20718.29
20715.72 20717.53
20715.72 20717.53
20715.72 20717.53
20715.90 20717.60
20715.90 20717.60
20715.91 20717.59
20715.91 20717.59
20716.90 20718.61
20716.90 20718.61
20716.90 20718.61
20718.28 20720.23
20718.28 20720.23
20714.53 20716.47
20714.53 20716.47
20716.78 20718.72
20716.78 20718.72
20715.28 20717.22
20715.28 20717.22
20714.72 20716.53
20716.78 20718.72
20716.78 20718.72
20715.31 20715.94
20715.31 20715.94
20713.40 20715.10
20713.72 20715.53
20713.72 20715.53
20714.66 20716.35
20714.91 20716.60
20714.91 20716.60
20714.40 20716.10
20714.40 20716.10
20714.55 20715.20
20714.55 20715.20
20713.78 20715.72
20713.23 20715.03
20713.23 20715.03
20711.58 20713.67
20711.58 20713.67
20711.97 20713.78
20712.47 20714.28
20712.47 20714.28
20713.28 20715.23
20713.28 20715.23
20713.28 20715.23
20713.53 20715.48
20713.53 20715.48
20714.58 20716.67
20714.72 20716.53
20714.72 20716.53
20714.72 20716.53
20714.28 20716.23
20714.28 20716.23
20712.41 20714.09
20712.41 20714.09
20712.28 20714.23
20712.28 20714.23
20713.41 20715.09
20713.41 20715.09
20714.47 20716.28
20711.48 20713.28
20711.48 20713.28
20711.48 20713.28
20711.48 20713.28
20711.39 20713.11
20711.39 20713.11
20711.23 20713.03
20711.23 20713.03
20710.22 20712.03
20709.97 20711.78
20709.97 20711.78
20711.53 20713.48
20711.53 20713.48
20711.53 20713.48
20712.47 20714.28
20713.66 20715.34
20713.66 20715.34
20713.47 20715.28
20713.47 20715.28
20713.65 20715.36
20713.65 20715.36
20713.98 20715.78
20712.72 20714.53
20712.72 20714.53
20712.66 20714.34
20712.66 20714.34
20711.47 20713.28
20710.98 20712.78
20710.98 20712.78
20711.21 20713.04
20711.21 20713.04
20712.73 20714.53
20712.72 20714.53
20712.72 20714.53
20712.66 20714.34
20712.66 20714.34
20710.28 20712.22
20710.28 20712.22
20710.58 20712.67
20709.66 20711.35
20709.66 20711.35
20710.83 20712.92
20711.65 20713.35
20711.65 20713.35
20711.48 20713.28
20711.48 20713.28
20711.48 20713.28
20710.53 20712.48
20710.53 20712.48
20709.22 20711.03
20709.22 20711.03
20708.97 20710.78
20708.58 20710.67
20708.58 20710.67
20709.53 20711.48
20709.47 20711.28
20709.47 20711.28
20709.53 20711.48
20709.53 20711.48
20709.22 20711.03
20709.22 20711.03
20710.91 20712.59
20710.91 20712.59
20710.91 20712.59
20709.47 20711.28
20709.72 20711.53
20709.72 20711.53
20709.73 20711.53
20709.73 20711.53
20710.53 20712.48
20710.53 20712.48
20710.53 20712.48
20711.14 20712.61
20711.14 20712.61
20711.14 20712.61
20710.96 20712.79
20711.39 20712.86
20711.39 20712.86
20711.48 20713.28
20711.48 20713.28
20711.41 20713.10
20711.41 20713.10
20711.72 20713.53
20711.72 20713.53
20711.03 20712.97
20711.22 20713.03
20711.22 20713.03
20711.22 20713.03
20710.91 20712.59
20709.96 20711.79
20709.96 20711.79
20708.88 20710.37
20708.88 20710.37
20708.65 20710.36
20708.65 20710.36
20708.88 20710.38
20708.88 20710.38
20709.16 20710.84
20708.65 20710.36
20708.65 20710.36
20709.53 20711.47
20709.53 20711.47
20709.21 20711.04
20709.21 20711.04
20709.41 20711.10
20709.41 20711.10
20708.72 20710.53
20708.72 20710.53
20708.41 20710.10
20708.41 20710.10
20707.98 20709.78
20707.88 20709.37
20707.88 20709.37
20707.72 20709.53
20707.73 20709.53
20707.73 20709.53
20707.73 20709.53
20709.65 20711.35
20709.47 20711.28
20709.47 20711.28
20709.21 20711.04
20709.47 20711.28
20709.47 20711.28
20709.65 20711.35
20710.48 20712.28
20710.48 20712.28
20709.64 20711.36
20709.64 20711.36
20709.03 20710.97
20709.03 20710.97
20709.53 20711.47
20709.03 20710.98
20709.03 20710.98
20709.65 20711.36
20709.47 20711.28
20709.47 20711.28
20710.03 20711.98
20710.03 20711.98
20710.78 20712.73
20710.78 20712.73
20710.98 20712.78
20710.98 20712.78
20712.22 20714.03
20712.22 20714.03
20712.23 20714.03
20712.47 20714.28
20712.47 20714.28
20711.16 20712.85
20711.16 20712.85
20712.98 20714.78
20712.97 20714.78
20712.97 20714.78
20713.73 20715.53
20713.72 20715.53
20713.72 20715.53
20713.21 20715.04
20713.21 20715.04
20712.47 20714.28
20712.47 20714.28
20712.47 20714.28
20713.41 20715.09
20712.97 20714.78
20712.97 20714.78
20712.97 20714.78
20712.97 20714.78
20712.66 20714.34
20712.65 20714.36
20712.65 20714.36
20712.64 20714.11
20712.64 20714.11
20710.78 20712.73
20710.71 20712.54
20710.71 20712.54
20710.97 20712.78
20710.97 20712.78
20711.66 20713.35
20711.66 20713.35
20710.72 20712.53
20710.72 20712.53
20711.21 20713.04
20710.78 20712.73
20710.78 20712.73
20710.53 20712.47
20711.47 20713.28
20711.47 20713.28
20709.47 20711.28
20709.47 20711.28
20709.65 20711.36
20709.65 20711.36
20709.65 20711.36
20711.98 20713.78
20711.98 20713.78
20711.78 20713.72
20711.03 20712.98
20711.03 20712.98
20709.97 20711.78
20709.97 20711.78
20710.78 20712.73
20710.78 20712.73
20709.46 20711.29
20709.46 20711.29
20709.46 20711.29
20709.53 20711.47
20709.53 20711.47
20711.65 20713.36
20711.65 20713.36
20710.28 20712.23
20710.28 20712.23
20710.28 20712.23
20709.91 20711.60
20709.98 20711.78
20709.98 20711.78
20709.97 20711.78
20709.97 20711.78
20709.97 20711.78
20710.16 20711.85
20710.16 20711.85
20710.58 20712.67
20709.53 20711.47
20709.53 20711.47
20709.53 20711.47
20709.48 20711.28
20709.48 20711.28
20709.48 20711.28
20710.15 20711.85
20710.15 20711.85
20712.15 20713.85
20712.15 20713.85
20713.22 20715.03
20713.22 20715.03
20713.22 20715.03
20713.47 20715.28
20712.91 20714.59
20712.91 20714.59
20713.16 20714.85
20713.16 20714.85
20713.15 20714.85
20712.66 20714.34
20712.66 20714.34
20712.66 20714.34
20712.64 20714.11
20712.64 20714.11
20712.47 20714.28
20711.72 20713.53
20711.72 20713.53
20711.40 20713.10
20711.40 20713.10
20711.40 20713.10
20711.40 20713.10
20710.53 20712.48
20710.97 20712.78
20710.97 20712.78
20711.03 20712.98
20711.03 20712.98
20710.22 20712.03
20710.22 20712.03
20710.23 20712.03
20710.72 20712.53
20710.72 20712.53
20711.47 20713.28
20711.47 20713.28
20711.14 20712.86
20710.03 20711.97
20710.03 20711.97
20709.65 20711.35
20709.65 20711.35
20709.66 20711.35
20710.41 20712.09
20710.41 20712.09
20710.90 20712.60
20710.90 20712.60
20710.89 20712.36
20711.47 20713.28
20711.47 20713.28
20711.47 20713.28
20711.40 20713.10
20711.40 20713.10
20711.38 20712.87
20711.38 20712.87
20711.46 20713.29
20711.46 20713.29
20710.46 20712.29
20710.98 20712.78
20710.98 20712.78
20711.15 20712.86
20710.98 20712.78
20710.98 20712.78
20710.22 20712.03
20710.22 20712.03
20709.72 20711.53
20709.72 20711.53
20711.08 20713.17
20711.08 20713.17
20711.41 20713.09
20711.22 20713.03
20711.22 20713.03
20712.47 20714.28
20712.47 20714.28
20712.47 20714.28
20712.28 20714.23
20712.28 20714.23
20713.03 20714.97
20713.65 20715.35
20713.65 20715.35
20712.65 20714.36
20712.65 20714.36
20713.40 20715.10
20713.46 20715.29
20713.46 20715.29
20713.46 20715.29
20713.46 20715.29
20713.46 20715.29
20711.97 20713.78
20712.14 20713.86
20712.14 20713.86
20712.48 20714.28
20713.28 20715.22
20713.28 20715.22
20713.13 20714.62
20713.13 20714.62
20713.13 20714.62
20713.48 20715.28
20713.41 20715.09
20713.41 20715.09
20713.48 20715.28
20713.48 20715.28
20713.48 20715.28
20712.96 20714.79
20712.96 20714.79
20712.22 20714.03
20712.22 20714.03
20712.22 20714.03
20712.22 20714.03
20708.33 20710.42
20708.33 20710.42
20709.22 20711.03
20709.22 20711.03
20709.46 20711.29
20710.03 20711.97
20710.03 20711.97
20709.72 20711.53
20709.72 20711.53
20709.78 20711.73
20709.78 20711.73
20709.78 20711.73
20709.96 20711.79
20709.96 20711.79
20710.16 20711.85
20710.41 20712.09
20710.41 20712.09
20710.41 20712.09
20710.41 20712.09
20710.39 20711.86
20713.40 20715.10
20713.40 20715.10
20712.53 20714.47
20712.53 20714.47
20712.46 20714.29
20712.40 20714.10
20712.40 20714.10
20712.40 20714.10
20713.22 20715.03
20713.22 20715.03
20714.97 20716.78
20715.91 20717.59
20715.91 20717.59
20717.88 20719.37
20718.66 20720.35
20718.66 20720.35
20718.66 20720.35
20718.28 20720.23
20718.53 20720.48
20718.53 20720.48
20716.53 20718.47
20716.53 20718.47
20717.72 20719.53
20717.15 20718.85
20717.15 20718.85
20717.37 20718.88
20717.37 20718.88
20716.64 20718.36
20711.91 20713.59
20711.91 20713.59
20713.66 20715.34
20713.66 20715.34
20713.22 20715.03
20713.46 20715.29
20713.46 20715.29
20712.53 20714.48
20712.53 20714.48
20713.23 20715.03
20712.65 20714.35
20712.65 20714.35
20711.66 20713.35
20711.66 20713.35
20711.66 20713.35
20708.72 20710.53
20708.72 20710.53
20707.47 20709.28
20707.53 20709.47
20707.53 20709.47
20707.72 20709.53
20707.72 20709.53
20707.90 20709.60
20707.90 20709.60
20706.73 20708.53
20706.73 20708.53
20706.22 20708.03
20706.22 20708.03
20710.66 20712.34
20710.66 20712.34
20710.66 20712.34
20711.48 20713.28
20711.48 20713.28
20711.46 20713.29
20711.46 20713.29
20710.98 20712.78
20710.98 20712.78
20710.65 20712.36
20710.65 20712.36
20711.14 20712.86
20711.14 20712.86
20709.47 20711.28
20709.47 20711.28
20708.97 20710.78
20708.97 20710.78
20708.66 20710.34
20708.66 20710.34
20709.98 20711.78
20712.15 20713.85
20712.15 20713.85
20713.22 20715.03
20713.64 20715.36
20713.64 20715.36
20713.87 20715.38
20713.87 20715.38
20713.16 20714.84
20713.16 20714.84
20712.98 20714.78
20712.98 20714.78
20712.47 20714.28
20712.41 20714.09
20712.41 20714.09
20712.18 20713.33
20712.18 20713.33
20711.41 20713.10
20711.41 20713.10
20712.16 20713.85
20712.16 20713.85
20714.91 20716.59
20714.53 20716.48
20714.53 20716.48
20715.73 20717.53
20715.73 20717.53
20716.03 20717.97
20716.03 20717.97
20716.72 20718.53
20716.72 20718.53
20716.97 20718.78
20717.23 20719.03
20717.23 20719.03
20716.41 20718.09
20716.41 20718.09
20716.22 20718.03
20716.22 20718.03
20716.15 20717.86
20716.15 20717.86
20715.98 20717.78
20715.98 20717.78
20715.47 20717.28
20715.47 20717.28
20714.28 20716.23
20714.22 20716.03
20714.22 20716.03
