21031.89 21033.36
21031.89 21033.36
21031.66 21033.34
21031.40 21033.10
21031.40 21033.10
21031.63 21033.13
21031.38 21032.87
21031.38 21032.87
21031.89 21033.36
21033.14 21034.61
21033.14 21034.61
21032.65 21034.35
21032.65 21034.35
21032.64 21034.11
21032.64 21034.11
21032.39 21034.11
21032.39 21033.86
21032.39 21033.86
21031.89 21033.61
21031.89 21033.61
21031.65 21033.36
21031.65 21033.36
21031.91 21033.59
21032.14 21033.61
21032.14 21033.61
21032.16 21033.85
21033.13 21034.63
21033.13 21034.63
21032.89 21034.36
21032.66 21034.34
21032.66 21034.34
21032.39 21034.11
21032.39 21034.11
21032.39 21034.11
21031.88 21033.37
21032.14 21033.61
21032.14 21033.61
21032.64 21034.11
21032.89 21034.36
21032.89 21034.36
21032.89 21034.36
21032.89 21034.36
21033.63 21035.13
21033.14 21034.86
21033.14 21034.86
21033.62 21035.13
21033.62 21035.13
21033.14 21034.61
21033.14 21034.61
21031.14 21032.61
21031.65 21033.36
21031.65 21033.36
21031.38 21032.88
21031.38 21032.88
21031.63 21033.12
21031.63 21033.12
21032.13 21033.63
21032.13 21033.63
21031.14 21032.61
21031.14 21032.61
21031.14 21032.61
21029.39 21030.86
21029.39 21030.86
21029.64 21031.36
21029.64 21031.36
21029.89 21031.36
21029.89 21031.36
21028.64 21030.36
21028.66 21029.84
21028.66 21029.84
21028.63 21030.12
21028.63 21030.12
21028.40 21030.10
21028.40 21030.10
21027.90 21029.61
21027.89 21029.36
21027.89 21029.36
21027.91 21029.59
21027.91 21029.59
21028.66 21030.35
21028.40 21030.10
21028.40 21030.10
21028.41 21030.10
21028.13 21029.62
21028.13 21029.62
21028.12 21029.63
21028.12 21029.63
21025.18 21026.33
21025.18 21026.33
21025.41 21027.09
21026.66 21028.34
21026.66 21028.34
21026.13 21027.62
21025.40 21027.11
21025.40 21027.11
21025.14 21026.86
21022.66 21023.84
21022.66 21023.84
21022.13 21023.63
21022.40 21024.10
21022.40 21024.10
21022.66 21024.35
21022.66 21024.35
21022.12 21023.63
21022.41 21024.09
21022.41 21024.09
21023.14 21024.61
21023.65 21025.36
21023.65 21025.36
21022.66 21023.84
21022.66 21023.84
21022.38 21023.87
21023.15 21024.85
21023.15 21024.85
21023.39 21024.86
21022.89 21024.61
21022.89 21024.61
21023.31 21023.94
21023.31 21023.94
21022.91 21024.60
21022.91 21024.60
21022.40 21024.10
21022.40 21024.10
21023.43 21024.58
21023.15 21024.85
21023.15 21024.85
21022.89 21024.61
21022.66 21024.35
21022.66 21024.35
21022.46 21024.29
21022.46 21024.29
21023.14 21024.86
21023.64 21025.11
21023.64 21025.11
21023.64 21025.11
21023.64 21025.36
21023.90 21025.60
21023.90 21025.60
21023.98 21025.78
21024.39 21025.86
21024.39 21025.86
21024.39 21025.86
21023.89 21025.61
21024.14 21025.86
21023.16 21024.84
21023.16 21024.84
21024.41 21026.09
21024.41 21026.09
21023.90 21025.60
21023.90 21025.60
21024.89 21026.36
21024.64 21026.36
21024.64 21026.36
21025.13 21026.62
21024.88 21026.38
21024.88 21026.38
21024.62 21026.13
21024.62 21026.13
21024.62 21026.13
21024.38 21025.87
21024.14 21025.86
21024.14 21025.86
21024.40 21026.11
21024.40 21026.11
21025.89 21027.36
21026.66 21027.85
21026.66 21027.85
21026.66 21027.85
21025.40 21027.10
21025.40 21027.10
21025.14 21026.86
21026.18 21027.33
21026.18 21027.33
21025.72 21027.53
21025.72 21027.53
21027.14 21028.86
21027.40 21029.11
21027.40 21029.11
21028.12 21029.63
21028.64 21030.11
21028.64 21030.11
21028.64 21030.11
21029.16 21030.34
21029.16 21030.34
21029.91 21031.10
21029.91 21031.10
21029.14 21030.61
21029.39 21030.86
21029.39 21030.86
21029.12 21030.63
21028.72 21030.53
21028.72 21030.53
21028.39 21030.11
21028.39 21030.11
21028.64 21030.11
21028.64 21030.11
21028.66 21029.84
21028.66 21029.84
21027.90 21029.61
21027.89 21029.36
21027.89 21029.36
21027.89 21029.36
21026.40 21028.10
21026.40 21028.10
21026.91 21028.59
21026.73 21028.53
21026.73 21028.53
21026.46 21028.29
21026.46 21028.29
21026.14 21027.86
21026.14 21027.86
21026.65 21028.35
21026.65 21028.35
21026.65 21028.35
21027.16 21028.84
21027.39 21028.86
21027.39 21028.86
21026.38 21027.88
21026.38 21027.88
21026.15 21027.86
21026.15 21027.86
21026.39 21027.86
21026.39 21027.86
21025.88 21027.37
21025.88 21027.37
21025.89 21027.36
21025.89 21027.36
21025.87 21027.38
21025.89 21027.36
21025.89 21027.36
21026.13 21027.63
21026.13 21027.63
21026.40 21028.11
21026.40 21028.11
21026.18 21027.33
21026.39 21027.86
21026.39 21027.86
21026.13 21027.62
21026.13 21027.62
21025.73 21027.53
21026.12 21027.63
21026.12 21027.63
21027.39 21029.11
21027.39 21029.11
21027.38 21028.88
21026.64 21028.11
21026.64 21028.11
21027.41 21029.09
21027.41 21029.09
21027.41 21029.09
21026.64 21028.11
21026.64 21028.11
21026.64 21028.11
21025.65 21027.36
21025.65 21027.36
21026.14 21027.61
21026.38 21027.87
21026.38 21027.87
21026.64 21028.11
21026.64 21028.11
21026.39 21028.11
21026.39 21028.11
21026.15 21027.86
21026.38 21027.88
21026.38 21027.88
21026.15 21027.85
21026.15 21027.85
21026.14 21027.61
21026.16 21027.34
21026.16 21027.34
21026.14 21027.86
21027.38 21028.88
21027.38 21028.88
21027.64 21029.36
21027.64 21029.36
21027.16 21028.84
21027.16 21028.84
21028.15 21029.85
21028.15 21029.85
21028.38 21029.87
21028.38 21029.87
21028.67 21029.83
21028.67 21029.83
21028.16 21029.34
21026.90 21028.61
21027.41 21029.10
21027.41 21029.10
21026.64 21028.36
21026.64 21028.36
21027.90 21029.61
21027.66 21029.34
21027.66 21029.34
21027.66 21029.34
21027.66 21029.34
21027.88 21029.38
21026.65 21028.35
21026.65 21028.35
21028.64 21030.11
21028.39 21030.11
21027.66 21029.34
21027.66 21029.34
21027.41 21029.09
21027.41 21029.09
21027.41 21029.09
21027.16 21028.85
21027.14 21028.86
21027.64 21029.11
21027.64 21029.11
21026.73 21028.53
21026.73 21028.53
21026.72 21028.53
21027.66 21029.34
21027.66 21029.34
21028.38 21029.88
21028.38 21029.88
21028.41 21029.59
21028.41 21029.59
21027.66 21029.34
21027.66 21029.34
21027.16 21028.85
21027.16 21028.85
21027.40 21029.10
21027.40 21029.10
21027.40 21029.10
21027.66 21029.35
21027.66 21029.35
21027.39 21029.11
21027.39 21029.11
21027.48 21029.28
21027.48 21029.28
21026.88 21028.37
21026.88 21028.37
21027.38 21028.87
21027.16 21028.84
21027.16 21028.84
21027.41 21029.10
21027.41 21029.10
21027.65 21029.35
21027.65 21029.35
21026.89 21028.36
21027.39 21029.11
21027.39 21029.11
21027.41 21029.09
21027.41 21029.09
21029.42 21030.58
21029.42 21030.58
21029.15 21030.85
21029.15 21030.85
21029.15 21030.85
21029.15 21030.85
21029.66 21030.84
21029.66 21030.84
21030.16 21031.34
21030.16 21031.34
21029.89 21031.36
21029.88 21031.37
21029.88 21031.37
21029.88 21031.37
21030.13 21031.63
21030.13 21031.63
21030.16 21031.84
21030.16 21031.84
21030.66 21031.84
21030.66 21031.84
21029.17 21030.33
21028.65 21030.35
21028.65 21030.35
21028.13 21029.62
21028.13 21029.62
21028.14 21029.61
21028.14 21029.61
21027.91 21029.59
21027.91 21029.59
21029.16 21030.34
21029.16 21030.34
21031.66 21033.34
21031.66 21033.34
21031.66 21033.34
21030.88 21032.38
21031.38 21032.87
21031.38 21032.87
21031.38 21032.87
21031.14 21032.61
21031.14 21032.61
21030.89 21032.36
21030.16 21031.84
21030.16 21031.84
21030.66 21032.34
21030.66 21032.34
21030.38 21031.87
21030.38 21031.87
21030.66 21032.35
21030.66 21032.35
21030.39 21032.11
21030.90 21032.60
21030.90 21032.60
21031.14 21032.61
21032.87 21034.38
21032.87 21034.38
21032.16 21033.85
21032.16 21033.85
21032.64 21034.36
21032.64 21034.36
21032.89 21034.36
21033.38 21034.88
21033.38 21034.88
21033.38 21034.88
21033.39 21034.86
21033.39 21034.86
21033.39 21034.86
21033.39 21034.86
21033.39 21034.86
21033.14 21034.61
21033.14 21034.61
21033.14 21034.61
21033.14 21034.61
21032.91 21034.59
21032.91 21034.59
21032.91 21034.59
21032.91 21034.10
21032.91 21034.10
21032.91 21034.10
21033.64 21035.11
21033.64 21035.11
21032.89 21034.61
21032.89 21034.61
21032.37 21033.88
21032.37 21033.88
21032.63 21034.12
21032.63 21034.12
21032.39 21033.86
21032.39 21033.86
21032.39 21033.86
21033.89 21035.36
21033.16 21034.84
21033.16 21034.84
21032.88 21034.38
21032.88 21034.38
21032.88 21034.37
21032.88 21034.37
21032.39 21034.11
21032.39 21034.11
21032.39 21034.11
21032.39 21034.11
21032.89 21034.36
21032.89 21034.36
21033.39 21034.86
21033.40 21035.10
21033.40 21035.10
21033.38 21034.88
21033.38 21034.88
21034.15 21035.86
21034.15 21035.86
21034.16 21035.85
21034.16 21035.85
21034.22 21036.03
21036.62 21038.13
21036.62 21038.13
21036.41 21038.09
21035.88 21037.38
21035.88 21037.38
21035.88 21037.38
21035.90 21037.60
21035.14 21036.86
21035.14 21036.86
21035.14 21036.86
21035.16 21036.84
21035.16 21036.84
21035.14 21036.86
21035.41 21037.09
21035.41 21037.09
21035.64 21037.11
21035.64 21037.11
21035.39 21036.86
21035.39 21036.86
21035.64 21037.36
21037.15 21038.85
21037.15 21038.85
21037.65 21039.36
21037.65 21039.36
21037.15 21038.85
21037.41 21039.09
21037.41 21039.09
21037.41 21039.10
21037.40 21039.10
21037.40 21039.10
21037.37 21038.88
21037.37 21038.88
21037.37 21038.88
21037.41 21039.09
21037.64 21039.11
21037.64 21039.11
21037.64 21039.11
21036.90 21038.60
21036.90 21038.60
21036.89 21038.36
21036.91 21038.59
21036.91 21038.59
21036.91 21038.59
21036.71 21038.54
21035.89 21037.36
21035.89 21037.36
21036.41 21037.60
21036.14 21037.61
21036.14 21037.61
21035.64 21037.11
21034.89 21036.36
21034.89 21036.36
21035.37 21036.88
21035.37 21036.88
21034.89 21036.61
21034.89 21036.61
21035.39 21037.11
21035.40 21037.10
21035.40 21037.10
21035.40 21037.11
21035.88 21037.38
21035.88 21037.38
21035.13 21036.62
21035.13 21036.62
21035.63 21037.12
21035.63 21037.12
21035.63 21037.12
21035.88 21037.38
21035.88 21037.38
21035.39 21036.86
21035.39 21036.86
21035.39 21036.86
21034.91 21036.60
21034.89 21036.36
21034.89 21036.36
21033.39 21035.11
21033.39 21035.11
21032.91 21034.59
21033.39 21034.86
21033.39 21034.86
21033.39 21034.86
21033.37 21034.88
21033.37 21034.88
21032.91 21034.59
21033.65 21035.35
21033.65 21035.35
21033.13 21034.63
21032.89 21034.36
21032.89 21034.36
21032.89 21034.36
21032.65 21034.35
21032.40 21034.10
21032.40 21034.10
21032.39 21034.11
21032.39 21034.11
21031.39 21032.86
21031.64 21033.36
21031.64 21033.36
21031.39 21033.11
21031.89 21033.36
21031.89 21033.36
21031.64 21033.36
21031.64 21033.36
21032.16 21033.85
21031.65 21033.35
21031.65 21033.35
21032.13 21033.62
21032.13 21033.62
21032.13 21033.62
21031.40 21033.10
21031.40 21033.10
21031.16 21032.84
21031.16 21032.84
21031.63 21033.12
21031.39 21032.86
21031.39 21032.86
21031.14 21032.86
21031.14 21032.86
21030.64 21032.11
21028.14 21029.86
21028.14 21029.86
21028.23 21030.03
21028.23 21030.03
21027.03 21028.97
21027.03 21028.97
21027.66 21029.34
21027.66 21029.34
21027.90 21029.61
21027.90 21029.61
21028.14 21029.61
21028.41 21030.10
21028.41 21030.10
21028.41 21030.10
21028.14 21029.86
21028.14 21029.86
21028.63 21030.12
21028.64 21030.11
21028.64 21030.11
21029.14 21030.61
21029.38 21030.87
21029.38 21030.87
21028.39 21030.11
21028.39 21030.11
21028.41 21030.10
21028.39 21029.86
21028.39 21029.86
21028.89 21030.36
21029.40 21031.10
21029.40 21031.10
21029.41 21031.10
21029.41 21031.10
21029.64 21031.11
21029.64 21031.11
21029.39 21031.11
21029.39 21031.11
21029.47 21031.28
21029.40 21031.10
21029.40 21031.10
21029.40 21031.10
21029.40 21031.10
21029.65 21031.36
21028.91 21030.59
21028.91 21030.59
21028.91 21030.59
21028.89 21030.36
21028.89 21030.36
21028.88 21030.37
21028.63 21030.12
21028.63 21030.12
