20744.08 20746.17
20744.08 20746.17
20743.03 20744.97
20743.03 20744.97
20743.03 20744.97
20743.22 20745.03
20742.78 20744.72
20742.78 20744.72
20742.72 20744.53
20742.48 20744.28
20742.48 20744.28
20742.42 20743.59
20742.42 20743.59
20742.47 20744.28
20742.47 20744.28
20742.47 20744.28
20742.47 20744.28
20742.47 20744.28
20742.47 20744.28
20742.40 20744.10
20742.40 20744.10
20741.96 20743.79
20742.66 20744.35
20742.66 20744.35
20741.03 20742.97
20741.03 20742.97
20740.72 20742.53
20741.41 20743.10
20741.41 20743.10
20740.89 20742.61
20739.90 20741.60
20739.90 20741.60
20739.47 20741.28
20739.47 20741.28
20738.98 20740.78
20738.91 20740.60
20738.91 20740.60
20738.46 20740.29
20738.46 20740.29
20734.16 20735.85
20734.16 20735.85
20734.16 20735.85
20734.53 20736.48
20734.53 20736.47
20735.91 20737.60
20735.91 20737.60
20734.66 20736.35
20735.39 20736.86
20735.39 20736.86
20735.39 20736.86
20734.89 20736.36
20734.89 20736.36
20734.73 20736.53
20734.73 20736.53
20731.96 20733.79
20731.22 20733.03
20731.22 20733.03
20731.16 20732.85
20731.22 20733.03
20731.22 20733.03
20730.78 20732.73
20730.78 20732.73
20731.39 20733.11
20731.39 20733.11
20732.03 20733.97
20732.03 20733.97
20732.73 20734.53
20732.73 20734.53
20732.73 20734.53
20733.89 20735.61
20733.89 20735.61
20735.22 20737.03
20735.41 20737.10
20735.41 20737.10
20736.15 20737.86
20736.15 20737.86
20735.91 20737.59
20735.91 20737.59
20736.15 20737.85
20736.47 20738.28
20736.47 20738.28
20736.47 20738.28
20736.47 20738.28
20736.47 20738.28
20736.28 20738.23
20736.28 20738.23
20735.96 20737.79
20736.03 20737.97
20736.03 20737.97
20736.03 20737.98
20736.03 20737.98
20735.90 20737.60
20735.90 20737.60
20736.21 20738.04
20736.21 20738.04
20735.03 20736.97
20735.03 20736.97
20735.38 20737.62
20735.38 20737.62
20736.40 20738.11
20736.64 20738.36
20736.64 20738.36
20736.88 20738.37
20736.71 20738.54
20736.71 20738.54
20736.71 20738.54
20736.47 20738.28
20737.15 20738.85
20737.15 20738.85
20737.22 20739.03
20737.22 20739.03
20736.98 20738.78
20736.98 20738.78
20736.98 20738.78
20736.97 20738.78
20736.97 20738.78
20737.03 20738.98
20737.03 20738.98
20737.78 20739.72
20737.71 20739.54
20737.71 20739.54
20738.23 20740.03
20737.14 20738.86
20737.14 20738.86
20738.97 20740.78
20738.97 20740.78
20739.22 20741.03
20738.28 20740.23
20738.28 20740.23
20737.47 20739.28
20737.23 20739.03
20737.23 20739.03
20737.72 20739.53
20737.90 20739.60
20737.90 20739.60
20737.78 20739.72
20737.78 20739.72
20737.47 20739.28
20737.47 20739.28
20735.98 20737.78
20735.98 20737.78
20734.73 20736.53
20734.21 20736.04
20734.21 20736.04
20734.03 20735.97
20734.03 20735.97
20734.21 20736.04
20731.72 20733.53
20731.72 20733.53
20730.39 20731.86
20731.91 20733.60
20731.91 20733.60
20731.22 20733.03
20731.83 20733.92
20731.83 20733.92
20731.53 20733.47
20728.14 20729.86
20728.14 20729.86
20729.46 20731.29
20729.65 20731.35
20729.65 20731.35
20732.03 20733.97
20732.03 20733.97
20732.53 20734.47
20733.22 20735.03
20733.22 20735.03
20732.28 20734.22
20732.28 20734.22
20731.88 20733.37
20731.88 20733.37
20732.28 20734.22
20731.28 20733.23
20731.28 20733.23
20731.91 20733.60
20731.91 20733.60
20732.40 20734.11
20732.40 20734.11
20732.41 20734.10
20732.41 20734.10
20732.98 20734.78
20732.98 20734.78
20733.53 20735.48
20734.03 20735.97
20734.03 20735.97
20734.16 20735.84
20734.16 20735.84
20733.47 20735.28
20733.47 20735.28
20732.71 20734.54
20732.71 20734.54
20732.71 20734.54
20733.03 20734.97
20733.03 20734.97
20733.03 20734.98
20733.03 20734.98
20733.39 20735.11
20733.97 20735.78
20733.97 20735.78
20736.98 20738.78
20736.89 20738.61
20736.89 20738.61
20738.39 20739.86
20737.48 20739.28
20737.48 20739.28
20737.71 20739.54
20737.71 20739.54
20737.71 20739.54
20737.96 20739.79
20737.96 20739.79
20738.15 20739.85
20738.15 20739.85
20738.66 20740.34
20739.38 20740.88
20739.38 20740.88
20739.05 20739.70
20739.05 20739.70
20739.88 20741.38
20740.66 20742.35
20740.66 20742.35
20742.46 20744.29
20741.91 20743.60
20741.91 20743.60
20742.72 20744.53
20742.22 20744.03
20742.22 20744.03
20742.64 20744.36
20742.64 20744.36
20742.23 20744.03
20742.23 20744.03
20740.72 20742.53
20740.72 20742.53
20741.23 20743.03
20739.71 20741.54
20739.71 20741.54
20739.78 20741.72
20740.53 20742.48
20740.53 20742.48
20742.64 20744.36
20742.64 20744.36
20743.15 20744.85
20743.15 20744.85
20743.23 20745.03
20742.98 20744.78
20742.98 20744.78
20742.98 20744.78
20743.39 20745.11
20743.39 20745.11
20744.03 20745.97
20744.03 20745.97
20744.41 20746.10
20746.03 20747.97
20746.03 20747.97
20746.13 20748.37
20746.64 20748.36
20746.64 20748.36
20746.88 20748.38
20746.88 20748.38
20745.23 20747.03
20745.23 20747.03
20745.14 20746.86
20745.47 20747.28
20745.47 20747.28
20745.40 20747.11
20744.97 20746.78
20744.97 20746.78
20745.47 20747.28
20745.98 20747.78
20745.98 20747.78
20746.16 20747.84
20746.16 20747.84
20747.14 20748.86
20747.78 20749.72
20747.78 20749.72
20748.40 20750.10
20748.40 20750.10
20749.48 20751.28
20749.48 20751.28
20748.71 20750.54
20748.71 20750.54
20748.41 20750.10
20748.97 20750.78
20748.97 20750.78
20750.38 20751.87
20750.38 20751.87
20749.66 20751.34
20749.66 20751.34
20750.28 20752.22
20750.28 20752.22
20750.16 20751.85
20750.66 20752.34
20750.66 20752.34
20750.90 20752.61
20750.88 20752.38
20750.88 20752.38
20751.12 20752.63
20751.12 20752.63
20751.14 20752.61
20751.14 20752.61
20751.46 20753.29
20752.97 20754.78
20752.97 20754.78
20751.41 20753.10
20751.48 20753.28
20751.48 20753.28
20750.48 20752.28
20750.48 20752.28
20750.46 20752.29
20750.22 20752.03
20750.22 20752.03
20753.53 20755.47
20753.53 20755.47
20753.41 20755.10
20753.47 20755.28
20753.47 20755.28
20753.64 20755.11
20755.03 20756.97
20755.03 20756.97
20754.78 20756.72
20754.28 20756.23
20754.28 20756.23
20755.89 20757.36
20755.89 20757.36
20755.72 20757.53
20756.14 20757.61
20756.14 20757.61
20757.89 20759.61
20757.89 20759.61
20757.97 20759.78
20757.97 20759.78
20757.97 20759.78
20759.16 20760.84
20759.16 20760.84
20759.16 20760.85
20759.46 20761.29
20759.46 20761.29
20760.64 20762.36
20760.64 20762.36
20761.91 20763.60
20759.90 20761.60
20759.90 20761.60
20759.12 20760.63
20759.12 20760.63
20761.38 20762.88
20761.38 20762.88
20761.23 20763.03
20761.71 20763.54
20761.71 20763.54
20762.14 20763.61
20764.39 20765.86
20764.39 20765.86
20766.22 20768.03
20766.38 20767.87
20766.38 20767.87
20765.22 20767.03
20766.87 20768.38
20766.87 20768.38
20767.88 20769.37
20767.88 20769.37
20767.66 20769.35
20768.37 20769.88
20768.37 20769.88
20768.42 20769.59
20768.42 20769.59
20768.14 20769.61
20769.15 20770.85
20769.15 20770.85
20770.48 20772.28
20772.56 20773.19
20772.56 20773.19
20770.90 20772.61
20771.14 20772.86
20771.14 20772.86
20770.65 20772.35
20770.73 20772.53
20770.73 20772.53
20768.15 20769.85
20770.71 20772.54
20770.71 20772.54
20770.97 20772.78
20770.97 20772.78
20770.97 20772.78
20769.03 20770.98
20768.91 20770.59
20768.91 20770.59
20768.22 20770.03
20768.83 20770.92
20768.83 20770.92
20771.71 20773.54
20771.71 20773.54
20771.63 20773.12
20772.21 20774.04
20772.21 20774.04
20772.72 20774.53
20772.72 20774.53
20773.88 20775.38
20773.88 20775.38
20774.41 20776.10
20774.22 20776.03
20774.22 20776.03
20772.96 20774.79
20772.96 20774.79
20772.96 20774.79
20773.71 20775.54
20773.71 20775.54
20773.40 20775.10
20774.03 20775.97
20774.03 20775.97
20772.91 20774.60
20772.91 20774.60
20772.46 20774.29
20771.41 20773.09
20771.41 20773.09
20771.66 20773.35
20771.41 20773.10
20771.41 20773.10
20770.14 20771.61
20770.14 20771.61
20772.72 20774.53
20771.97 20773.78
20771.97 20773.78
20774.89 20776.36
20774.41 20776.09
20774.41 20776.09
20774.40 20776.10
20774.40 20776.10
20773.16 20774.85
20773.16 20774.85
20772.22 20774.03
20772.22 20774.03
20771.65 20773.35
20771.97 20773.78
20771.97 20773.78
20772.39 20774.11
20774.14 20775.61
20774.14 20775.61
20774.38 20775.87
20774.38 20775.87
20774.96 20776.79
20775.63 20777.12
20775.63 20777.12
20776.16 20777.85
20776.16 20777.85
20777.97 20779.78
20777.97 20779.78
20776.89 20778.61
20776.89 20778.61
20777.15 20778.85
20777.53 20779.47
20777.53 20779.47
20778.66 20780.35
20778.66 20780.35
20778.14 20779.61
20777.91 20779.59
20777.91 20779.59
20777.47 20779.28
20776.41 20778.09
20776.41 20778.09
20776.64 20778.36
20777.21 20779.04
20777.21 20779.04
20778.03 20779.97
20778.03 20779.97
20779.21 20781.04
20779.21 20781.04
20780.28 20782.23
20780.14 20781.86
20779.89 20781.36
20779.89 20781.36
20780.15 20781.86
20780.15 20781.86
20779.53 20781.47
20780.87 20782.38
20780.87 20782.38
20781.46 20783.29
20781.46 20783.29
20781.64 20783.36
20781.28 20783.23
20781.28 20783.23
20781.16 20782.84
20781.16 20782.84
20781.14 20782.61
20780.66 20782.34
20780.66 20782.34
20779.96 20781.79
20779.96 20781.79
20780.96 20782.79
20781.47 20783.28
20781.47 20783.28
20781.89 20783.61
20781.21 20783.04
20781.21 20783.04
20778.96 20780.79
20779.37 20780.88
20779.37 20780.88
20778.64 20780.36
20778.64 20780.36
20778.89 20780.61
20778.89 20780.61
20780.47 20782.28
20779.78 20781.72
20779.78 20781.72
20779.78 20781.72
20780.15 20781.85
20780.65 20782.36
20780.65 20782.36
20781.13 20782.62
20781.13 20782.62
20780.21 20782.04
20780.21 20782.04
20780.21 20782.04
20780.21 20782.04
20780.16 20781.84
20780.16 20781.84
20779.66 20781.35
20780.13 20781.62
20780.13 20781.62
20779.78 20781.72
20779.21 20781.04
20779.21 20781.04
20779.78 20781.73
20779.78 20781.73
20779.89 20781.36
20779.89 20781.36
20780.12 20781.63
20781.97 20783.78
20781.97 20783.78
20781.91 20783.60
20781.91 20783.60
20782.16 20783.34
20783.48 20785.28
20783.48 20785.28
20784.13 20785.62
20784.13 20785.62
20783.53 20785.47
20783.53 20785.47
20781.66 20783.34
20781.66 20783.34
20780.72 20782.53
20781.72 20783.53
20781.72 20783.53
20781.98 20783.78
20781.98 20783.78
20782.39 20784.11
20782.39 20784.11
20782.65 20784.35
20782.65 20784.35
20781.65 20783.36
20781.65 20783.36
20781.66 20783.35
20781.21 20783.04
20781.21 20783.04
20781.17 20782.33
20781.17 20782.33
20781.22 20783.03
20781.22 20783.03
20781.97 20783.78
20782.72 20784.53
20782.72 20784.53
20782.72 20784.53
20782.48 20784.28
20778.72 20780.53
20778.72 20780.53
20779.41 20781.10
20779.71 20781.54
20779.71 20781.54
20780.46 20782.29
20780.46 20782.29
20781.46 20783.29
20781.41 20783.10
20781.41 20783.10
20781.47 20783.28
20781.47 20783.28
20781.15 20782.86
20782.66 20784.35
20782.66 20784.35
20783.65 20785.36
20783.91 20785.60
20783.91 20785.60
20784.14 20785.86
20783.14 20784.61
20783.14 20784.61
20781.96 20783.79
20781.96 20783.79
20782.68 20783.83
20782.68 20783.83
20783.21 20785.04
20783.21 20785.04
20785.22 20787.03
20791.16 20792.85
20788.90 20790.60
20788.90 20790.60
20789.41 20791.10
20789.41 20791.10
20789.64 20791.36
20789.62 20791.13
20789.62 20791.13
20790.22 20792.03
20789.90 20791.60
20789.90 20791.60
20790.14 20791.61
20790.14 20791.61
20790.22 20792.03
20790.63 20792.12
20790.63 20792.12
20790.48 20792.28
20790.48 20792.28
20790.40 20792.10
20788.91 20790.60
20788.91 20790.60
20789.14 20790.61
20789.64 20791.11
20789.64 20791.11
20790.21 20792.04
20790.66 20792.35
20790.66 20792.35
20790.87 20792.38
20790.90 20792.60
20790.90 20792.60
20791.15 20792.86
20790.97 20792.78
20790.97 20792.78
20789.23 20791.03
20789.23 20791.03
20793.16 20794.84
