20891.16 20892.84
20891.16 20892.84
20891.15 20892.86
20891.15 20892.86
20891.15 20892.86
20891.15 20892.86
20891.40 20893.11
20891.40 20893.11
20891.40 20893.11
20891.63 20893.13
20891.63 20893.13
20891.66 20893.35
20891.38 20892.88
20891.38 20892.88
20888.41 20890.09
20887.66 20889.35
20887.66 20889.35
20888.96 20890.79
20888.96 20890.79
20889.16 20890.85
20889.16 20890.85
20889.16 20890.85
20889.16 20890.85
20888.90 20890.60
20888.90 20890.60
20888.90 20890.60
20888.90 20890.60
20888.90 20890.60
20888.90 20890.60
20888.39 20889.86
20888.39 20889.86
20888.16 20889.85
20888.16 20889.85
20887.89 20889.36
20887.89 20889.36
20887.96 20889.79
20887.96 20889.79
20887.96 20889.79
20887.96 20889.79
20888.23 20890.03
20888.23 20890.03
20888.21 20890.04
20888.66 20890.34
20888.66 20890.34
20887.53 20889.47
20887.53 20889.47
20888.16 20889.84
20888.16 20889.84
20887.96 20889.79
20887.78 20889.72
20887.78 20889.72
20887.78 20889.72
20887.96 20889.79
20887.96 20889.79
20889.55 20890.20
20889.55 20890.20
20889.55 20890.20
20889.40 20891.11
20889.40 20891.11
20889.65 20891.35
20889.65 20891.35
20889.46 20891.29
20888.71 20890.54
20888.71 20890.54
20888.71 20890.54
20888.98 20890.78
20888.98 20890.78
20888.96 20890.79
20888.96 20890.79
20888.98 20890.78
20888.98 20890.78
20888.98 20890.78
20888.98 20890.78
20889.22 20891.03
20889.22 20891.03
20889.22 20891.03
20889.39 20891.11
20889.03 20890.97
20889.03 20890.97
20887.21 20889.04
20887.21 20889.04
20887.66 20889.34
20887.66 20889.34
20887.41 20889.09
20887.41 20889.09
20887.87 20889.38
20887.87 20889.38
20887.87 20889.38
20887.65 20889.36
20887.65 20889.36
20887.48 20889.28
20887.48 20889.28
20887.40 20889.10
20886.90 20888.61
20886.90 20888.61
20886.90 20888.61
20886.90 20888.61
20886.90 20888.61
20886.89 20888.36
20886.89 20888.36
20886.97 20888.78
20886.97 20888.78
20886.91 20888.60
20886.91 20888.60
20886.91 20888.60
20886.90 20888.61
20886.90 20888.61
20886.91 20888.59
20886.91 20888.59
20886.96 20888.79
20886.88 20888.37
20886.88 20888.37
20886.88 20888.37
20886.66 20888.35
20886.66 20888.35
20886.72 20888.53
20886.98 20888.78
20886.98 20888.78
20886.66 20888.35
20886.66 20888.35
20886.66 20888.35
20887.15 20888.85
20887.15 20888.85
20887.15 20888.85
20886.71 20888.54
20886.71 20888.54
20886.23 20888.03
20886.23 20888.03
20879.16 20880.85
20877.88 20879.38
20877.88 20879.38
20879.66 20880.84
20879.71 20881.54
20879.71 20881.54
20880.42 20881.59
20879.41 20881.09
20879.41 20881.09
20878.98 20880.78
20876.65 20878.35
20876.65 20878.35
20878.14 20879.86
20878.14 20879.86
20877.16 20878.85
20877.23 20879.03
20877.23 20879.03
20877.16 20878.84
20879.28 20881.22
20879.28 20881.22
20879.48 20881.28
20879.48 20881.28
20879.03 20880.98
20878.91 20880.59
20878.91 20880.59
20878.48 20880.28
20878.48 20880.28
20877.66 20879.35
20877.71 20879.54
20877.71 20879.54
20878.15 20879.85
20878.15 20879.85
20877.73 20879.53
20877.73 20879.53
20878.64 20880.36
20875.90 20877.61
20875.90 20877.61
20876.62 20878.13
20876.62 20878.13
20876.41 20878.09
20876.41 20878.09
20876.16 20877.85
20876.16 20877.85
20875.53 20877.47
20876.63 20878.13
20876.63 20878.13
20876.41 20877.59
20877.66 20878.85
20877.66 20878.85
20877.38 20878.87
20877.38 20878.87
20878.62 20880.13
20878.62 20880.13
20878.91 20880.59
20880.06 20880.69
20880.06 20880.69
20878.96 20880.79
20878.96 20880.79
20878.41 20880.10
20878.41 20880.10
20878.46 20880.29
20878.46 20880.29
20878.71 20880.54
20878.71 20880.54
20878.23 20880.03
20878.23 20880.03
20875.78 20877.72
20875.78 20877.72
20875.46 20877.29
20875.48 20877.28
20875.48 20877.28
20874.64 20876.11
20875.41 20877.10
20875.41 20877.10
20875.41 20877.10
20875.41 20877.09
20875.41 20877.09
20875.98 20877.78
20875.98 20877.78
20875.53 20877.48
20875.88 20877.37
20875.88 20877.37
20875.88 20877.37
20875.66 20877.35
20875.66 20877.35
20875.90 20877.61
20875.90 20877.61
20875.91 20877.59
20875.91 20877.59
20875.91 20877.59
20876.14 20877.86
20876.14 20877.86
20875.97 20877.78
20875.97 20877.78
20875.41 20877.09
20875.41 20877.09
20875.46 20877.29
20875.46 20877.29
20875.21 20877.04
20875.21 20877.04
20875.71 20877.54
20875.71 20877.54
20875.48 20877.28
20875.48 20877.28
20875.53 20877.48
20875.53 20877.47
20875.53 20877.47
20875.28 20877.23
20875.28 20877.23
20875.97 20877.78
20875.97 20877.78
20877.15 20878.86
20877.15 20878.86
20875.78 20877.73
20875.47 20877.28
20875.47 20877.28
20876.16 20877.85
20876.16 20877.85
20876.15 20877.86
20876.15 20877.86
20876.58 20878.67
20876.58 20878.67
20876.38 20877.88
20876.38 20877.88
20875.96 20877.79
20875.90 20877.60
20875.90 20877.60
20875.91 20877.59
20875.91 20877.59
20876.03 20877.97
20876.03 20877.97
20876.03 20877.97
20876.15 20877.86
20876.21 20878.04
20876.21 20878.04
20876.21 20878.04
20876.21 20878.04
20876.21 20878.04
20876.21 20878.04
20876.21 20878.04
20875.91 20877.60
20875.91 20877.60
20876.23 20878.03
20876.23 20878.03
20876.23 20878.03
20877.37 20878.88
20877.37 20878.88
20879.41 20881.09
20879.66 20881.34
20879.66 20881.34
20879.28 20881.22
20878.47 20880.28
20878.47 20880.28
20878.47 20880.28
20878.16 20879.84
20878.16 20879.84
20878.17 20879.33
20878.17 20879.33
20877.46 20879.29
20878.16 20879.85
20878.16 20879.85
20878.88 20880.37
20878.88 20880.37
20878.63 20880.12
20878.63 20880.12
20879.58 20881.67
20879.58 20881.67
20879.58 20881.67
20879.53 20881.48
20879.53 20881.48
20879.16 20880.85
20879.16 20880.85
20879.16 20880.85
20879.40 20881.11
20879.40 20881.11
20879.39 20881.11
20879.16 20880.34
20879.16 20880.34
20879.16 20880.34
20879.16 20880.34
20878.37 20879.88
20878.37 20879.88
20878.37 20879.88
20878.38 20879.88
20878.38 20879.88
20878.98 20880.78
20880.21 20882.04
20880.21 20882.04
20880.22 20882.03
20880.22 20882.03
20879.58 20881.67
20879.58 20881.67
20880.16 20881.85
20880.16 20881.85
20880.37 20881.88
20880.37 20881.88
20880.37 20881.88
20880.38 20881.87
20877.71 20879.54
20877.71 20879.54
20877.66 20879.34
20877.66 20879.34
20877.66 20879.34
20877.66 20879.34
20877.66 20879.34
20877.66 20879.34
20877.66 20879.35
20877.66 20879.35
20877.66 20879.35
20877.66 20879.35
20877.66 20879.35
20876.98 20878.78
20876.98 20878.78
20877.28 20879.23
20877.28 20879.23
20877.03 20878.97
20877.03 20878.97
20877.03 20878.97
20877.40 20879.11
20877.78 20879.73
20877.78 20879.73
20877.78 20879.73
20877.88 20880.12
20877.88 20880.12
20877.88 20880.12
20877.88 20880.12
20877.88 20880.12
20877.83 20879.92
20877.83 20879.92
20877.83 20879.92
20878.88 20880.37
20879.03 20880.97
20879.03 20880.98
20879.03 20880.98
20878.96 20880.79
20878.96 20880.79
20879.15 20880.85
20879.15 20880.85
20878.78 20880.73
20878.78 20880.73
20879.15 20880.85
20879.15 20880.85
20878.78 20880.72
20878.78 20880.72
20877.91 20879.60
20877.91 20879.60
20877.91 20879.60
20877.91 20879.60
20877.91 20879.60
20877.91 20879.60
20877.91 20879.60
20876.89 20878.61
20874.96 20876.79
20874.96 20876.79
20874.96 20876.79
20874.96 20876.79
20874.96 20876.79
20874.96 20876.79
20874.96 20876.79
20874.98 20876.78
20874.98 20876.78
20874.98 20876.78
20874.98 20876.78
20874.98 20876.78
20875.14 20876.86
20875.14 20876.86
20874.98 20876.78
20874.98 20876.78
20874.97 20876.78
20874.97 20876.78
20874.63 20876.12
20874.63 20876.12
20874.63 20876.12
20874.66 20876.34
20871.66 20873.34
20871.66 20873.34
20872.65 20874.35
20872.65 20874.35
20871.46 20873.29
20871.71 20873.54
20871.71 20873.54
20871.48 20873.28
20871.48 20873.28
20871.16 20872.84
20871.16 20872.84
20868.13 20869.63
20867.90 20869.60
20867.90 20869.60
20868.46 20870.29
20868.46 20870.29
20867.96 20869.79
20867.96 20869.79
20868.41 20870.10
20868.03 20869.97
20868.03 20869.97
20868.22 20870.03
20868.22 20870.03
20868.65 20870.36
20868.65 20870.36
20869.21 20871.04
20869.21 20871.04
20869.21 20871.04
20869.72 20871.53
20869.72 20871.53
20869.72 20871.53
20867.66 20869.34
20867.28 20869.22
20867.28 20869.22
20866.16 20867.85
20865.47 20867.28
20865.47 20867.28
20866.21 20868.04
20866.21 20868.04
20866.96 20868.79
20866.96 20868.79
20866.71 20868.54
20866.98 20868.78
20866.98 20868.78
20868.16 20869.85
20868.16 20869.85
20868.23 20870.03
20867.14 20868.61
20867.14 20868.61
20867.14 20868.61
20867.14 20868.61
20867.14 20868.61
20866.97 20868.78
20866.97 20868.78
20866.78 20868.72
20866.78 20868.72
20866.78 20868.73
20866.78 20868.73
20866.78 20868.73
20866.71 20868.54
20866.71 20868.54
20866.78 20868.73
20866.78 20868.73
20867.16 20868.85
20867.53 20869.48
20867.53 20869.48
20867.98 20869.78
20867.98 20869.78
20867.98 20869.78
20868.03 20869.98
20869.28 20871.22
20869.28 20871.22
20869.28 20871.22
20869.53 20871.48
20870.28 20872.22
20870.28 20872.22
20869.83 20871.92
20869.83 20871.92
20869.73 20871.53
20869.78 20871.72
20869.78 20871.72
20869.78 20871.72
20869.78 20871.73
20869.78 20871.73
20869.83 20871.92
20869.83 20871.92
20869.78 20871.72
20869.78 20871.72
20870.48 20872.28
20870.48 20872.28
20870.48 20872.28
20870.46 20872.29
20870.46 20872.29
20870.66 20872.35
20870.66 20872.35
20870.66 20872.35
20870.66 20872.35
20870.78 20872.73
20871.41 20873.10
20871.41 20873.10
20871.28 20873.23
20871.28 20873.23
20871.48 20873.28
20871.16 20872.84
20871.16 20872.84
20871.73 20873.53
20871.73 20873.53
20870.71 20872.54
20870.71 20872.54
20872.03 20873.98
20872.03 20873.98
20872.53 20874.47
20872.53 20874.47
20872.08 20874.17
20872.08 20874.17
20872.08 20874.17
20872.78 20874.72
20872.78 20874.72
20872.78 20874.72
20873.13 20875.37
20873.13 20875.37
20873.46 20875.29
20873.46 20875.29
20873.46 20875.29
20873.46 20875.29
20873.48 20875.28
20873.48 20875.28
20873.40 20875.10
20873.40 20875.10
20873.40 20875.11
20873.23 20875.03
20873.23 20875.03
20873.23 20875.03
20873.46 20875.29
20873.16 20874.85
20873.16 20874.85
20872.71 20874.54
20872.71 20874.54
20872.46 20874.29
20872.46 20874.29
20871.78 20873.72
20873.66 20875.34
20873.66 20875.34
20873.48 20875.28
20873.48 20875.28
20873.21 20875.04
20873.21 20875.04
20874.48 20876.28
20874.48 20876.28
20874.48 20876.28
20874.48 20876.28
20874.48 20876.28
20872.48 20874.28
20872.48 20874.28
20874.03 20875.97
20874.03 20875.98
20874.03 20875.98
20874.28 20876.22
20874.28 20876.22
20874.53 20876.48
20874.96 20876.79
20874.96 20876.79
20875.15 20876.85
20875.15 20876.85
20875.46 20877.29
20874.78 20876.73
20874.78 20876.73
20874.78 20876.73
20872.46 20874.29
20872.53 20874.47
20872.53 20874.47
20872.53 20874.47
20872.53 20874.47
20872.53 20874.47
20872.53 20874.47
20872.53 20874.47
20872.53 20874.47
20872.53 20874.47
20872.53 20874.47
20871.87 20874.39
20871.87 20874.39
20871.66 20873.34
20871.66 20873.34
20872.28 20874.22
20872.28 20874.22
20872.28 20874.23
20872.28 20874.23
20872.28 20874.23
20872.78 20874.72
20872.78 20874.72
20872.78 20874.73
20872.78 20874.73
20872.78 20874.72
20872.78 20874.73
20872.78 20874.73
20872.78 20874.73
20872.78 20874.73
20872.98 20874.78
20872.98 20874.78
20872.98 20874.78
20873.16 20874.85
20873.16 20874.85
20873.16 20874.85
20873.33 20875.42
20873.33 20875.42
20873.53 20875.48
20873.53 20875.48
20874.65 20876.36
20874.65 20876.36
20875.03 20876.97
20875.41 20877.09
20875.41 20877.09
20873.71 20875.54
20873.97 20875.78
20873.97 20875.78
20873.96 20875.79
20873.98 20875.78
20873.98 20875.78
20873.46 20875.29
20873.46 20875.29
20873.46 20875.29
