20886.03 20887.97
20886.03 20887.97
20884.72 20886.53
20884.72 20886.53
20882.91 20884.60
20882.91 20884.60
20882.22 20884.03
20882.22 20884.03
20882.41 20884.10
20882.16 20883.84
20882.16 20883.84
20881.53 20883.48
20882.40 20884.10
20882.40 20884.10
20882.38 20883.87
20882.38 20883.87
20882.38 20883.87
20880.72 20882.53
20882.71 20884.54
20882.71 20884.54
20883.92 20885.08
20884.28 20886.23
20884.28 20886.23
20885.73 20887.53
20885.73 20887.53
20886.03 20887.97
20884.22 20886.03
20884.22 20886.03
20884.08 20886.17
20884.08 20886.17
20886.64 20888.36
20886.64 20888.36
20886.08 20888.17
20883.22 20885.03
20883.22 20885.03
20883.48 20885.28
20883.48 20885.28
20883.71 20885.54
20883.71 20885.54
20883.83 20885.92
20883.53 20885.48
20883.53 20885.48
20884.28 20886.22
20884.28 20886.22
20885.03 20886.97
20885.03 20886.97
20885.23 20887.03
20885.23 20887.03
20885.23 20887.03
20884.22 20886.03
20885.16 20886.85
20885.16 20886.85
20885.28 20887.22
20885.28 20887.22
20887.53 20889.48
20888.39 20890.11
20888.39 20890.11
20888.90 20890.60
20888.90 20890.60
20888.90 20890.60
20888.96 20890.79
20888.96 20890.79
20888.03 20889.98
20888.03 20889.98
20886.71 20888.54
20886.71 20888.54
20888.73 20890.53
20888.23 20890.03
20888.23 20890.03
20887.47 20889.28
20890.28 20892.22
20890.28 20892.22
20890.28 20892.22
20888.28 20890.23
20891.71 20893.54
20891.71 20893.54
20892.73 20894.53
20892.73 20894.53
20892.78 20894.73
20892.78 20894.73
20892.78 20894.73
20893.03 20894.97
20893.03 20894.97
20893.28 20895.23
20893.28 20895.23
20891.28 20893.22
20891.28 20893.22
20891.47 20893.28
20891.28 20893.22
20891.28 20893.22
20891.22 20893.03
20890.73 20892.53
20890.73 20892.53
20887.78 20889.72
20887.78 20889.72
20887.78 20889.72
20887.78 20889.72
20884.71 20886.54
20885.03 20886.97
20885.03 20886.97
20884.96 20886.79
20884.96 20886.79
20883.48 20885.28
20883.98 20885.78
20883.98 20885.78
20884.28 20886.23
20884.53 20886.47
20884.53 20886.47
20884.98 20886.78
20884.98 20886.78
20885.73 20887.53
20884.96 20886.79
20884.96 20886.79
20886.91 20888.09
20889.13 20891.37
20889.13 20891.37
20890.21 20892.04
20890.21 20892.04
20890.28 20892.23
20891.03 20892.98
20891.03 20892.98
20890.78 20892.73
20891.97 20893.78
20891.97 20893.78
20893.90 20895.60
20894.65 20896.35
20894.65 20896.35
20893.71 20895.54
20893.71 20895.54
20891.89 20893.36
20890.28 20892.22
20890.28 20892.22
20890.72 20892.53
20890.21 20892.04
20890.21 20892.04
20890.78 20892.73
20890.78 20892.73
20891.03 20892.98
20890.28 20892.22
20890.28 20892.22
20890.38 20891.88
20890.38 20891.88
20890.41 20892.09
20890.41 20892.09
20889.28 20891.22
20889.73 20891.53
20889.73 20891.53
20889.21 20891.04
20889.40 20891.10
20889.40 20891.10
20889.53 20891.48
20889.53 20891.48
20888.78 20890.72
20888.78 20890.72
20888.53 20890.48
20888.53 20890.48
20888.23 20890.03
20887.22 20889.03
20887.22 20889.03
20887.83 20889.92
20887.83 20889.92
20888.28 20890.23
20887.83 20889.92
20887.83 20889.92
20887.33 20889.42
20887.33 20889.42
20887.53 20889.48
20887.53 20889.48
20887.58 20889.67
20887.58 20889.67
20886.83 20888.92
20886.71 20888.54
20886.71 20888.54
20886.53 20888.48
20886.53 20888.47
20886.53 20888.47
20886.03 20887.98
20886.03 20887.98
20886.53 20888.48
20885.73 20887.53
20885.73 20887.53
20882.91 20884.59
20882.91 20884.59
20882.73 20884.53
20882.73 20884.53
20882.73 20884.53
20883.81 20884.44
20882.48 20884.28
20882.48 20884.28
20881.28 20883.23
20881.66 20883.35
20881.66 20883.35
20880.91 20882.59
20880.91 20882.59
20879.90 20881.61
20875.98 20877.78
20875.98 20877.78
20878.23 20880.03
20878.23 20880.03
20878.98 20880.78
20878.98 20880.78
20877.78 20879.73
20877.15 20878.85
20877.15 20878.85
20876.71 20878.54
20876.71 20878.54
20876.53 20878.47
20876.22 20878.03
20876.22 20878.03
20875.73 20877.53
20875.73 20877.53
20875.73 20877.53
20876.28 20878.23
20875.03 20876.98
20875.03 20876.98
20876.83 20878.92
20876.83 20878.92
20876.39 20878.11
20873.78 20875.73
20873.78 20875.73
20873.23 20875.03
20874.08 20876.17
20874.08 20876.17
20873.23 20875.03
20873.23 20875.03
20871.46 20873.29
20874.78 20876.72
20874.78 20876.72
20873.78 20875.72
20873.78 20875.72
20876.53 20878.47
20876.53 20878.47
20876.83 20878.92
20876.83 20878.92
20877.28 20879.22
20877.28 20879.22
20877.65 20879.35
20877.65 20879.35
20878.58 20880.67
20878.58 20880.67
20878.73 20880.53
20878.73 20880.53
20878.72 20880.53
20878.39 20880.11
20877.21 20879.04
20877.21 20879.04
20877.14 20878.86
20877.14 20878.86
20878.53 20880.47
20877.78 20879.72
20877.78 20879.72
20877.78 20879.72
20877.78 20879.72
20878.65 20880.35
20877.73 20879.53
20877.73 20879.53
20877.66 20879.35
20877.72 20879.53
20877.72 20879.53
20877.73 20879.53
20877.73 20879.53
20878.47 20880.28
20878.47 20880.28
20878.39 20880.11
20878.39 20880.11
20877.48 20879.28
20877.48 20879.28
20877.48 20879.28
20877.48 20879.28
20877.08 20879.17
20877.08 20879.17
20878.28 20880.22
20877.73 20879.53
20877.73 20879.53
20879.16 20880.84
20879.16 20880.84
20877.53 20879.47
20877.33 20879.42
20877.33 20879.42
20877.03 20878.98
20877.03 20878.98
20877.03 20878.98
20879.13 20881.37
20879.48 20881.28
20879.48 20881.28
20878.78 20880.72
20879.38 20881.62
20879.38 20881.62
20878.23 20880.03
20878.03 20879.97
20878.03 20879.97
20878.03 20879.97
20878.28 20880.22
20878.28 20880.22
20878.15 20879.85
20878.15 20879.85
20877.89 20879.61
20877.89 20879.61
20879.97 20881.78
20879.53 20881.48
20879.53 20881.48
20880.28 20882.22
20879.28 20881.22
20879.28 20881.22
20879.28 20881.22
20878.08 20880.17
20878.08 20880.17
20878.08 20880.17
20879.08 20881.17
20879.08 20881.17
20878.96 20880.79
20878.96 20880.79
20877.53 20879.47
20877.53 20879.47
20878.58 20880.67
20876.53 20878.47
20876.53 20878.47
20876.21 20878.04
20876.21 20878.04
20877.03 20878.97
20875.78 20877.73
20875.78 20877.73
20875.53 20877.48
20876.72 20878.53
20876.72 20878.53
20876.03 20877.97
20876.03 20877.97
20875.16 20876.85
20875.16 20876.85
20875.16 20876.85
20875.16 20876.85
20875.16 20876.85
20873.14 20874.86
20873.14 20874.86
20872.58 20874.67
20872.58 20874.67
20873.53 20875.48
20873.53 20875.48
20873.28 20875.23
20873.28 20875.22
20873.28 20875.22
20873.28 20875.22
20873.46 20875.29
20872.78 20874.73
20872.78 20874.73
20873.48 20875.28
20870.83 20872.92
20870.83 20872.92
20871.58 20873.67
20871.58 20873.67
20871.78 20873.72
20870.41 20872.10
20870.41 20872.10
20869.58 20871.67
20869.58 20871.67
20868.72 20870.53
20869.13 20871.37
20869.13 20871.37
20870.58 20872.67
20870.58 20872.67
20868.53 20870.47
20868.28 20870.22
20868.28 20870.22
20868.22 20870.03
20868.22 20870.03
20868.53 20870.47
20851.03 20852.98
20851.03 20852.98
20850.14 20851.86
20848.21 20850.04
20848.21 20850.04
20849.21 20851.04
20848.16 20849.84
20848.16 20849.84
20845.78 20847.73
20845.78 20847.73
20844.28 20846.23
20845.78 20847.72
20846.73 20848.53
20846.73 20848.53
20852.28 20854.23
20852.28 20854.23
20852.21 20854.04
20855.98 20857.78
20855.98 20857.78
20854.28 20856.23
20854.28 20856.23
20855.78 20857.72
20855.78 20857.73
20855.78 20857.73
20853.73 20855.53
20853.63 20855.87
20853.63 20855.87
20853.73 20855.53
20851.83 20853.92
20851.83 20853.92
20852.97 20854.78
20854.13 20855.62
20854.13 20855.62
20854.83 20856.92
20854.78 20856.72
20854.78 20856.72
20854.28 20856.22
20854.28 20856.22
20854.03 20855.98
20855.78 20857.73
20855.78 20857.73
20858.47 20860.28
20856.58 20858.67
20856.58 20858.67
20855.58 20857.67
20855.58 20857.67
20854.65 20856.35
20852.33 20854.42
20852.33 20854.42
20852.14 20853.61
20852.14 20853.61
20851.71 20853.54
20854.28 20856.23
20854.28 20856.23
20855.13 20856.62
20855.13 20856.62
20854.08 20856.17
20855.46 20857.29
20855.46 20857.29
20856.06 20856.69
20856.06 20856.69
20853.98 20855.78
20853.03 20854.97
20853.03 20854.97
20853.98 20855.78
20853.98 20855.78
20851.98 20853.78
20851.28 20853.22
20851.28 20853.22
20850.73 20852.53
20850.73 20852.53
20847.83 20849.92
20847.83 20849.92
20846.98 20848.78
20846.03 20847.97
20846.03 20847.97
20843.58 20845.67
20843.58 20845.67
20843.58 20845.67
20844.53 20846.48
20840.73 20842.53
20840.73 20842.53
20840.33 20842.42
20842.83 20844.92
20842.83 20844.92
20840.33 20842.42
20840.33 20842.42
20838.72 20840.53
20838.53 20840.47
20838.53 20840.47
20838.96 20840.79
20839.28 20841.23
20839.28 20841.23
20839.14 20840.86
20839.14 20840.86
20840.33 20842.42
20836.21 20838.04
20836.21 20838.04
20835.23 20837.03
20835.23 20837.03
20835.56 20836.19
20834.83 20836.92
20834.53 20836.47
20834.53 20836.47
20837.28 20839.22
20837.28 20839.22
20838.40 20840.10
20836.08 20838.17
20836.08 20838.17
20836.28 20838.23
20836.28 20838.23
20835.66 20837.35
20835.66 20837.35
20836.46 20838.29
20837.53 20839.47
20837.53 20839.47
20839.22 20841.03
20836.60 20839.40
20836.60 20839.40
20836.58 20838.67
20837.78 20839.72
20837.78 20839.72
20837.08 20839.17
20837.08 20839.17
20836.28 20838.22
20836.28 20838.22
20834.97 20836.78
20834.03 20835.97
20834.03 20835.97
20835.65 20837.35
20835.83 20837.92
20835.83 20837.92
20835.48 20837.28
20835.48 20837.28
20835.53 20837.47
20835.88 20838.12
20835.88 20838.12
20834.88 20837.12
20835.03 20836.97
20835.03 20836.97
20834.33 20836.42
20835.03 20836.97
20835.03 20836.97
20835.33 20837.42
20835.15 20836.85
20835.15 20836.85
20832.78 20834.73
20833.72 20835.53
20833.72 20835.53
20834.58 20836.67
20835.53 20837.47
20835.53 20837.47
20835.98 20837.78
20836.78 20838.73
20836.78 20838.73
20838.88 20841.12
20838.88 20841.12
20837.53 20839.47
20837.53 20839.47
20837.33 20839.42
20836.53 20838.47
20836.53 20838.47
20836.83 20838.92
20836.83 20838.92
20836.83 20838.92
20837.03 20838.98
20836.33 20838.42
20836.33 20838.42
20837.46 20839.29
20838.16 20839.85
20838.16 20839.85
20836.33 20838.42
20836.03 20837.97
20836.03 20837.97
20836.41 20838.09
20836.41 20838.09
20836.03 20837.97
20836.53 20838.47
20836.53 20838.47
20836.03 20837.98
20835.53 20837.48
20835.53 20837.48
20834.98 20836.78
20834.98 20836.78
20834.28 20836.23
20830.78 20832.73
20830.78 20832.73
20832.08 20834.17
20831.91 20833.60
20831.91 20833.60
20832.53 20834.48
20834.33 20836.42
20834.33 20836.42
20834.78 20836.72
20834.78 20836.72
20834.47 20836.28
20835.78 20837.73
20835.78 20837.73
20836.78 20838.72
20836.78 20838.72
20837.53 20839.48
20838.03 20839.97
20838.03 20839.97
20837.53 20839.47
20837.53 20839.47
20837.08 20839.17
20837.89 20839.36
20837.89 20839.36
20840.78 20842.72
20841.03 20842.98
20841.03 20842.98
20841.78 20843.72
20841.58 20843.67
20841.58 20843.67
20842.16 20843.85
20842.16 20843.85
20841.65 20843.35
20840.33 20842.42
20840.33 20842.42
20839.58 20841.67
20839.03 20840.98
20839.03 20840.98
20837.78 20839.72
20839.03 20840.98
20839.03 20840.98
20839.65 20841.36
20839.33 20841.42
20839.33 20841.42
20840.46 20842.29
20840.46 20842.29
20839.78 20841.73
20839.78 20841.73
20839.87 20841.38
20839.87 20841.38
20839.88 20842.12
20839.53 20841.47
20839.53 20841.47
20839.28 20841.23
20839.21 20841.04
20839.21 20841.04
20845.16 20846.85
20843.72 20845.53
20843.72 20845.53
20842.78 20844.73
20843.53 20845.47
20843.53 20845.47
20842.48 20844.28
20842.48 20844.28
20841.91 20843.09
20841.91 20843.09
20843.08 20845.17
20843.98 20845.78
20843.98 20845.78
20845.03 20846.97
20844.71 20846.54
20844.71 20846.54
20842.33 20844.42
