20900.13 20901.62
20900.13 20901.62
20897.64 20899.11
20899.92 20901.09
20899.92 20901.09
20900.63 20902.13
20900.63 20902.13
20900.63 20902.12
20901.88 20903.37
20901.88 20903.37
20900.62 20902.13
20899.65 20900.85
20899.65 20900.85
20897.88 20899.38
20896.14 20897.61
20896.14 20897.61
20897.62 20899.13
20898.88 20900.38
20898.88 20900.38
20901.39 20902.86
20901.63 20903.12
20901.63 20903.12
20901.14 20902.61
20900.67 20901.84
20900.67 20901.84
20900.39 20901.86
20900.41 20901.60
20900.41 20901.60
20899.91 20901.09
20899.91 20901.09
20899.89 20901.36
20899.38 20900.88
20899.38 20900.88
20895.92 20897.08
20899.16 20900.34
20899.16 20900.34
20901.17 20902.34
20900.37 20901.88
20900.37 20901.88
20901.13 20902.63
20901.92 20903.09
20901.92 20903.09
20900.15 20901.35
20900.66 20901.84
20900.66 20901.84
20900.16 20901.34
20900.68 20901.83
20900.68 20901.83
20899.91 20901.09
20899.91 20901.09
20899.88 20901.37
20902.66 20903.84
20902.66 20903.84
20900.39 20901.86
20900.66 20901.84
20900.66 20901.84
20900.63 20902.12
20900.15 20901.35
20900.15 20901.35
20900.66 20901.84
20900.66 20901.84
20901.67 20902.83
20901.64 20903.11
20901.64 20903.11
20901.17 20902.33
20901.68 20902.83
20901.68 20902.83
20898.88 20900.37
20901.63 20903.12
20901.63 20903.12
20901.92 20903.09
20901.39 20902.86
20901.39 20902.86
20903.38 20904.87
20904.16 20905.34
20904.16 20905.34
20905.16 20906.35
20903.67 20904.84
20903.67 20904.84
20903.42 20904.59
20902.89 20904.36
20902.89 20904.36
20902.39 20903.86
20901.40 20902.60
20901.40 20902.60
20898.66 20899.84
20897.63 20899.13
20897.63 20899.13
20897.43 20898.58
20897.63 20899.13
20897.63 20899.13
20899.15 20900.35
20899.14 20900.61
20899.14 20900.61
20899.67 20900.83
20899.67 20900.83
20900.16 20901.34
20900.16 20901.34
20899.17 20900.34
20893.64 20895.11
20893.64 20895.11
20896.81 20897.44
20897.62 20899.13
20897.62 20899.13
20898.66 20899.84
20898.39 20899.86
20898.39 20899.86
20898.31 20898.95
20897.41 20898.59
20897.41 20898.59
20897.91 20899.09
20897.91 20899.09
20896.88 20898.38
20896.62 20898.13
20896.14 20897.61
20896.14 20897.61
20896.88 20898.37
20896.88 20898.37
20898.13 20899.63
20898.13 20899.63
20898.16 20899.35
20898.89 20900.36
20898.89 20900.36
20898.63 20900.13
20896.89 20898.36
20896.89 20898.36
20896.66 20897.84
20897.67 20898.84
20897.67 20898.84
20898.13 20899.63
20900.31 20900.95
20900.31 20900.95
20898.92 20900.08
20896.92 20898.09
20896.92 20898.09
20891.92 20893.08
20889.66 20890.84
20889.66 20890.84
20889.64 20891.11
20889.64 20891.11
20889.16 20890.34
20886.63 20888.12
20886.63 20888.12
20885.39 20886.86
20885.42 20886.58
20885.42 20886.58
20886.66 20887.84
20883.13 20884.62
20883.13 20884.62
20882.37 20883.88
20883.66 20884.84
20883.66 20884.84
20884.41 20885.59
20887.16 20888.34
20887.16 20888.34
20885.91 20887.09
20885.91 20887.09
20885.18 20886.33
20888.67 20889.84
20889.93 20891.08
20889.93 20891.08
20889.88 20891.38
20889.88 20891.38
20888.13 20889.63
20885.63 20887.12
20885.63 20887.12
20887.42 20888.58
20888.13 20889.63
20888.13 20889.63
20886.88 20888.38
20886.63 20888.13
20886.63 20888.13
20887.42 20888.59
20885.14 20886.61
20885.14 20886.61
20884.13 20885.63
20884.88 20886.37
20884.88 20886.37
20885.12 20886.63
20884.37 20885.88
20884.37 20885.88
20885.14 20886.61
20885.14 20886.61
20884.14 20885.61
20881.87 20883.38
20881.87 20883.38
20881.18 20882.33
20881.16 20882.34
20881.42 20882.58
20881.42 20882.58
20881.39 20882.86
20881.39 20882.86
20879.89 20881.36
20881.17 20882.34
20881.17 20882.34
20880.38 20881.88
20882.16 20883.34
20882.16 20883.34
20880.63 20882.12
20880.63 20882.12
20881.38 20882.87
20881.38 20882.87
20881.92 20883.08
20880.42 20881.58
20880.42 20881.58
20879.88 20881.37
20882.37 20883.88
20882.37 20883.88
20882.42 20883.58
20882.91 20884.10
20882.91 20884.10
20881.63 20883.12
20881.63 20883.12
20880.62 20882.13
20880.16 20881.35
20880.16 20881.35
20879.91 20881.09
20881.91 20883.09
20881.91 20883.09
20882.93 20884.08
20883.64 20885.11
20883.64 20885.11
20883.89 20885.36
20884.41 20885.59
20884.41 20885.59
20885.13 20886.63
20885.89 20887.36
20885.89 20887.36
20887.65 20888.85
20886.63 20888.12
20886.63 20888.12
20887.67 20888.83
20887.91 20889.09
20887.91 20889.09
20888.88 20890.38
20888.88 20890.38
20890.16 20891.34
20890.87 20892.38
20890.87 20892.38
20891.13 20892.63
20891.13 20892.63
20891.13 20892.63
20892.39 20893.86
20893.90 20895.10
20893.90 20895.10
20887.67 20888.83
20884.16 20885.34
20884.16 20885.34
20886.37 20887.88
20886.37 20887.88
20887.43 20888.58
20889.13 20890.62
20889.37 20890.88
20889.37 20890.88
20890.13 20891.63
20890.13 20891.63
20890.38 20891.87
20890.42 20891.58
20890.42 20891.58
20889.91 20891.09
20889.18 20890.33
20889.18 20890.33
20890.67 20891.84
20890.67 20891.84
20890.13 20891.63
20890.13 20891.63
20891.39 20892.86
20892.38 20893.87
20892.38 20893.87
20892.68 20893.83
20892.64 20894.11
20892.64 20894.11
20893.87 20895.38
20892.63 20894.13
20892.63 20894.13
20892.38 20893.87
20893.13 20894.62
20893.13 20894.62
20893.68 20894.83
20894.66 20895.84
20894.66 20895.84
20893.89 20895.36
20894.18 20895.33
20894.18 20895.33
20896.37 20897.88
20896.37 20897.88
20896.37 20897.88
20896.14 20897.61
20896.66 20897.84
20896.66 20897.84
20897.17 20898.33
20897.17 20898.33
20896.41 20897.59
20896.62 20898.13
20896.62 20898.13
20897.16 20898.85
20897.16 20898.35
20897.16 20898.35
20896.88 20898.37
20896.63 20898.13
20896.63 20898.13
20897.13 20898.62
20892.39 20893.86
20892.39 20893.86
20892.18 20893.33
20892.18 20893.33
20890.81 20891.44
20892.17 20893.34
20892.17 20893.34
20891.38 20892.87
20892.56 20893.19
20892.56 20893.19
20891.67 20892.83
20891.67 20892.83
20891.41 20892.59
20890.15 20891.35
20890.15 20891.35
20889.66 20890.84
20889.66 20890.84
20888.92 20890.09
20891.87 20893.38
20891.87 20893.38
20892.65 20894.35
20892.67 20893.83
20892.67 20893.83
20891.64 20893.11
20891.93 20893.08
20891.93 20893.08
20891.39 20892.86
20889.16 20890.34
20889.16 20890.34
20889.67 20890.83
20889.88 20891.37
20889.88 20891.37
20890.87 20892.38
20890.87 20892.38
20891.18 20892.33
20892.15 20893.35
20892.15 20893.35
20892.66 20893.85
20892.67 20893.84
20892.67 20893.84
20892.63 20894.13
20891.14 20892.61
20891.14 20892.61
20892.41 20893.59
20891.42 20892.59
20891.42 20892.59
20891.17 20892.33
20888.88 20890.37
20888.88 20890.37
20890.67 20891.83
20889.92 20891.08
20889.92 20891.08
20891.89 20893.36
20891.89 20893.36
20891.13 20892.62
20891.13 20892.62
20892.39 20893.86
20891.38 20892.87
20891.38 20892.87
20891.41 20892.59
20891.41 20892.59
20891.17 20892.34
20891.13 20892.62
20891.13 20892.62
20891.63 20893.12
20889.16 20890.34
20889.16 20890.34
20889.91 20891.09
20889.91 20891.09
20890.15 20891.35
20889.38 20890.87
20889.38 20890.87
20889.66 20890.84
20890.56 20891.19
20890.56 20891.19
20889.88 20891.37
20889.89 20891.36
20889.89 20891.36
20890.62 20892.13
20889.64 20891.11
20889.64 20891.11
20887.63 20889.12
20886.93 20888.08
20886.93 20888.08
20886.91 20888.09
20885.93 20887.08
20885.93 20887.08
20885.42 20886.59
20885.13 20886.62
20885.13 20886.62
20885.13 20886.63
20882.17 20883.33
20882.17 20883.33
20882.65 20883.85
20884.66 20885.84
20884.66 20885.84
20884.15 20885.35
20884.43 20885.58
20884.43 20885.58
20883.42 20884.58
20883.42 20884.58
20883.38 20884.87
20882.63 20884.13
20882.63 20884.13
20883.90 20885.10
20882.12 20883.63
20882.12 20883.63
20881.93 20883.08
20881.16 20882.34
20881.16 20882.34
20880.67 20881.83
20879.91 20881.09
20879.91 20881.09
20881.67 20882.83
20880.87 20882.38
20880.87 20882.38
20881.13 20882.63
20881.13 20882.63
20881.17 20882.33
20881.68 20882.83
20881.68 20882.83
20879.66 20880.84
20876.66 20877.84
20876.66 20877.84
20876.66 20877.85
20874.38 20875.87
20874.38 20875.87
20872.92 20874.09
20872.90 20874.10
20872.90 20874.10
20875.43 20876.58
20874.17 20875.33
20874.17 20875.33
20873.41 20874.59
20873.88 20875.37
20873.88 20875.37
20874.13 20875.63
20874.13 20875.63
20874.41 20875.59
20875.17 20876.34
20875.17 20876.34
20872.41 20873.59
20872.67 20873.83
20872.67 20873.83
20872.91 20874.09
20872.89 20874.36
20872.89 20874.36
20872.41 20873.59
20872.39 20873.86
20872.39 20873.86
20875.81 20876.44
20875.43 20876.58
20875.43 20876.58
20875.38 20876.88
20874.88 20876.37
20874.88 20876.37
20875.14 20876.61
20875.41 20876.59
20875.41 20876.59
20876.42 20877.58
20876.17 20877.34
20876.17 20877.34
20875.64 20877.11
20874.64 20876.11
20874.64 20876.11
20875.63 20877.12
20874.63 20876.12
20874.63 20876.12
20874.14 20875.61
20874.40 20875.60
20874.40 20875.60
20874.92 20876.08
20874.92 20876.08
20875.62 20877.13
20875.17 20876.34
20875.17 20876.34
20877.14 20878.61
20879.17 20880.33
20879.17 20880.33
20876.88 20878.38
20876.88 20878.38
20875.41 20876.59
20874.16 20875.34
20874.16 20875.34
20875.93 20877.08
20876.41 20877.59
20876.41 20877.59
20874.37 20875.88
20874.64 20876.11
20874.64 20876.11
20875.13 20876.62
20873.63 20875.12
20873.63 20875.12
20873.62 20875.13
20874.17 20875.33
20874.17 20875.33
20873.38 20874.87
20873.93 20875.08
20873.93 20875.08
20873.63 20875.13
20874.89 20876.36
20874.89 20876.36
20874.66 20875.84
20874.66 20875.84
20875.37 20876.88
20874.66 20875.84
20874.66 20875.84
20874.67 20875.84
20875.37 20876.88
20875.37 20876.88
20874.38 20875.88
20875.38 20876.87
20875.38 20876.87
20874.63 20876.13
20874.62 20876.13
20874.62 20876.13
20874.87 20876.38
20874.14 20875.61
20874.14 20875.61
20872.89 20874.36
20874.66 20875.84
20874.66 20875.84
20873.13 20874.63
20873.64 20875.11
20873.64 20875.11
20874.41 20875.59
20874.41 20875.59
20874.31 20874.94
20874.67 20875.83
20874.67 20875.83
20872.68 20873.83
20872.13 20873.63
20872.13 20873.63
20873.39 20874.86
20873.13 20874.62
20873.13 20874.62
20873.18 20874.33
20873.18 20874.33
20872.17 20873.34
20871.64 20873.11
20871.64 20873.11
20870.13 20871.62
20864.89 20866.36
20864.89 20866.36
20861.89 20863.36
20864.12 20865.63
20864.12 20865.63
20863.88 20865.38
20867.13 20868.62
20867.13 20868.62
20865.88 20867.38
20865.13 20866.62
20865.13 20866.62
20864.89 20866.36
20865.88 20867.37
20865.88 20867.37
20866.13 20867.63
20865.63 20867.12
20865.63 20867.12
20867.63 20869.12
20867.63 20869.12
20868.66 20869.84
20870.14 20871.61
20870.14 20871.61
20869.92 20871.08
20869.92 20871.08
20869.39 20870.86
20868.88 20870.37
20869.38 20870.88
20869.38 20870.88
20870.62 20872.13
20870.62 20872.13
20871.92 20873.08
20871.88 20873.38
20871.88 20873.38
20871.37 20872.88
20870.63 20872.13
20870.63 20872.13
20870.67 20871.84
20869.91 20871.09
20869.91 20871.09
20868.12 20869.63
20867.92 20869.08
20867.92 20869.08
20867.88 20869.37
20865.88 20867.37
20865.88 20867.37
20865.87 20867.38
20868.14 20869.61
20868.14 20869.61
20868.88 20870.38
20868.87 20870.38
20868.87 20870.38
20867.39 20868.86
20867.39 20868.86
20866.37 20867.88
20866.88 20868.38
20866.88 20868.38
20866.88 20868.37
20866.88 20868.37
20867.62 20869.13
20865.38 20866.87
20865.38 20866.87
20865.88 20867.38
20864.38 20865.88
20864.38 20865.88
20866.39 20867.86
20866.41 20867.59
20866.41 20867.59
20867.62 20869.13
20867.62 20869.13
20867.88 20869.38
20868.63 20870.12
20868.63 20870.12
20868.62 20870.13
20869.14 20870.61
20869.14 20870.61
20870.67 20871.83
20871.38 20872.87
20871.38 20872.87
20871.14 20872.61
20869.38 20870.87
