20884.64 20886.11
20884.64 20886.11
20884.68 20885.83
20885.16 20886.34
20885.16 20886.34
20885.16 20886.34
20885.18 20886.33
20887.89 20889.36
20887.89 20889.36
20885.39 20886.86
20885.13 20886.62
20885.13 20886.62
20885.43 20886.58
20885.17 20886.33
20885.17 20886.33
20886.66 20887.85
20885.05 20885.70
20885.05 20885.70
20885.14 20886.61
20885.93 20887.08
20885.93 20887.08
20886.64 20888.11
20886.42 20887.58
20886.42 20887.58
20888.17 20889.33
20887.67 20888.83
20887.67 20888.83
20886.92 20888.08
20886.66 20887.84
20886.66 20887.84
20886.17 20887.33
20886.17 20887.33
20886.66 20887.84
20888.18 20889.33
20888.18 20889.33
20887.91 20889.09
20886.13 20887.63
20886.13 20887.63
20886.67 20887.83
20886.14 20887.61
20886.14 20887.61
20885.92 20887.08
20885.89 20887.36
20885.89 20887.36
20884.13 20885.62
20884.13 20885.62
20884.13 20885.62
20883.89 20885.36
20883.63 20885.12
20883.63 20885.12
20882.12 20883.63
20884.16 20885.35
20884.16 20885.35
20882.42 20883.58
20882.90 20884.10
20882.90 20884.10
20880.66 20881.84
20881.63 20883.12
20881.63 20883.12
20882.66 20883.84
20882.66 20883.84
20883.91 20885.09
20883.89 20885.36
20883.89 20885.36
20883.66 20884.85
20883.66 20884.85
20884.31 20884.94
20884.31 20884.94
20884.17 20885.33
20882.89 20884.36
20882.89 20884.36
20882.81 20883.44
20879.13 20880.62
20879.13 20880.62
20879.92 20881.08
20879.92 20881.08
20879.92 20881.08
20879.16 20880.34
20879.16 20880.34
20876.66 20877.84
20876.66 20877.84
20876.66 20877.84
20876.90 20878.10
20875.88 20877.37
20875.88 20877.37
20880.14 20881.61
20878.37 20879.88
20878.37 20879.88
20877.62 20879.13
20878.14 20879.61
20878.14 20879.61
20880.89 20882.36
20880.42 20881.58
20880.42 20881.58
20878.13 20879.62
20877.64 20879.11
20877.64 20879.11
20879.43 20880.58
20876.67 20877.83
20876.67 20877.83
20876.88 20878.38
20875.66 20876.84
20875.66 20876.84
20878.17 20879.33
20878.68 20879.83
20878.68 20879.83
20878.13 20879.62
20878.16 20879.35
20878.16 20879.35
20878.40 20879.60
20879.12 20880.63
20879.12 20880.63
20879.62 20881.13
20880.16 20881.35
20880.16 20881.35
20883.40 20884.60
20883.40 20884.60
20883.42 20884.58
20883.42 20884.58
20881.14 20882.61
20880.16 20881.34
20880.16 20881.34
20879.65 20880.85
20881.63 20883.12
20881.63 20883.12
20882.17 20883.33
20880.14 20881.61
20880.14 20881.61
20878.66 20879.84
20880.12 20881.63
20880.12 20881.63
20880.66 20881.84
20880.66 20881.84
20880.89 20882.36
20882.16 20883.34
20882.16 20883.34
20883.67 20884.83
20883.87 20885.38
20883.87 20885.38
20884.42 20885.58
20886.67 20887.83
20886.67 20887.83
20885.16 20886.35
20886.42 20887.58
20886.42 20887.58
20886.38 20887.87
20886.38 20887.87
20884.66 20885.84
20886.13 20887.63
20886.13 20887.63
20886.67 20887.83
20886.38 20887.87
20886.38 20887.87
20885.87 20887.38
20885.67 20886.83
20885.67 20886.83
20885.89 20887.36
20884.65 20885.85
20884.65 20885.85
20883.38 20884.87
20883.38 20884.87
20883.67 20884.83
20883.65 20884.85
20883.65 20884.85
20882.88 20884.37
20884.42 20885.58
20884.42 20885.58
20883.81 20884.44
20882.17 20883.33
20882.17 20883.33
20882.65 20883.85
20882.65 20883.85
20885.91 20887.09
20887.16 20888.34
20887.16 20888.34
20887.38 20888.87
20887.91 20889.09
20887.91 20889.09
20888.88 20890.37
20888.14 20889.61
20888.14 20889.61
20889.92 20891.08
20889.92 20891.08
20889.67 20890.83
20889.67 20890.83
20891.80 20892.45
20891.16 20892.34
20891.16 20892.34
20893.06 20893.69
20894.56 20895.19
20894.56 20895.19
20896.93 20898.08
20897.42 20898.58
20897.42 20898.58
20897.17 20898.33
20895.89 20897.36
20895.89 20897.36
20895.67 20896.83
20895.14 20896.61
20895.14 20896.61
20896.42 20897.58
20896.64 20898.11
20896.64 20898.11
20895.90 20897.10
20897.38 20898.88
20897.38 20898.88
20896.92 20898.08
20897.18 20898.33
20897.18 20898.33
20895.41 20896.60
20896.40 20897.60
20896.40 20897.60
20899.37 20900.88
20899.63 20901.12
20899.63 20901.12
20899.91 20901.09
20899.90 20901.10
20899.90 20901.10
20899.67 20900.83
20898.67 20899.83
20898.67 20899.83
20897.65 20898.85
20897.65 20898.85
20897.42 20898.58
20895.16 20896.34
20897.39 20898.86
20897.39 20898.86
20898.41 20899.60
20898.67 20899.83
20898.67 20899.83
20898.16 20899.34
20898.16 20899.34
20896.37 20897.88
20897.68 20898.83
20897.68 20898.83
20897.14 20898.61
20897.14 20898.61
20896.89 20898.36
20896.88 20898.37
20896.88 20898.37
20898.62 20900.13
20900.16 20901.34
20900.16 20901.34
20899.17 20900.33
20896.91 20898.09
20896.91 20898.09
20897.81 20898.44
20897.81 20898.44
20896.66 20897.84
20897.38 20898.87
20897.38 20898.87
20897.90 20899.10
20897.63 20899.12
20897.63 20899.12
20898.92 20900.08
20898.92 20900.08
20898.89 20900.36
20899.38 20900.87
20899.38 20900.87
20899.66 20900.85
20897.40 20898.60
20897.40 20898.60
20896.91 20898.09
20897.42 20898.58
20897.42 20898.58
20898.87 20900.38
20898.16 20899.34
20898.16 20899.34
20898.81 20899.44
20900.15 20901.35
20900.15 20901.35
20900.16 20901.34
20900.16 20901.34
20900.14 20901.61
20901.16 20902.34
20901.16 20902.34
20899.13 20900.62
20900.17 20901.33
20900.17 20901.33
20899.16 20900.34
20897.92 20899.08
20897.92 20899.08
20897.65 20898.85
20893.91 20895.09
20893.91 20895.09
20895.37 20896.88
20898.17 20899.33
20898.17 20899.33
20897.91 20899.10
20897.91 20899.10
20897.92 20899.08
20896.42 20897.58
20896.42 20897.58
20895.41 20896.59
20895.38 20896.87
20895.38 20896.87
20894.41 20895.60
20893.43 20894.58
20893.43 20894.58
20893.16 20894.34
20896.16 20897.84
20896.16 20897.84
20896.56 20897.19
20896.91 20898.09
20896.91 20898.09
20898.17 20899.33
20898.17 20899.33
20899.64 20901.11
20898.40 20899.60
20898.40 20899.60
20898.66 20899.84
20898.66 20899.84
20898.38 20899.87
20896.67 20897.83
20896.67 20897.83
20892.88 20894.38
20893.17 20894.33
20893.17 20894.33
20893.81 20894.44
20893.81 20894.44
20894.89 20896.36
20891.67 20892.83
20891.67 20892.83
20891.65 20892.85
20891.87 20893.38
20891.87 20893.38
20891.90 20893.10
20892.13 20893.62
20892.13 20893.62
20891.38 20892.87
20891.55 20892.20
20891.55 20892.20
20889.17 20890.33
20889.13 20890.62
20889.13 20890.62
20888.62 20890.13
20888.62 20890.13
20891.12 20892.63
20890.90 20892.10
20890.90 20892.10
20892.64 20894.11
20892.42 20893.58
20892.42 20893.58
20893.13 20894.62
20893.13 20894.62
20892.87 20894.38
20891.66 20892.85
20891.66 20892.85
20889.17 20890.33
20886.66 20887.84
20886.66 20887.84
20888.66 20889.85
20889.42 20890.58
20889.42 20890.58
20890.41 20891.59
20890.41 20891.59
20890.62 20892.13
20892.65 20893.85
20892.65 20893.85
20892.41 20893.59
20890.66 20891.84
20890.66 20891.84
20888.56 20889.19
20888.43 20889.58
20888.43 20889.58
20887.90 20889.10
20884.64 20886.11
20884.64 20886.11
20885.14 20886.61
20885.14 20886.61
20885.90 20887.10
20885.91 20887.09
20885.91 20887.09
20886.42 20887.58
20886.64 20888.11
20886.64 20888.11
20886.39 20887.86
20885.68 20886.83
20885.68 20886.83
20886.13 20887.62
20887.38 20888.87
20887.38 20888.87
20890.67 20891.83
20890.67 20891.83
20893.38 20894.88
20893.18 20894.33
20893.18 20894.33
20894.41 20895.59
20894.67 20895.83
20894.67 20895.83
20895.14 20896.61
20895.17 20896.33
20895.17 20896.33
20894.63 20896.12
20895.39 20896.86
20895.39 20896.86
20895.91 20897.09
20897.13 20898.62
20897.13 20898.62
20895.66 20896.85
20895.66 20896.85
20893.89 20895.36
20895.65 20896.85
20895.65 20896.85
20895.13 20896.62
20896.14 20897.61
20896.14 20897.61
20893.64 20895.11
20893.65 20894.85
20893.65 20894.85
20892.62 20894.13
20892.62 20894.13
20892.64 20894.11
20892.63 20894.13
20892.63 20894.13
20890.56 20891.20
20888.67 20889.83
20888.67 20889.83
20887.92 20889.08
20887.15 20888.35
20887.15 20888.35
20888.43 20889.58
20888.39 20889.86
20888.39 20889.86
20890.90 20892.10
20890.90 20892.10
20890.91 20892.09
20890.67 20891.83
20890.67 20891.83
20889.63 20891.12
20889.14 20890.61
20889.14 20890.61
20889.14 20890.61
20887.87 20889.38
20887.87 20889.38
20888.92 20890.08
20889.93 20891.08
20889.93 20891.08
20888.89 20890.36
20888.89 20890.36
20891.39 20892.86
20893.13 20894.62
20894.67 20895.83
20894.67 20895.83
20894.17 20895.33
20894.17 20895.33
20894.18 20895.33
20894.42 20895.58
20894.42 20895.58
20892.38 20893.87
20895.15 20896.35
20895.15 20896.35
20898.18 20899.33
20898.91 20900.10
20898.91 20900.10
20900.38 20901.87
20900.38 20901.87
20900.89 20902.36
20901.39 20902.86
20901.39 20902.86
20900.38 20901.87
20900.38 20901.87
20901.92 20903.08
20901.90 20903.10
20901.90 20903.10
20901.91 20903.09
20903.67 20904.83
20903.67 20904.83
20903.93 20905.08
20904.17 20905.33
20904.17 20905.33
20905.38 20906.87
20902.88 20904.37
20902.88 20904.37
20903.17 20904.33
20903.13 20904.62
20903.13 20904.62
20902.37 20903.88
20901.93 20903.08
20901.93 20903.08
20901.38 20902.87
20901.42 20902.58
20901.42 20902.58
20901.39 20902.86
20901.39 20902.86
20901.06 20901.69
20900.88 20902.37
20900.88 20902.37
20901.06 20901.69
20901.06 20901.69
20901.38 20902.88
20901.65 20902.85
20901.65 20902.85
20900.91 20902.09
20900.91 20902.09
20901.43 20902.58
20900.41 20901.60
20900.41 20901.60
20900.43 20901.58
20899.91 20901.09
20899.91 20901.09
20901.13 20902.62
20900.91 20902.09
20900.91 20902.09
20901.17 20902.33
20901.17 20902.33
20898.87 20900.38
20898.90 20900.10
20898.90 20900.10
20899.18 20900.33
20899.38 20900.87
20899.38 20900.87
20899.91 20901.09
20899.91 20901.09
20899.91 20901.10
20898.88 20900.37
20898.88 20900.37
20898.17 20899.33
20897.91 20899.09
20897.91 20899.09
20898.14 20899.61
20898.14 20899.61
20897.88 20899.37
20896.68 20897.83
20896.68 20897.83
20895.62 20897.13
20895.38 20896.88
20895.38 20896.88
20895.39 20896.86
20894.66 20895.84
20894.66 20895.84
20895.17 20896.33
20894.38 20895.87
20894.38 20895.87
20893.39 20894.86
20893.16 20894.34
20893.16 20894.34
20893.42 20894.58
20893.14 20894.61
20893.14 20894.61
20892.92 20894.08
20893.13 20894.62
20893.13 20894.62
20893.38 20894.87
20893.93 20895.08
20893.93 20895.08
20893.15 20894.35
20893.15 20894.35
20892.91 20894.10
20891.91 20893.09
20890.65 20891.85
20890.65 20891.85
20891.42 20892.58
20891.42 20892.58
20891.88 20893.38
20891.88 20893.38
20891.67 20892.83
20890.89 20892.36
20890.89 20892.36
20887.16 20888.34
20887.62 20889.13
20887.62 20889.13
20887.40 20888.60
20887.63 20889.12
20887.63 20889.12
20886.13 20887.62
20885.64 20887.11
20885.64 20887.11
20884.89 20886.36
20884.42 20885.58
20884.42 20885.58
20883.15 20884.35
20883.18 20884.33
20883.18 20884.33
20883.39 20884.86
20884.14 20885.61
20884.14 20885.61
20883.39 20884.86
20883.87 20885.38
20883.87 20885.38
20880.88 20882.37
20882.68 20883.83
20882.68 20883.83
20882.67 20883.83
20882.41 20883.59
20882.41 20883.59
20883.55 20884.20
20886.66 20887.85
20886.66 20887.85
20888.17 20889.33
20888.17 20889.33
20887.64 20889.11
20891.41 20892.59
20891.41 20892.59
20891.39 20892.86
20891.30 20891.95
20891.30 20891.95
20889.92 20891.08
20889.87 20891.38
20889.87 20891.38
20889.63 20891.13
20889.14 20890.61
20889.14 20890.61
20889.63 20891.12
20888.93 20890.08
20888.93 20890.08
20888.63 20890.12
20888.63 20890.12
20889.40 20890.60
20889.92 20891.08
20889.92 20891.08
20890.40 20891.60
20890.42 20891.58
20890.42 20891.58
20891.92 20893.08
20891.41 20892.59
20891.41 20892.59
20890.67 20891.83
20890.67 20891.83
20890.41 20891.59
20890.12 20891.63
20890.12 20891.63
20889.89 20891.36
20891.64 20893.11
20891.64 20893.11
