20864.92 20866.08
20864.92 20866.08
20865.39 20866.86
20865.39 20866.86
20866.67 20867.83
20866.67 20867.83
20866.13 20867.62
20863.89 20865.36
20863.89 20865.36
20864.42 20865.58
20864.42 20865.58
20863.67 20864.84
20864.17 20865.34
20864.17 20865.34
20863.64 20865.11
20863.64 20865.11
20864.38 20865.87
20864.38 20865.87
20864.81 20865.44
20865.88 20867.38
20865.88 20867.38
20865.38 20866.87
20865.38 20866.87
20865.38 20866.87
20865.56 20866.19
20865.56 20866.19
20865.13 20866.63
20865.67 20866.83
20865.67 20866.83
20866.92 20868.08
20868.43 20869.58
20868.43 20869.58
20873.17 20874.33
20872.13 20873.63
20872.13 20873.63
20872.42 20873.58
20871.40 20872.60
20871.40 20872.60
20869.38 20870.88
20869.38 20870.88
20869.88 20871.38
20870.91 20872.09
20870.91 20872.09
20871.87 20873.38
20872.12 20873.63
20872.12 20873.63
20874.64 20876.11
20875.43 20876.58
20875.43 20876.58
20875.80 20876.45
20874.62 20876.13
20874.62 20876.13
20876.37 20877.88
20876.88 20878.38
20876.88 20878.38
20877.14 20878.61
20877.14 20878.61
20877.92 20879.08
20877.67 20878.84
20877.67 20878.84
20876.39 20877.86
20877.65 20878.85
20877.65 20878.85
20874.38 20875.88
20871.39 20872.86
20871.39 20872.86
20868.64 20870.11
20868.63 20870.12
20868.63 20870.12
20866.31 20866.94
20865.89 20867.36
20865.89 20867.36
20866.18 20867.33
20866.42 20867.58
20866.42 20867.58
20869.13 20870.63
20870.12 20871.63
20870.12 20871.63
20870.42 20871.58
20870.42 20871.58
20869.39 20870.86
20870.63 20872.13
20870.63 20872.13
20869.88 20871.37
20869.92 20871.09
20869.92 20871.09
20871.63 20873.13
20874.38 20875.87
20874.38 20875.87
20875.66 20876.84
20876.43 20877.58
20876.43 20877.58
20876.65 20877.85
20875.13 20876.62
20875.13 20876.62
20871.42 20872.58
20871.42 20872.58
20870.87 20872.38
20871.41 20872.60
20871.41 20872.60
20872.16 20873.34
20872.16 20873.34
20871.42 20872.59
20872.38 20873.88
20872.38 20873.88
20873.14 20874.61
20872.67 20873.84
20872.67 20873.84
20872.63 20874.12
20872.63 20874.12
20872.90 20874.10
20873.89 20875.36
20873.89 20875.36
20870.67 20871.84
20870.67 20871.84
20869.66 20870.84
20869.66 20870.84
20869.65 20870.85
20871.18 20872.33
20871.18 20872.33
20871.17 20872.34
20871.17 20872.34
20871.88 20873.38
20871.62 20873.13
20871.62 20873.13
20872.56 20873.19
20871.91 20873.10
20871.91 20873.10
20873.39 20874.86
20873.39 20874.86
20873.17 20874.33
20872.12 20873.63
20870.15 20871.35
20870.15 20871.35
20871.16 20872.34
20871.16 20872.34
20871.87 20873.38
20872.12 20873.63
20872.12 20873.63
20871.89 20873.36
20870.88 20872.37
20870.88 20872.37
20870.68 20871.83
20870.68 20871.83
20869.17 20870.33
20871.42 20872.59
20871.42 20872.59
20872.16 20873.34
20870.92 20872.09
20870.92 20872.09
20871.87 20873.38
20873.15 20874.35
20873.15 20874.35
20875.41 20876.60
20875.41 20876.60
20874.66 20875.84
20872.93 20874.08
20872.93 20874.08
20869.91 20871.09
20867.41 20868.59
20867.41 20868.59
20866.42 20867.58
20866.67 20867.83
20866.67 20867.83
20866.63 20868.13
20866.63 20868.13
20866.15 20867.35
20866.13 20867.62
20866.13 20867.62
20867.41 20868.59
20866.42 20867.58
20866.42 20867.58
20866.06 20866.69
20865.91 20867.09
20865.91 20867.09
20864.18 20865.33
20864.18 20865.33
20863.12 20864.63
20865.38 20866.88
20865.17 20866.33
20865.17 20866.33
20865.13 20866.62
20865.13 20866.62
20865.63 20867.13
20866.12 20867.63
20866.12 20867.63
20865.16 20866.34
20864.67 20865.84
20864.67 20865.84
20864.38 20865.88
20864.39 20865.86
20864.39 20865.86
20863.41 20864.59
20863.88 20865.37
20863.88 20865.37
20863.41 20864.59
20862.38 20863.87
20862.38 20863.87
20862.87 20864.38
20861.90 20863.10
20861.90 20863.10
20862.66 20863.84
20862.41 20863.59
20862.41 20863.59
20862.67 20863.83
20862.67 20863.83
20861.87 20863.38
20863.89 20865.36
20863.89 20865.36
20865.64 20867.11
20864.63 20866.13
20864.63 20866.13
20866.91 20868.09
20867.66 20868.84
20867.66 20868.84
20870.66 20871.84
20870.16 20871.34
20870.16 20871.34
20870.87 20872.38
20869.39 20870.86
20869.39 20870.86
20870.42 20871.58
20870.42 20871.58
20872.14 20873.61
20872.42 20873.58
20872.42 20873.58
20870.66 20871.84
20870.67 20871.83
20870.67 20871.83
20869.63 20871.12
20868.88 20870.37
20868.88 20870.37
20869.68 20870.83
20869.68 20870.83
20870.13 20871.63
20873.17 20874.34
20873.17 20874.34
20871.92 20873.09
20870.42 20871.59
20870.42 20871.59
20871.38 20872.88
20871.63 20873.12
20871.63 20873.12
20871.38 20872.87
20871.88 20873.38
20871.88 20873.38
20871.87 20873.38
20872.42 20873.59
20872.42 20873.59
20872.15 20873.35
20872.15 20873.35
20871.89 20873.36
20873.43 20874.58
20873.43 20874.58
20872.56 20873.19
20875.56 20876.19
20875.56 20876.19
20873.14 20874.61
20873.17 20874.33
20873.17 20874.33
20873.43 20874.58
20873.12 20874.63
20873.12 20874.63
20874.56 20875.20
20874.56 20875.20
20873.13 20874.63
20873.13 20874.63
20873.38 20874.87
20873.68 20874.83
20873.68 20874.83
20873.67 20874.84
20873.37 20874.88
20873.37 20874.88
20875.64 20877.11
20876.14 20877.61
20876.14 20877.61
20876.16 20877.34
20876.16 20877.34
20877.91 20879.09
20877.67 20878.84
20877.67 20878.84
20876.17 20877.33
20876.42 20877.58
20876.42 20877.58
20877.05 20877.70
20877.37 20878.88
20877.37 20878.88
20877.42 20878.58
20877.39 20878.86
20877.39 20878.86
20878.42 20879.58
20877.41 20878.59
20877.41 20878.59
20876.67 20877.84
20876.67 20877.84
20876.39 20877.86
20877.65 20878.85
20877.65 20878.85
20877.62 20879.13
20877.91 20879.09
20877.91 20879.09
20878.13 20879.62
20879.66 20880.84
20879.66 20880.84
20881.67 20882.84
20881.31 20881.95
20881.31 20881.95
20880.91 20882.09
20880.91 20882.09
20881.41 20882.59
20882.14 20883.61
20882.14 20883.61
20882.16 20883.34
20881.13 20882.62
20881.13 20882.62
20882.17 20883.33
20882.92 20884.08
20882.92 20884.08
20882.88 20884.38
20884.63 20886.12
20884.63 20886.12
20885.41 20886.59
20885.89 20887.36
20885.89 20887.36
20886.42 20887.59
20887.91 20889.09
20887.91 20889.09
20887.66 20888.84
20887.66 20888.84
20891.68 20892.83
20890.63 20892.13
20890.63 20892.13
20891.38 20892.87
20891.18 20892.33
20891.18 20892.33
20892.37 20893.88
20895.16 20896.34
20895.16 20896.34
20895.62 20897.13
20895.65 20896.85
20895.65 20896.85
20894.43 20895.58
20895.41 20896.60
20895.41 20896.60
20895.91 20897.09
20897.92 20899.08
20897.92 20899.08
20897.14 20898.61
20897.14 20898.61
20897.14 20898.61
20899.17 20900.34
20899.17 20900.34
20898.89 20900.36
20898.89 20900.36
20899.67 20900.84
20899.15 20900.35
20899.15 20900.35
20895.92 20897.09
20895.92 20897.09
20897.15 20898.35
20898.63 20900.12
20897.91 20899.09
20897.91 20899.09
20899.67 20900.84
20899.67 20900.84
20899.63 20901.13
20900.17 20901.34
20900.17 20901.34
20899.64 20901.11
20899.64 20901.11
20901.31 20901.94
20901.31 20901.94
20901.14 20902.61
20901.67 20902.83
20901.67 20902.83
20902.42 20903.59
20901.14 20902.61
20901.14 20902.61
20906.39 20907.86
20899.65 20900.85
20899.65 20900.85
20901.92 20903.09
20903.13 20904.62
20903.13 20904.62
20903.16 20904.34
20903.66 20904.85
20903.66 20904.85
20904.89 20906.36
20906.43 20907.58
20906.43 20907.58
20898.67 20899.83
20893.40 20894.60
20893.40 20894.60
20890.42 20891.59
20890.42 20891.59
20886.87 20888.38
20887.42 20888.58
20887.42 20888.58
20887.64 20889.11
20883.13 20884.62
20883.13 20884.62
20883.38 20884.88
20883.64 20885.11
20883.64 20885.11
20880.14 20881.61
20881.67 20882.83
20881.67 20882.83
20876.41 20877.59
20876.42 20877.59
20876.42 20877.59
20878.17 20879.33
20879.89 20881.36
20879.89 20881.36
20880.88 20882.38
20881.88 20883.38
20881.88 20883.38
20883.66 20884.84
20883.39 20884.86
20883.39 20884.86
20883.93 20885.08
20883.93 20885.08
20883.63 20885.12
20884.41 20885.60
20882.38 20883.87
20882.38 20883.87
20881.18 20882.33
20881.18 20882.33
20881.41 20882.59
20882.12 20883.63
20882.12 20883.63
20882.14 20883.61
20880.13 20881.62
20880.13 20881.62
20878.66 20879.84
20875.62 20877.13
20875.62 20877.13
20876.13 20877.62
20875.16 20876.34
20875.16 20876.34
20876.13 20877.62
20875.12 20876.63
20875.12 20876.63
20874.89 20876.36
20877.89 20879.36
20877.89 20879.36
20877.65 20878.85
20877.65 20878.85
20877.06 20877.69
20878.14 20879.61
20876.64 20878.11
20876.64 20878.11
20877.38 20878.87
20877.42 20878.59
20877.42 20878.59
20875.39 20876.86
20875.39 20876.86
20878.40 20879.60
20877.67 20878.83
20877.67 20878.83
20877.64 20879.11
20877.16 20878.34
20877.16 20878.34
20878.42 20879.59
20879.41 20880.59
20879.41 20880.59
20880.92 20882.08
20880.92 20882.08
20881.88 20883.38
20881.88 20883.38
20881.17 20882.34
20881.41 20882.59
20881.41 20882.59
20883.41 20884.59
20883.41 20884.59
20885.17 20886.34
20882.14 20883.61
20882.14 20883.61
20881.87 20883.38
20882.42 20883.59
20882.42 20883.59
20883.91 20885.09
20885.14 20886.61
20885.14 20886.61
20885.92 20887.08
20886.17 20887.34
20886.17 20887.34
20884.88 20886.37
20883.17 20884.33
20884.14 20885.61
20884.14 20885.61
20884.17 20885.33
20884.13 20885.62
20884.13 20885.62
20885.64 20887.11
20887.67 20888.83
20887.67 20888.83
20887.39 20888.86
20887.39 20888.86
20888.89 20890.36
20889.92 20891.09
20889.92 20891.09
20889.92 20891.08
20887.37 20888.88
20887.37 20888.88
20887.14 20888.61
20890.41 20891.59
20890.41 20891.59
20890.17 20891.33
20890.13 20891.62
20890.13 20891.62
20888.67 20889.83
20893.13 20894.62
20893.13 20894.62
20893.41 20894.59
20891.39 20892.86
20891.39 20892.86
20890.90 20892.10
20890.17 20891.34
20890.17 20891.34
20886.63 20888.13
20886.13 20887.62
20886.13 20887.62
20889.42 20890.59
20890.41 20891.59
20890.41 20891.59
20890.03 20891.97
20890.64 20892.11
20890.64 20892.11
20890.64 20892.11
20890.64 20892.11
20890.16 20891.34
20887.37 20888.88
20887.37 20888.88
20887.63 20889.13
20887.63 20889.13
20888.92 20890.09
20888.67 20889.84
20888.67 20889.84
20888.90 20890.10
20888.41 20889.59
20888.41 20889.59
20888.17 20889.33
20889.39 20890.86
20889.39 20890.86
20889.66 20890.84
20889.87 20891.38
20889.87 20891.38
20890.63 20892.13
20894.42 20895.58
20894.42 20895.58
20895.63 20897.13
20895.63 20897.13
20895.16 20896.34
20894.13 20895.62
20894.13 20895.62
20893.39 20894.86
20893.67 20894.83
20893.67 20894.83
20893.91 20895.09
20893.87 20895.38
20893.87 20895.38
20894.63 20896.13
20894.63 20896.13
20894.38 20895.87
20893.42 20894.58
20893.42 20894.58
20892.91 20894.09
20895.14 20896.61
20895.14 20896.61
20894.15 20895.85
20896.63 20898.12
20896.63 20898.12
20896.67 20897.83
20897.67 20898.84
20897.67 20898.84
20897.92 20899.09
20899.41 20900.59
20899.41 20900.59
20899.92 20901.09
20901.16 20902.35
20901.16 20902.35
20900.89 20902.36
20900.89 20902.36
20900.17 20901.34
20900.67 20901.84
20899.92 20901.09
20899.92 20901.09
20900.43 20901.58
20900.43 20901.58
20896.41 20897.59
20896.41 20897.59
20896.41 20897.59
20896.67 20897.83
20896.67 20897.83
20895.89 20897.36
20894.66 20895.84
20894.66 20895.84
20893.14 20894.61
20893.14 20894.61
20893.42 20894.59
20893.63 20895.13
20893.63 20895.13
20897.63 20899.12
20897.41 20898.60
20897.41 20898.60
20897.38 20898.88
20897.38 20898.88
20897.38 20898.88
20898.64 20900.11
20899.62 20901.13
20899.62 20901.13
20901.16 20902.34
20900.92 20902.08
20900.92 20902.08
20900.41 20901.59
20900.14 20901.61
20900.14 20901.61
20899.92 20901.09
20899.92 20901.09
20899.65 20900.85
20900.42 20901.58
20900.42 20901.58
20900.68 20901.83
