21087.67 21088.83
21087.67 21088.83
21087.16 21088.35
21087.16 21088.35
21089.64 21091.11
21089.67 21090.83
21089.67 21090.83
21089.87 21091.38
21088.65 21089.85
21088.65 21089.85
21089.12 21090.63
21091.89 21093.36
21091.89 21093.36
21089.68 21090.83
21090.37 21091.88
21090.40 21091.60
21090.40 21091.60
21091.67 21092.83
21089.92 21091.08
21089.92 21091.08
21090.39 21091.86
21091.63 21093.12
21091.63 21093.12
21090.66 21091.84
21090.39 21091.86
21090.39 21091.86
21086.17 21087.33
21086.17 21087.33
21085.90 21087.10
