20880.53 20882.48
20880.53 20882.48
20880.28 20882.22
20880.28 20882.22
20880.28 20882.22
20880.28 20882.22
20880.28 20882.22
20880.28 20882.22
20880.48 20882.28
20880.22 20882.03
20880.22 20882.03
20879.78 20881.73
20879.78 20881.73
20879.03 20880.97
20879.03 20880.97
20879.03 20880.97
20879.47 20881.28
20879.47 20881.28
20879.47 20881.28
20879.78 20881.72
20879.78 20881.72
20879.83 20881.92
20879.83 20881.92
20879.96 20881.79
20880.41 20882.10
20880.41 20882.10
20878.88 20881.12
20878.88 20881.12
20878.78 20880.72
20878.78 20880.72
20881.58 20883.67
20881.58 20883.67
20881.73 20883.53
20881.73 20883.53
20881.73 20883.53
20882.03 20883.98
20882.03 20883.98
20881.91 20883.09
20881.91 20883.09
20882.33 20884.42
20882.33 20884.42
20883.03 20884.98
20883.03 20884.98
20883.22 20885.03
20883.22 20885.03
20883.22 20885.03
20883.22 20885.03
20882.46 20884.29
20882.46 20884.29
20882.28 20884.23
20882.28 20884.23
20882.98 20884.78
20883.23 20885.03
20883.23 20885.03
20883.46 20885.29
20883.46 20885.29
20883.46 20885.29
20883.83 20885.92
20884.65 20886.36
20884.65 20886.36
20882.28 20884.22
20883.23 20885.03
20883.23 20885.03
20881.97 20883.78
20881.41 20883.09
20881.41 20883.09
20880.48 20882.28
20880.48 20882.28
20880.73 20882.53
20881.12 20882.63
20881.12 20882.63
20881.12 20882.63
20881.15 20882.35
20883.03 20884.97
20883.03 20884.97
20883.03 20884.97
20883.03 20884.97
20881.97 20883.78
20881.97 20883.78
20882.58 20884.67
20881.98 20883.78
20881.98 20883.78
20881.98 20883.78
20882.16 20883.85
20882.72 20884.53
20882.72 20884.53
20881.21 20883.04
20881.21 20883.04
20881.21 20883.04
20881.21 20883.04
20881.15 20882.85
20881.15 20882.85
20881.15 20882.85
20881.58 20883.67
20882.53 20884.47
20882.53 20884.47
20882.33 20884.42
20882.78 20884.72
20882.78 20884.72
20882.46 20884.29
20882.46 20884.29
20882.78 20884.73
20882.53 20884.48
20882.53 20884.48
20883.64 20885.36
20883.64 20885.36
20883.22 20885.03
20883.22 20885.03
20883.22 20885.03
20883.22 20885.03
20883.22 20885.03
20883.28 20885.22
20883.28 20885.22
20883.23 20885.03
20883.23 20885.03
20881.73 20883.53
20881.73 20883.53
20881.98 20883.78
20881.98 20883.78
20881.72 20883.53
20881.72 20883.53
20881.97 20883.78
20881.65 20883.35
20881.65 20883.35
20882.18 20883.33
20882.18 20883.33
20882.41 20884.10
20882.41 20884.10
20882.41 20884.10
20881.63 20883.12
20881.63 20883.12
20881.63 20883.12
20881.22 20883.03
20881.22 20883.03
20881.15 20882.85
20881.15 20882.85
20880.90 20882.61
20880.90 20882.61
20880.72 20882.53
20881.12 20882.63
20881.12 20882.63
20880.80 20881.45
20880.80 20881.45
20880.40 20882.11
20880.40 20882.11
20879.71 20881.54
20875.41 20877.10
20875.41 20877.10
20875.41 20877.10
20875.16 20876.85
20875.78 20877.72
20877.28 20879.23
20877.28 20879.23
20878.78 20880.73
20878.78 20880.73
20878.47 20880.28
20878.47 20880.28
20878.21 20880.04
20878.21 20880.04
20876.91 20878.60
20875.28 20877.22
20875.28 20877.22
20875.28 20877.22
20875.73 20877.53
20875.22 20877.03
20875.22 20877.03
20875.33 20877.42
20875.28 20877.23
20875.28 20877.23
20875.28 20877.22
20875.28 20877.22
20875.89 20877.61
20876.22 20878.03
20876.22 20878.03
20876.58 20878.67
20876.58 20878.67
20875.98 20877.78
20875.98 20877.78
20875.98 20877.78
20875.98 20877.78
20875.28 20877.22
20875.28 20877.22
20875.28 20877.22
20875.28 20877.23
20875.28 20877.23
20875.28 20877.23
20876.28 20878.22
20876.28 20878.22
20876.28 20878.22
20876.67 20877.84
20876.15 20877.86
20876.15 20877.86
20874.71 20876.54
20874.33 20876.42
20874.33 20876.42
20875.91 20877.60
20875.91 20877.60
20875.73 20877.53
20875.73 20877.53
20876.08 20878.17
20875.03 20876.98
20875.03 20876.98
20875.03 20876.98
20876.91 20878.60
20876.91 20878.60
20875.71 20877.54
20875.71 20877.54
20875.64 20877.36
20875.64 20877.36
20874.08 20876.17
20873.63 20875.87
20873.63 20875.87
20871.63 20873.13
20872.71 20874.54
20872.71 20874.54
20872.71 20874.54
20872.78 20874.73
20872.78 20874.73
20872.38 20873.87
20872.38 20873.87
20872.38 20873.88
20872.38 20873.88
20872.38 20873.88
20873.15 20874.35
20873.15 20874.35
20871.33 20873.42
20871.33 20873.42
20871.33 20873.42
20871.31 20871.94
20871.31 20871.94
20871.39 20873.11
20870.47 20872.28
20870.47 20872.28
20870.65 20872.35
20870.65 20872.35
20870.65 20872.35
20870.55 20871.20
20870.23 20872.03
20870.23 20872.03
20870.15 20871.86
20869.15 20870.85
20869.15 20870.85
20869.22 20871.03
20869.22 20871.03
20869.48 20871.28
20871.14 20872.86
20871.14 20872.86
20870.96 20872.79
20870.96 20872.79
20871.12 20873.64
20871.12 20873.64
20874.65 20876.36
20874.65 20876.36
20874.65 20876.36
20874.03 20875.98
20872.71 20874.54
20872.71 20874.54
20872.83 20874.92
20873.28 20875.23
20873.28 20875.23
20873.03 20874.98
20869.73 20871.53
20869.73 20871.53
20869.28 20871.23
20869.28 20871.23
20869.58 20871.67
20870.28 20872.23
20870.28 20872.23
20869.22 20871.03
20869.28 20871.23
20869.28 20871.23
20869.06 20869.69
20869.06 20869.69
20868.89 20870.61
20865.72 20867.53
20865.72 20867.53
20865.48 20867.28
20865.48 20867.28
20864.63 20866.12
20862.65 20864.35
20862.65 20864.35
20862.78 20864.72
20862.97 20864.78
20862.97 20864.78
20864.47 20866.28
20864.66 20866.35
20864.66 20866.35
20864.78 20866.72
20864.78 20866.72
20864.78 20866.72
20864.81 20865.44
20864.81 20865.44
20866.28 20868.22
20866.58 20868.67
20866.58 20868.67
20866.78 20868.73
20866.78 20868.73
20866.97 20868.78
20866.97 20868.78
20865.96 20867.79
20865.96 20867.79
20866.21 20868.04
20866.21 20868.04
20867.62 20869.13
20867.62 20869.13
20867.62 20869.13
20867.78 20869.73
20866.78 20868.72
20866.78 20868.72
20864.53 20866.48
20864.53 20866.48
20865.98 20867.78
20865.98 20867.78
20867.78 20869.73
20867.78 20869.73
20866.72 20868.53
20867.16 20868.84
20867.16 20868.84
20867.16 20868.84
20866.90 20868.61
20866.90 20868.61
20867.78 20869.73
20867.78 20869.73
20867.53 20869.48
20867.58 20869.67
20867.58 20869.67
20867.53 20869.47
20868.28 20870.23
20868.28 20870.23
20868.16 20869.85
20868.16 20869.85
20864.72 20866.53
20864.72 20866.53
20864.72 20866.53
20864.53 20866.48
20864.53 20866.48
20863.03 20864.98
20864.03 20865.98
20864.03 20865.98
20863.83 20865.92
20863.48 20865.28
20863.48 20865.28
20864.14 20865.86
20864.14 20865.86
20864.53 20866.47
20864.53 20866.47
20865.13 20867.37
20865.13 20867.37
20864.90 20866.61
20865.98 20867.78
20865.98 20867.78
20865.53 20867.48
20865.53 20867.48
20866.48 20868.28
20866.21 20868.04
20866.21 20868.04
20866.03 20867.98
20866.03 20867.98
20866.48 20868.28
20866.48 20868.28
20866.16 20867.84
20866.16 20867.84
20866.28 20868.23
20866.28 20868.23
20866.22 20868.03
20865.78 20867.73
20865.78 20867.73
20866.23 20868.03
20866.23 20868.03
20863.88 20865.37
20863.88 20865.37
20864.58 20866.67
20864.78 20866.72
20864.78 20866.72
20864.78 20866.72
20864.97 20866.78
20864.47 20866.28
20864.47 20866.28
20866.03 20867.98
20866.03 20867.98
20866.03 20867.98
20865.91 20867.60
20865.91 20867.60
20866.23 20868.03
20866.23 20868.03
20866.40 20868.10
20866.64 20868.36
20866.64 20868.36
20866.64 20868.36
20867.03 20868.97
20867.03 20868.97
20866.28 20868.23
20865.73 20867.53
20865.73 20867.53
20864.58 20866.67
20864.58 20866.67
20864.78 20866.73
20864.78 20866.73
20865.08 20867.17
20865.47 20867.28
20865.47 20867.28
20865.47 20867.28
20865.47 20867.28
20865.98 20867.78
20865.98 20867.78
20866.78 20868.73
20866.78 20868.73
20866.78 20868.72
20866.78 20868.72
20871.53 20873.47
20871.53 20873.47
20871.53 20873.48
20871.53 20873.48
20871.28 20873.23
20871.28 20873.23
20870.96 20872.79
20870.96 20872.79
20869.28 20871.22
20869.28 20871.22
20869.28 20871.22
20869.53 20871.47
20869.53 20871.47
20869.41 20871.09
20868.53 20870.48
20868.53 20870.48
20868.53 20870.48
20868.53 20870.48
20868.53 20870.48
20868.53 20870.48
20868.53 20870.48
20868.48 20870.28
20868.48 20870.28
20867.91 20869.59
20867.98 20869.78
20867.98 20869.78
20867.73 20869.53
20867.73 20869.53
20868.21 20870.04
20868.78 20870.72
20868.78 20870.72
20868.78 20870.73
20868.78 20870.73
20867.40 20869.11
20867.40 20869.11
20867.40 20869.11
20869.66 20871.35
20869.66 20871.35
20869.56 20870.19
20868.72 20870.53
20868.72 20870.53
20870.66 20872.34
20870.89 20872.61
20870.89 20872.61
20871.71 20873.54
20871.71 20873.54
20871.71 20873.54
20871.78 20873.73
20872.03 20873.98
20872.03 20873.98
20872.48 20874.28
20872.28 20874.22
20872.28 20874.22
20872.53 20874.47
20872.53 20874.47
20870.53 20872.47
20870.53 20872.47
20870.53 20872.47
20869.71 20871.54
20870.48 20872.28
20870.48 20872.28
20871.53 20873.48
20871.53 20873.48
20872.47 20874.28
20872.47 20874.28
20874.53 20876.48
20873.97 20875.78
20873.97 20875.78
20873.97 20875.78
20873.41 20875.09
20873.41 20875.09
20873.73 20875.53
20872.47 20874.28
20872.47 20874.28
20871.78 20873.73
20871.78 20873.73
20872.21 20874.04
20872.78 20874.73
20872.78 20874.73
20872.78 20874.73
20872.53 20874.48
20871.65 20873.36
20871.65 20873.36
20871.65 20873.36
20872.22 20874.03
20872.22 20874.03
20872.22 20874.03
20872.06 20872.69
20872.06 20872.69
20871.71 20873.54
20871.71 20873.54
20871.71 20873.54
20871.71 20873.54
20871.78 20873.73
20871.78 20873.73
20871.48 20873.28
20871.48 20873.28
20872.23 20874.03
20872.23 20874.03
20871.41 20873.10
20871.41 20873.10
20871.22 20873.03
20871.22 20873.03
20871.22 20873.03
20871.22 20873.03
20871.78 20873.73
20871.78 20873.73
20871.78 20873.73
20871.78 20873.73
20871.72 20873.53
20871.72 20873.53
20872.03 20873.97
20872.28 20874.23
20872.28 20874.23
20872.28 20874.23
20872.28 20874.22
20873.72 20875.53
20873.72 20875.53
20873.78 20875.73
20873.78 20875.73
20873.53 20875.47
20873.53 20875.47
20873.71 20875.54
20873.78 20875.73
20873.78 20875.73
20874.48 20876.28
20875.91 20877.59
20875.91 20877.59
20875.97 20877.78
20875.97 20877.78
20875.72 20877.53
20875.92 20877.09
20875.92 20877.09
20875.83 20877.92
20875.83 20877.92
20875.72 20877.53
20875.72 20877.53
20875.28 20877.23
20874.98 20876.78
20874.98 20876.78
20874.33 20876.42
20875.03 20876.98
20875.03 20876.98
20874.96 20876.79
20874.53 20876.48
20874.53 20876.48
20873.97 20875.78
20873.97 20875.78
20871.71 20873.54
20870.73 20872.53
20870.73 20872.53
20868.53 20870.48
20867.90 20869.61
20867.90 20869.61
20865.71 20867.54
20867.28 20869.22
20867.28 20869.22
20866.15 20867.85
20864.78 20866.72
20864.78 20866.72
20865.96 20867.79
20865.96 20867.79
20865.96 20867.79
20865.38 20867.62
20869.65 20871.35
20869.65 20871.35
20869.71 20871.54
20869.71 20871.54
20870.78 20872.73
20870.78 20872.73
20870.78 20872.73
20870.78 20872.73
20870.78 20872.73
20871.15 20872.86
20871.15 20872.86
20871.03 20872.98
20870.73 20872.53
20870.73 20872.53
20870.96 20872.79
20870.96 20872.79
20871.03 20872.97
20871.03 20872.97
20871.03 20872.97
20871.21 20873.04
20871.21 20873.04
20871.39 20873.11
20871.39 20873.11
20871.39 20873.11
20871.39 20873.11
20871.23 20873.03
20871.23 20873.03
20871.23 20873.03
20871.22 20873.03
20871.22 20873.03
20871.22 20873.03
20870.71 20872.54
20870.71 20872.54
20870.39 20872.11
20870.39 20872.11
20869.88 20871.37
20869.88 20871.37
20869.88 20871.37
20870.08 20872.17
20870.66 20872.34
20870.66 20872.34
20870.66 20872.34
20870.66 20872.34
20870.66 20872.34
20870.65 20872.36
20870.65 20872.36
20870.47 20872.28
20870.47 20872.28
20870.47 20872.28
