20892.42 20893.58
20892.42 20893.58
20892.06 20892.69
20892.06 20892.69
20892.39 20893.86
20893.13 20894.62
20893.13 20894.62
20891.89 20893.36
20891.89 20893.36
20891.89 20893.36
20893.05 20893.70
20893.05 20893.70
20892.55 20893.20
20892.17 20893.33
20892.17 20893.33
20891.88 20893.37
20892.67 20893.83
20892.67 20893.83
20892.67 20893.83
20888.63 20890.12
20889.42 20890.58
20889.42 20890.58
20889.41 20890.60
20889.41 20890.60
20889.66 20890.84
20890.88 20892.37
20890.88 20892.37
20892.30 20892.95
20892.30 20892.95
20891.05 20891.70
20891.05 20891.70
20892.16 20893.35
20892.39 20893.86
20892.39 20893.86
20891.17 20892.33
20890.91 20892.09
20890.91 20892.09
20892.16 20893.34
20892.16 20893.34
20890.80 20891.45
20891.14 20892.61
20891.14 20892.61
20892.17 20893.33
20891.43 20892.58
20891.43 20892.58
20890.41 20891.60
20888.13 20889.62
20888.13 20889.62
20889.67 20890.83
20888.63 20890.12
20888.63 20890.12
20887.89 20889.36
20887.89 20889.36
20888.16 20889.35
20888.80 20889.45
20888.80 20889.45
20887.92 20889.08
20887.17 20888.33
20887.17 20888.33
20887.90 20889.10
20887.90 20889.10
20888.06 20888.69
20886.66 20887.84
20886.66 20887.84
20887.89 20889.36
20887.89 20889.36
20888.88 20890.37
20889.12 20890.63
20889.12 20890.63
20889.63 20891.12
20893.38 20894.87
20893.38 20894.87
20893.66 20894.85
20893.66 20894.85
20894.91 20896.09
20895.37 20896.88
20895.37 20896.88
20895.42 20896.58
20893.63 20895.13
20893.63 20895.13
20895.17 20896.33
20895.39 20896.86
20895.39 20896.86
20896.16 20897.34
20896.16 20897.34
20896.90 20898.10
20897.17 20898.33
20897.17 20898.33
20897.43 20898.58
20897.43 20898.58
20897.43 20898.58
20896.64 20898.11
20895.64 20897.11
20895.64 20897.11
20893.91 20895.10
20893.91 20895.10
20894.62 20896.13
20894.62 20896.13
20894.62 20896.13
20895.13 20896.62
20895.67 20896.83
20895.67 20896.83
20895.66 20896.85
20895.67 20896.83
20895.67 20896.83
20896.63 20898.12
20897.63 20899.12
20897.63 20899.12
20897.92 20899.08
20898.15 20899.35
20898.15 20899.35
20897.91 20899.09
20897.91 20899.09
20899.16 20900.34
20897.66 20898.84
20897.66 20898.84
20896.88 20898.37
20896.88 20898.37
20897.62 20899.13
20897.38 20898.88
20896.40 20897.60
20896.40 20897.60
20894.66 20895.84
20894.66 20895.84
20894.66 20895.84
20894.67 20895.83
20894.67 20895.83
20896.67 20897.83
20896.67 20897.83
20896.88 20898.38
20896.15 20897.35
20896.15 20897.35
20897.05 20897.70
20897.42 20898.58
20897.42 20898.58
20897.13 20898.62
20900.16 20901.35
20900.16 20901.35
20897.92 20899.08
20897.92 20899.08
20897.92 20899.08
20897.41 20898.59
20897.41 20898.59
20897.67 20898.83
20897.67 20898.83
20899.31 20899.94
20899.92 20901.08
20899.92 20901.08
20898.13 20899.62
20896.89 20898.36
20896.89 20898.36
20896.37 20897.88
20895.65 20896.85
20895.65 20896.85
20895.66 20896.84
20895.63 20897.12
20895.63 20897.12
20897.66 20898.84
20897.66 20898.84
20897.13 20898.62
20895.39 20896.86
20895.39 20896.86
20897.17 20898.33
20896.89 20898.36
20896.89 20898.36
20897.42 20898.58
20897.42 20898.58
20897.16 20898.34
20896.15 20897.35
20896.15 20897.35
20895.42 20896.58
20894.65 20895.85
20894.65 20895.85
20896.16 20897.34
20896.37 20897.88
20896.37 20897.88
20896.17 20897.33
20896.17 20897.33
20896.13 20897.62
20896.14 20897.61
20896.14 20897.61
20895.90 20897.10
20896.67 20897.83
20896.67 20897.83
20896.66 20897.84
20896.66 20897.84
20896.66 20897.84
20897.17 20898.33
20897.17 20898.33
20897.18 20898.33
20896.68 20897.83
20896.68 20897.83
20897.16 20898.35
20897.14 20898.61
20897.14 20898.61
20896.14 20897.61
20896.14 20897.61
20894.91 20896.09
20894.41 20895.60
20894.41 20895.60
20893.16 20894.34
20892.92 20894.08
20892.92 20894.08
20892.88 20894.37
20892.42 20893.58
20892.42 20893.58
20894.05 20894.70
20894.05 20894.70
20892.41 20893.59
20893.89 20895.36
20893.89 20895.36
20895.17 20896.33
20891.13 20892.62
20891.13 20892.62
20891.41 20892.59
20892.17 20893.33
20892.17 20893.33
20891.17 20892.33
20891.90 20893.10
20891.90 20893.10
20892.66 20893.85
20892.66 20893.85
20891.92 20893.08
20893.14 20894.61
20893.14 20894.61
20893.63 20895.12
20892.42 20893.58
20892.42 20893.58
20891.87 20893.38
20891.92 20893.08
20891.92 20893.08
20892.31 20892.94
20892.64 20894.11
20892.64 20894.11
20893.17 20894.33
20892.67 20893.83
20892.67 20893.83
20892.66 20893.84
20893.55 20894.20
20893.55 20894.20
20893.64 20895.11
20893.42 20894.58
20893.42 20894.58
20892.55 20893.20
20893.56 20894.20
20893.56 20894.20
20892.67 20893.83
20892.67 20893.83
20890.91 20892.09
20891.92 20893.08
20893.42 20894.58
20893.42 20894.58
20892.42 20893.58
20892.42 20893.58
20893.16 20894.34
20893.16 20894.34
20891.38 20892.87
20892.30 20892.95
20892.30 20892.95
20892.87 20894.38
20891.68 20892.83
20891.68 20892.83
20893.89 20895.36
20893.89 20895.36
20895.67 20896.83
20898.17 20899.33
20898.17 20899.33
20897.55 20898.20
20897.92 20899.08
20897.92 20899.08
20897.12 20898.63
20896.89 20898.36
20896.89 20898.36
20897.80 20898.45
20898.66 20899.84
20898.66 20899.84
20900.16 20901.35
20900.16 20901.35
20899.41 20900.60
20900.38 20901.87
20900.38 20901.87
20900.41 20901.60
20900.41 20901.60
20901.16 20902.34
20901.92 20903.08
20901.92 20903.08
20901.42 20902.58
20900.87 20902.38
20900.87 20902.38
20901.67 20902.83
20901.65 20902.85
20901.65 20902.85
20903.17 20904.33
20903.16 20904.34
20903.16 20904.34
20903.81 20904.44
20903.81 20904.44
20903.81 20904.44
20903.66 20904.84
20903.66 20904.84
20902.89 20904.36
20903.56 20904.19
20903.56 20904.19
20903.81 20904.44
20900.16 20901.34
20900.16 20901.34
20903.42 20904.58
20904.66 20905.84
20904.66 20905.84
20904.66 20905.84
20906.06 20906.69
20906.06 20906.69
20906.37 20907.88
20905.42 20906.58
20905.42 20906.58
20904.64 20906.11
20904.64 20906.11
20903.18 20904.33
20906.42 20907.58
20906.42 20907.58
20906.13 20907.62
20906.18 20907.33
20906.18 20907.33
20906.66 20907.84
20906.63 20908.12
20906.63 20908.12
20905.90 20907.10
20905.90 20907.10
20904.17 20905.33
20904.17 20905.33
20906.12 20907.63
20906.12 20907.63
20906.42 20907.58
20905.66 20906.84
20905.66 20906.84
20906.06 20906.69
20904.93 20906.08
20904.93 20906.08
20904.91 20906.10
20904.91 20906.10
20903.92 20905.08
20902.14 20903.61
20902.14 20903.61
20902.92 20904.08
20902.92 20904.08
20902.66 20903.84
20902.81 20903.44
20902.81 20903.44
20902.92 20904.08
20903.67 20904.83
20903.67 20904.83
20901.63 20903.12
20901.41 20902.59
20901.41 20902.59
20901.17 20902.33
20901.17 20902.33
20901.56 20902.19
20901.56 20902.19
20902.42 20903.58
20903.14 20904.61
20903.14 20904.61
20902.13 20903.62
20901.18 20902.33
20901.18 20902.33
20899.42 20900.58
20899.42 20900.58
20900.13 20901.62
20899.41 20900.60
20899.41 20900.60
20900.64 20902.11
20900.31 20900.94
20900.31 20900.94
20900.56 20901.19
20901.67 20902.83
20901.67 20902.83
20898.38 20899.87
20897.93 20899.08
20897.93 20899.08
20898.17 20899.33
20899.63 20901.12
20899.63 20901.12
20900.67 20901.83
20899.16 20900.34
20899.16 20900.34
20899.81 20900.44
20899.13 20900.62
20899.13 20900.62
20899.18 20900.33
20896.92 20898.08
20896.92 20898.08
20896.65 20897.85
20896.65 20897.85
20893.13 20894.62
20895.17 20896.33
20895.17 20896.33
20895.12 20896.63
20896.16 20897.35
20896.16 20897.35
20896.39 20897.86
20896.91 20898.09
20896.91 20898.09
20894.42 20895.58
20893.66 20894.84
20893.66 20894.84
20893.90 20895.10
20893.91 20895.09
20893.91 20895.09
20893.91 20895.09
20894.37 20895.88
20894.37 20895.88
20893.88 20895.37
20893.89 20895.36
20893.89 20895.36
20892.38 20893.87
20892.38 20893.87
20892.63 20894.12
20892.87 20894.38
20892.87 20894.38
20892.91 20894.09
20891.90 20893.10
20891.90 20893.10
20891.66 20892.84
20893.14 20894.61
20893.16 20894.34
20893.16 20894.34
20891.15 20892.35
20892.16 20893.35
20892.16 20893.35
20892.56 20893.19
20892.42 20893.58
20892.42 20893.58
20892.66 20893.85
20893.17 20894.33
20893.17 20894.33
20893.41 20894.60
20891.90 20893.10
20891.90 20893.10
20895.38 20896.87
20895.38 20896.87
20896.40 20897.60
20895.87 20897.38
20895.87 20897.38
20896.17 20897.33
20893.66 20894.85
20893.66 20894.85
20895.42 20896.58
20893.90 20895.10
20895.17 20896.33
20895.17 20896.33
20894.63 20896.12
20894.63 20896.12
20895.14 20896.61
20894.63 20896.12
20894.63 20896.12
20895.14 20896.61
20895.14 20896.61
20896.42 20897.58
20896.41 20897.59
20896.41 20897.59
20898.67 20899.83
20899.15 20900.35
20899.15 20900.35
20899.12 20900.63
20899.12 20900.63
20900.30 20900.95
20900.13 20901.62
20900.13 20901.62
20900.43 20901.58
20901.88 20903.37
20901.88 20903.37
20901.67 20902.83
20901.67 20902.83
20901.14 20902.61
20901.14 20902.61
20901.42 20902.58
20901.62 20903.13
20902.42 20903.58
20902.42 20903.58
20902.64 20904.11
20902.64 20904.11
20904.42 20905.58
20903.64 20905.11
20903.64 20905.11
20902.89 20904.36
20903.68 20904.83
20903.68 20904.83
20904.56 20905.19
20904.56 20905.19
20903.42 20904.58
20903.38 20904.87
20903.38 20904.87
20903.66 20904.84
20903.66 20904.84
20901.89 20903.36
20901.92 20903.08
20901.92 20903.08
20901.14 20902.61
20900.91 20902.10
20900.91 20902.10
20901.37 20902.88
20900.67 20901.83
20900.67 20901.83
20902.30 20902.95
20902.30 20902.95
20900.42 20901.58
20901.16 20902.34
20901.16 20902.34
20901.56 20902.19
20899.67 20900.83
20899.67 20900.83
20898.65 20899.85
20898.66 20899.84
20898.66 20899.84
20898.18 20899.33
20898.17 20899.33
20898.17 20899.33
20897.63 20899.12
20897.63 20899.12
20899.18 20900.33
20899.91 20901.09
20899.91 20901.09
20899.40 20900.60
20898.13 20899.62
20898.13 20899.62
20894.16 20895.35
20896.42 20897.58
20896.42 20897.58
20896.13 20897.62
20896.13 20897.62
20899.05 20899.70
20901.15 20902.35
20901.15 20902.35
20901.41 20902.60
20902.14 20903.61
20902.14 20903.61
20902.06 20902.69
20902.06 20902.69
20901.30 20901.95
20899.93 20901.08
20899.93 20901.08
20900.12 20901.63
20900.39 20901.86
20900.39 20901.86
20901.63 20903.12
20901.92 20903.08
20901.92 20903.08
20900.13 20901.62
20899.14 20900.86
20899.14 20900.86
20899.37 20900.88
20898.64 20900.36
20898.64 20900.36
20898.64 20900.36
20898.38 20899.87
20896.89 20898.36
20896.89 20898.36
20908.14 20909.61
20909.87 20911.38
20909.87 20911.38
20908.89 20910.36
20909.89 20911.36
20909.89 20911.36
20912.89 20914.36
20913.67 20914.83
20913.67 20914.83
20915.13 20916.63
20915.92 20917.08
20915.92 20917.08
20917.37 20918.88
20916.41 20917.59
20916.41 20917.59
20916.43 20917.58
20918.89 20920.36
20918.89 20920.36
20917.87 20919.38
20917.87 20919.38
20915.89 20917.36
20916.64 20918.11
20916.64 20918.11
20917.37 20918.88
20917.88 20919.37
20917.88 20919.37
20918.17 20919.33
20916.89 20918.36
20916.89 20918.36
20916.12 20917.63
20915.63 20917.12
20915.63 20917.12
20916.39 20917.86
20917.14 20918.61
20917.14 20918.61
20916.42 20917.58
20920.91 20922.09
20920.91 20922.09
20922.63 20924.13
20922.15 20923.35
20922.15 20923.35
20921.92 20923.08
20923.66 20924.84
20923.66 20924.84
20923.15 20924.35
20922.88 20924.37
20922.88 20924.37
20923.64 20925.11
20923.64 20925.11
20921.91 20923.09
20922.40 20924.11
20922.40 20924.11
20923.90 20925.10
20926.12 20927.63
20926.12 20927.63
20930.66 20931.85
20930.92 20932.08
20930.92 20932.08
20930.91 20932.09
20931.66 20932.84
20931.66 20932.84
20932.92 20934.08
20931.17 20932.33
20931.17 20932.33
20929.64 20931.11
20929.64 20931.11
20932.38 20933.87
20930.37 20931.88
20930.37 20931.88
