20993.63 20995.12
20993.63 20995.12
20993.41 20995.10
20993.41 20995.10
20993.41 20995.10
20994.15 20995.85
20994.12 20995.63
20994.12 20995.63
20994.38 20995.87
20994.38 20995.87
20994.17 20995.33
20994.17 20995.33
20994.17 20995.33
20994.16 20995.34
20994.16 20995.34
20994.16 20995.34
20994.88 20996.37
20994.88 20996.37
20994.92 20996.08
20995.41 20996.60
20995.41 20996.60
20995.41 20996.60
20995.41 20996.60
20995.41 20996.60
20995.41 20996.60
20994.89 20996.36
20994.89 20996.36
20994.88 20996.37
20994.88 20996.37
20994.38 20995.87
20994.31 20994.94
20994.31 20994.94
20994.31 20994.94
20995.12 20996.63
20995.12 20996.63
20995.14 20996.61
20995.14 20996.61
20994.63 20996.12
20994.63 20996.12
20994.63 20996.12
20994.63 20996.12
20994.63 20996.12
20994.63 20996.12
20994.63 20996.12
20994.41 20995.59
20994.41 20995.59
20994.41 20995.59
20994.41 20995.59
20994.12 20995.63
20994.38 20995.87
20994.38 20995.87
20994.38 20995.87
20994.42 20995.58
20994.13 20995.62
20994.13 20995.62
20994.13 20995.62
20994.13 20995.62
20994.13 20995.62
20994.81 20995.44
20994.81 20995.44
20994.81 20995.44
20994.14 20995.61
20994.14 20995.61
20994.38 20995.87
20994.38 20995.87
20994.38 20995.87
20994.42 20995.58
20994.42 20995.58
20994.88 20996.37
20994.88 20996.37
20995.15 20996.35
20995.15 20996.35
20995.17 20996.34
20995.17 20996.34
20994.17 20995.33
20994.17 20995.33
20994.17 20995.33
20993.31 20993.94
20993.31 20993.94
20993.31 20993.94
20993.56 20994.19
20993.56 20994.19
20993.67 20994.84
20993.67 20994.84
20993.67 20994.84
20993.88 20995.37
20993.88 20995.37
20994.66 20995.84
20994.66 20995.84
20994.66 20995.84
20994.15 20995.85
20994.15 20995.85
20996.14 20997.86
20996.14 20997.86
20995.87 20997.38
20995.87 20997.38
20995.87 20997.38
20995.65 20997.35
20995.65 20997.35
20995.65 20997.35
20995.63 20997.12
20995.63 20997.12
20995.63 20997.12
20995.63 20997.12
20996.56 20997.19
20996.56 20997.19
20995.15 20996.86
20995.15 20996.86
20994.97 20996.78
20994.97 20996.78
20994.97 20996.78
20994.88 20996.37
20994.88 20996.37
20992.39 20994.11
20992.39 20994.11
20992.15 20993.85
20992.15 20993.85
20991.91 20993.60
20991.91 20993.60
20991.91 20993.60
20992.15 20993.85
20992.67 20993.83
20992.67 20993.83
20992.30 20992.95
20992.30 20992.95
20992.16 20993.34
20992.16 20993.34
20992.06 20992.69
20992.06 20992.69
20991.89 20993.36
20991.89 20993.36
20991.89 20993.36
20992.56 20993.19
20992.56 20993.19
20992.56 20993.19
20992.39 20993.86
20992.39 20993.86
20992.39 20993.86
20991.66 20992.84
20992.15 20993.85
20992.15 20993.85
20992.15 20993.85
20991.66 20993.34
20991.66 20993.34
20991.66 20993.34
20991.63 20993.12
20991.63 20993.12
20990.65 20992.36
20990.65 20992.36
20990.12 20991.63
20990.12 20991.63
20989.64 20991.11
20989.64 20991.11
20989.66 20990.84
20989.55 20990.20
20989.55 20990.20
20989.55 20990.20
20988.81 20989.44
20988.81 20989.44
20988.67 20989.83
20988.67 20989.83
20988.88 20990.37
20988.88 20990.37
20988.91 20990.59
20988.91 20990.59
20989.89 20991.61
20989.89 20991.61
20990.22 20992.03
20990.22 20992.03
20990.22 20992.03
20990.37 20991.88
20990.37 20991.88
20990.33 20992.42
20989.78 20991.72
20989.78 20991.72
20989.78 20991.72
20990.16 20991.85
20990.16 20991.85
20990.06 20990.69
20989.89 20991.36
20989.89 20991.36
20989.64 20991.11
20989.64 20991.11
20988.65 20990.36
20988.87 20990.38
20988.87 20990.38
20989.89 20991.36
20989.89 20991.36
20989.97 20991.78
20989.97 20991.78
20989.63 20991.12
20989.63 20991.12
20991.41 20993.09
20992.65 20993.85
20992.65 20993.85
20992.64 20994.11
20993.13 20994.62
20993.13 20994.62
20993.42 20994.58
20993.42 20994.58
20993.42 20994.58
20992.63 20994.12
20992.63 20994.12
20992.63 20994.12
20992.91 20994.60
20992.91 20994.60
20992.91 20994.60
20992.91 20994.60
20993.91 20995.09
20993.91 20995.09
20994.16 20995.85
20994.16 20995.85
20994.16 20995.34
20994.16 20995.34
20994.66 20996.34
20994.66 20996.34
20995.37 20996.88
20996.41 20997.59
20996.41 20997.59
20996.41 20997.59
20996.41 20997.59
20996.41 20997.59
20996.38 20997.87
20996.38 20997.87
20996.42 20997.59
20996.12 20997.63
20996.12 20997.63
20997.05 20997.70
20996.66 20998.35
20996.66 20998.35
