20889.14 20890.61
20889.14 20890.61
20890.66 20891.84
20890.66 20891.84
20890.89 20892.36
20891.37 20892.88
20891.37 20892.88
20890.92 20892.09
20890.92 20892.09
20890.13 20891.63
20890.14 20891.61
20890.14 20891.61
20890.63 20892.12
20890.43 20891.58
20890.43 20891.58
20890.89 20892.36
20890.89 20892.36
20891.17 20892.34
20890.67 20891.83
20890.67 20891.83
20891.66 20892.84
20891.63 20893.13
20891.63 20893.13
20891.14 20892.61
20891.91 20893.10
20891.91 20893.10
20889.65 20890.85
20890.37 20891.88
20890.37 20891.88
20889.39 20890.86
20889.39 20890.86
20890.13 20891.63
20888.13 20889.63
20888.13 20889.63
20887.93 20889.08
20891.41 20892.59
20891.41 20892.59
20891.67 20892.84
20891.67 20892.84
20890.88 20892.37
20890.67 20891.84
20890.67 20891.84
20890.81 20891.44
20890.81 20891.44
20891.67 20892.83
20891.67 20892.83
20891.37 20892.88
20892.17 20893.33
20892.17 20893.33
20892.64 20894.11
20891.91 20893.09
20891.91 20893.09
20891.89 20893.36
20890.43 20891.58
20890.43 20891.58
20892.17 20893.33
20892.13 20893.63
20892.13 20893.63
20892.42 20893.58
20892.42 20893.58
20890.91 20892.10
20890.91 20892.10
20891.66 20892.85
20891.67 20892.83
20891.67 20892.83
20891.13 20892.62
20892.18 20893.33
20892.18 20893.33
20891.88 20893.37
20892.38 20893.87
20892.38 20893.87
20891.41 20892.60
20888.66 20889.84
20888.66 20889.84
20886.92 20888.09
20886.92 20888.09
20883.88 20885.38
20885.06 20885.69
20884.63 20886.12
20884.63 20886.12
20884.66 20885.85
20884.66 20885.85
20885.05 20885.70
20881.67 20882.84
20882.39 20883.86
20882.39 20883.86
20882.37 20883.88
20883.13 20884.63
20883.13 20884.63
20883.17 20884.33
20885.63 20887.13
20885.63 20887.13
20885.62 20887.13
20885.62 20887.13
20884.89 20886.36
20886.14 20887.61
20886.14 20887.61
20885.13 20886.63
20885.66 20886.84
20885.66 20886.84
20886.12 20887.63
20885.63 20887.13
20885.63 20887.13
20883.66 20884.84
20883.66 20884.84
20884.81 20885.44
20884.13 20885.63
20884.13 20885.63
20882.63 20884.13
20883.39 20884.86
20883.39 20884.86
20885.37 20886.88
20885.37 20886.88
20886.16 20887.34
20886.16 20887.34
20888.17 20889.33
20888.13 20889.62
20888.13 20889.62
20888.13 20889.63
20887.68 20888.83
20887.68 20888.83
20889.92 20891.09
20890.66 20891.84
20890.66 20891.84
20889.88 20891.38
20889.13 20890.62
20889.13 20890.62
20891.17 20892.34
20891.41 20892.59
20891.41 20892.59
20891.16 20892.34
20891.16 20892.34
20891.63 20893.12
20891.63 20893.12
20891.13 20892.62
20890.37 20891.88
20890.37 20891.88
20889.65 20890.85
20889.65 20890.85
20887.91 20889.09
20886.67 20887.84
20886.67 20887.84
20887.66 20888.84
20887.66 20888.84
20888.66 20889.84
20889.41 20890.59
20889.41 20890.59
20886.63 20888.13
20888.42 20889.59
20888.42 20889.59
20889.62 20891.13
20890.93 20892.08
20890.93 20892.08
20890.67 20891.83
20890.91 20892.09
20890.91 20892.09
20890.17 20891.34
20889.66 20890.84
20889.66 20890.84
20888.92 20890.09
20888.41 20889.59
20888.41 20889.59
20888.64 20890.11
20888.89 20890.36
20888.89 20890.36
20888.88 20890.38
20888.88 20890.38
20889.67 20890.84
20889.91 20891.09
20889.91 20891.09
20889.88 20891.38
20890.17 20891.33
20890.17 20891.33
20889.80 20890.45
20888.42 20889.58
20888.42 20889.58
20888.92 20890.09
20889.37 20890.88
20889.37 20890.88
20888.92 20890.08
20888.64 20890.11
20888.64 20890.11
20884.87 20886.38
20883.88 20885.38
20883.88 20885.38
20885.16 20886.34
20884.63 20886.12
20884.63 20886.12
20884.93 20886.08
20884.93 20886.08
20882.13 20883.62
20882.17 20883.34
20882.17 20883.34
20879.17 20880.34
20880.88 20882.37
20880.88 20882.37
20881.41 20882.59
20880.42 20881.58
20880.42 20881.58
20878.63 20880.12
20878.63 20880.12
20877.88 20879.38
20876.42 20877.58
20876.42 20877.58
20877.89 20879.36
20876.41 20877.59
20876.41 20877.59
20877.91 20879.09
20878.17 20879.33
20878.17 20879.33
20878.41 20879.59
20878.41 20879.59
20879.64 20881.11
20879.92 20881.08
20879.92 20881.08
20879.38 20880.87
20880.41 20881.59
20880.41 20881.59
20881.18 20882.33
20881.63 20883.12
20881.63 20883.12
20881.62 20883.13
20881.62 20883.13
20881.65 20882.85
20880.89 20882.36
20881.14 20882.61
20881.14 20882.61
20879.65 20880.85
20879.65 20880.85
20880.13 20881.62
20878.67 20879.83
20878.67 20879.83
20875.92 20877.08
20876.16 20877.34
20876.16 20877.34
20876.42 20877.58
20875.17 20876.34
20875.17 20876.34
20875.42 20876.58
20875.68 20876.83
20875.68 20876.83
20876.39 20877.86
20876.39 20877.86
20875.37 20876.88
20876.42 20877.59
20876.42 20877.59
20878.15 20879.35
20876.87 20878.38
20876.87 20878.38
20876.42 20877.59
20875.14 20876.61
20875.14 20876.61
20873.92 20875.08
20873.92 20875.08
20873.63 20875.13
20873.63 20875.13
20873.63 20875.13
20872.64 20874.11
20872.40 20873.60
20872.40 20873.60
20871.87 20873.38
20870.13 20871.63
20870.13 20871.63
20871.38 20872.87
20871.88 20873.37
20871.88 20873.37
20872.41 20873.59
20871.88 20873.37
20871.88 20873.37
20871.37 20872.88
20872.43 20873.58
20872.43 20873.58
20872.92 20874.08
20871.67 20872.83
20871.67 20872.83
20871.66 20872.84
20871.68 20872.83
20871.68 20872.83
20871.89 20873.36
20871.89 20873.36
20869.67 20870.83
20869.66 20870.84
20869.66 20870.84
20866.62 20868.13
20866.62 20868.13
20867.42 20868.58
20866.42 20867.58
20868.16 20869.35
20868.16 20869.35
20867.81 20868.44
20867.81 20868.44
20866.42 20867.59
20866.38 20867.88
20866.38 20867.88
20867.91 20869.09
20867.43 20868.58
20867.43 20868.58
20867.68 20868.83
20864.88 20866.37
20864.88 20866.37
20866.17 20867.34
20861.93 20863.08
20861.93 20863.08
20860.42 20861.59
20860.90 20862.10
20860.90 20862.10
20861.42 20862.58
20861.42 20862.58
20862.65 20863.85
20861.67 20862.84
20864.38 20865.88
20864.38 20865.88
20865.42 20866.59
20865.42 20866.59
20865.87 20867.38
20865.89 20867.36
20865.89 20867.36
20863.66 20864.85
20862.42 20863.58
20862.42 20863.58
20862.64 20864.11
20862.38 20863.88
20862.38 20863.88
20861.68 20862.83
20859.91 20861.09
20859.91 20861.09
20860.88 20862.38
20860.88 20862.38
20860.41 20861.59
20860.67 20861.84
20860.67 20861.84
20861.42 20862.58
20861.17 20862.33
20861.17 20862.33
20861.91 20863.09
20863.17 20864.33
20863.17 20864.33
20863.13 20864.62
20863.13 20864.62
20859.65 20860.85
20859.91 20861.09
20859.91 20861.09
20859.14 20860.61
20860.43 20861.58
20860.43 20861.58
20862.56 20863.19
20862.63 20864.12
20862.63 20864.12
20862.37 20863.88
20862.68 20863.83
20862.68 20863.83
20863.42 20864.59
20862.89 20864.36
20862.89 20864.36
20862.92 20864.09
20863.37 20864.88
20863.37 20864.88
20865.67 20866.84
20865.67 20866.84
20864.64 20866.11
20863.92 20865.08
20863.92 20865.08
20863.88 20865.37
20863.88 20865.37
20864.06 20864.69
20864.38 20865.88
20864.38 20865.88
20864.18 20865.33
20861.12 20862.63
20861.12 20862.63
20863.92 20865.08
20863.92 20865.08
20864.16 20865.34
20863.43 20864.58
20863.43 20864.58
20862.42 20863.59
20862.62 20864.13
20862.62 20864.13
20862.41 20863.59
20861.63 20863.13
20861.63 20863.13
20858.17 20859.33
20858.17 20859.33
20859.41 20860.59
20861.92 20863.09
20861.92 20863.09
20860.13 20861.62
20860.67 20861.83
20860.67 20861.83
20862.42 20863.58
20860.90 20862.10
20860.90 20862.10
20862.93 20864.08
20861.67 20862.83
20861.67 20862.83
20862.12 20863.63
20863.13 20864.62
20863.13 20864.62
20862.89 20864.36
20862.89 20864.36
20861.41 20862.59
20862.12 20863.63
20862.12 20863.63
20862.88 20864.38
20864.88 20866.37
20864.88 20866.37
20864.66 20865.84
20864.66 20865.84
20863.38 20864.87
20862.62 20864.13
20862.62 20864.13
20863.39 20864.86
20863.39 20864.86
20864.17 20865.33
20865.92 20867.08
20865.92 20867.08
20864.41 20865.59
20864.63 20866.13
20864.63 20866.13
20864.40 20865.60
20865.56 20866.20
20865.56 20866.20
20867.67 20868.83
20867.13 20868.63
20867.13 20868.63
20868.16 20869.34
20868.67 20869.84
20868.67 20869.84
20869.66 20870.84
20868.92 20870.09
20868.92 20870.09
20868.91 20870.09
20868.63 20870.13
20868.63 20870.13
20869.66 20870.84
20867.90 20869.10
20867.90 20869.10
20869.63 20871.12
20868.17 20869.34
20868.17 20869.34
20868.66 20869.84
20866.91 20868.09
20866.91 20868.09
20866.38 20867.87
20866.38 20867.87
20868.13 20869.62
20865.67 20866.83
20865.67 20866.83
20866.16 20867.34
20866.13 20867.63
20866.13 20867.63
20865.88 20867.37
20866.18 20867.33
20866.18 20867.33
20865.41 20866.59
20866.17 20867.33
20866.17 20867.33
20866.63 20868.13
20867.42 20868.59
20867.42 20868.59
20868.93 20870.08
20867.40 20868.60
20867.40 20868.60
20866.41 20867.59
20867.06 20867.69
20867.06 20867.69
20866.64 20868.11
20866.63 20868.12
20866.63 20868.12
20865.63 20867.12
20865.63 20867.12
20865.41 20866.59
20864.67 20865.84
20864.67 20865.84
20864.67 20865.83
20864.14 20865.61
20864.14 20865.61
20863.39 20864.86
20863.39 20864.86
20862.66 20863.84
20860.14 20861.61
20860.14 20861.61
20862.13 20863.62
20863.63 20865.12
20863.63 20865.12
20863.66 20864.84
20861.91 20863.09
20861.91 20863.09
20862.92 20864.08
20862.62 20864.13
20862.62 20864.13
20863.38 20864.87
20860.87 20862.38
20860.87 20862.38
20861.89 20863.36
20861.43 20862.58
20861.43 20862.58
20859.16 20860.34
20856.41 20857.59
20856.41 20857.59
20857.14 20858.61
20857.14 20858.61
20859.14 20860.61
20862.91 20864.10
20862.91 20864.10
20860.87 20862.38
20863.13 20864.63
20863.13 20864.63
20864.16 20865.34
20863.66 20864.85
20863.66 20864.85
20863.62 20865.13
20862.13 20863.63
20862.13 20863.63
20862.42 20863.58
20864.17 20865.34
20864.17 20865.34
20863.17 20864.34
20864.38 20865.88
20864.38 20865.88
20864.42 20865.59
20864.18 20865.33
20864.18 20865.33
20864.66 20865.84
20864.66 20865.84
20867.67 20868.84
20867.30 20867.95
20867.30 20867.95
20865.88 20867.37
20867.65 20868.85
20867.65 20868.85
20866.42 20867.59
20866.42 20867.59
20865.90 20867.10
20865.92 20867.08
20865.92 20867.08
20865.17 20866.33
20864.88 20866.37
20864.88 20866.37
20863.38 20864.87
20864.16 20865.34
20864.16 20865.34
20863.38 20864.87
20863.38 20864.87
20863.14 20864.61
20862.16 20863.34
20862.16 20863.34
20863.92 20865.08
20864.67 20865.84
20864.67 20865.84
20862.38 20863.87
20862.16 20863.34
20862.16 20863.34
20863.06 20863.69
20861.63 20863.13
20861.63 20863.13
20861.15 20862.35
20861.15 20862.35
20859.66 20860.84
20859.18 20860.33
20859.18 20860.33
20860.63 20862.12
20860.15 20861.35
20860.15 20861.35
20858.65 20859.85
20859.12 20860.63
20859.12 20860.63
20861.16 20862.34
20861.13 20862.62
20861.13 20862.62
20859.38 20860.87
20860.42 20861.58
20860.42 20861.58
20861.39 20862.86
20861.39 20862.86
20860.80 20861.45
20862.38 20863.87
20862.38 20863.87
20861.17 20862.33
20860.67 20861.83
20860.67 20861.83
20860.41 20861.60
20859.40 20860.60
20859.40 20860.60
20860.87 20862.38
20860.87 20862.38
20862.38 20863.88
20861.88 20863.37
20861.88 20863.37
20862.17 20863.33
20861.38 20862.87
20861.38 20862.87
20861.89 20863.36
20861.63 20863.12
20861.63 20863.12
20861.63 20863.13
20859.88 20861.37
20859.88 20861.37
20860.87 20862.38
20858.89 20860.36
20858.89 20860.36
20859.17 20860.33
20855.63 20857.12
20855.63 20857.12
20858.12 20859.63
20858.12 20859.63
20859.37 20860.88
20859.43 20860.58
20859.43 20860.58
20860.40 20861.60
20861.67 20862.83
20861.67 20862.83
20864.92 20866.09
20864.38 20865.87
20864.38 20865.87
20864.37 20865.88
20865.14 20866.61
20865.14 20866.61
20865.63 20867.12
20866.67 20867.84
20866.67 20867.84
20865.66 20866.85
20866.42 20867.58
20866.42 20867.58
20866.16 20867.34
