20915.16 20916.84
20915.16 20916.84
20917.23 20919.03
20917.23 20919.03
20919.63 20921.12
20919.63 20921.12
20921.91 20923.60
20921.14 20922.86
20921.14 20922.86
20921.66 20922.85
20921.66 20922.85
20921.72 20923.53
20922.15 20923.85
20922.15 20923.85
20921.53 20923.47
20921.53 20923.47
20924.15 20925.85
20923.38 20924.87
20923.64 20925.36
20923.64 20925.36
20926.46 20928.29
20926.46 20928.29
20926.47 20928.28
20925.96 20927.79
20925.96 20927.79
20926.40 20928.11
20926.40 20928.11
20926.03 20927.98
20926.23 20928.03
20926.23 20928.03
20926.23 20928.03
20926.92 20928.08
20926.92 20928.08
20927.73 20929.53
20927.88 20929.37
20927.88 20929.37
20927.89 20929.36
20927.89 20929.36
20927.41 20929.10
20926.90 20928.60
20926.90 20928.60
20926.22 20928.03
20925.63 20927.12
20925.63 20927.12
20925.63 20927.12
20925.81 20926.44
20925.81 20926.44
20925.39 20926.86
20925.39 20926.86
20925.13 20926.62
20925.13 20926.62
20925.17 20926.34
20922.91 20924.60
20922.91 20924.60
20922.91 20924.60
20922.28 20924.22
20922.28 20924.22
20922.90 20924.60
20922.23 20924.03
20922.23 20924.03
20922.39 20923.86
20922.13 20923.63
20922.13 20923.63
20922.64 20924.11
20922.64 20924.11
20922.64 20924.11
20922.15 20923.86
20922.15 20923.86
20922.40 20924.10
20922.40 20924.10
20922.41 20924.10
20922.41 20924.10
20922.38 20923.87
20922.38 20923.87
20922.13 20923.62
20922.13 20923.62
20922.16 20923.84
20922.16 20923.84
20922.16 20923.84
20922.16 20923.84
20922.41 20923.60
20922.41 20923.60
20921.65 20923.35
20921.65 20923.35
20921.63 20923.13
20921.91 20923.60
20921.91 20923.60
20921.91 20923.60
20921.90 20923.61
20921.90 20923.61
20921.90 20923.61
20922.15 20923.86
20922.15 20923.86
20922.15 20923.86
20921.90 20923.10
20921.89 20923.61
20921.89 20923.61
20923.63 20925.12
20923.63 20925.12
20923.63 20925.12
20923.12 20924.63
20923.12 20924.63
20922.88 20924.38
20922.88 20924.38
20922.88 20924.38
20922.88 20924.38
20923.13 20924.63
20923.13 20924.63
20923.13 20924.63
20923.16 20924.85
20923.16 20924.85
20923.13 20924.63
20923.13 20924.63
20923.39 20924.86
20923.39 20924.86
20923.38 20924.87
20923.38 20924.87
20923.38 20924.87
20923.89 20925.61
20923.41 20925.10
20923.41 20925.10
20923.89 20925.36
20923.89 20925.36
20923.89 20925.36
20923.87 20925.38
20923.87 20925.38
20923.87 20925.38
20923.63 20925.13
20923.63 20925.13
20923.39 20925.11
20923.39 20925.11
20923.39 20925.11
20924.17 20925.33
20924.15 20925.85
20924.15 20925.85
20924.15 20925.85
20924.16 20925.85
20924.39 20925.86
20924.39 20925.86
20925.31 20925.94
20925.31 20925.94
20924.39 20926.11
20924.41 20926.10
20924.41 20926.10
20924.66 20926.34
20924.66 20926.34
20925.16 20926.35
20924.13 20925.63
20922.38 20923.88
20922.38 20923.88
20922.38 20923.88
20921.91 20923.60
20921.65 20923.36
20921.66 20923.35
20921.66 20923.35
20922.39 20923.86
20922.39 20923.86
20922.39 20923.86
20922.39 20923.86
20921.14 20922.86
20921.14 20922.86
20921.88 20923.38
20921.64 20923.11
20921.64 20923.11
20921.64 20923.11
20921.38 20922.87
20921.38 20922.87
20921.38 20922.87
20921.65 20923.35
20921.65 20923.35
20921.65 20923.35
20921.98 20923.78
20921.98 20923.78
20921.47 20923.28
20921.42 20922.59
20921.42 20922.59
20921.42 20922.58
20921.42 20922.58
20921.65 20923.35
20921.65 20923.35
20921.71 20923.54
20921.71 20923.54
20921.47 20923.28
20921.47 20923.28
20921.47 20923.28
20921.73 20923.53
20921.73 20923.53
20921.73 20923.53
20921.73 20923.53
20922.13 20923.62
20920.66 20922.34
20920.66 20922.34
20920.66 20922.34
20920.41 20922.09
20920.63 20922.13
20920.63 20922.13
20921.15 20922.86
20921.15 20922.86
20921.15 20922.86
20922.21 20924.04
20922.21 20924.04
20922.98 20924.78
20922.98 20924.78
20923.91 20925.59
20923.65 20925.35
20923.65 20925.35
20923.63 20925.13
20923.63 20925.13
20923.41 20925.10
20923.41 20925.10
20923.41 20925.10
20923.40 20925.11
20923.40 20925.10
20923.40 20925.10
20924.14 20925.61
20924.14 20925.61
20923.38 20924.87
20923.38 20924.87
20923.63 20925.12
20923.63 20925.12
20923.63 20925.12
20923.46 20925.29
20923.46 20925.29
20923.40 20925.10
20923.40 20925.10
20923.40 20925.11
20923.89 20925.61
20923.89 20925.61
20923.89 20925.61
20923.89 20925.61
20923.66 20925.35
20923.66 20925.35
20923.66 20925.35
20923.66 20925.35
20923.66 20925.35
20923.38 20924.88
20923.38 20924.88
20923.14 20924.86
20923.14 20924.86
20923.14 20924.86
20923.17 20924.33
20923.17 20924.33
20923.17 20924.33
20923.17 20924.33
20923.13 20924.63
20923.13 20924.63
20923.13 20924.62
20923.13 20924.62
20923.13 20924.62
20922.14 20923.61
20922.14 20923.61
20921.13 20922.62
20921.13 20922.62
20920.92 20922.08
20920.92 20922.08
20919.98 20921.78
20919.98 20921.78
20919.88 20921.38
20920.22 20922.03
20920.22 20922.03
20919.89 20921.61
20919.89 20921.61
20920.16 20921.85
20920.17 20921.33
20920.17 20921.33
20920.39 20922.11
20920.39 20922.11
20920.39 20922.11
20919.96 20921.79
20919.96 20921.79
20919.91 20921.59
20919.13 20920.62
20919.13 20920.62
20919.13 20920.62
20920.14 20921.61
20920.14 20921.61
20917.90 20919.61
20917.90 20919.61
20918.14 20919.86
20917.97 20919.78
20917.97 20919.78
20919.18 20920.33
20919.18 20920.33
20919.38 20920.87
20919.38 20920.87
20919.38 20920.88
20919.38 20920.88
20919.15 20920.86
20919.15 20920.86
20917.72 20919.53
20917.88 20919.37
20917.88 20919.37
20917.88 20919.37
20917.89 20919.61
20916.91 20918.59
20916.91 20918.59
20916.91 20918.59
20917.33 20919.42
20917.33 20919.42
20918.38 20919.88
20918.38 20919.88
20918.38 20919.88
20918.15 20919.86
20918.15 20919.86
20918.15 20919.86
20918.16 20919.85
20918.16 20919.85
20917.40 20919.10
20917.40 20919.10
20917.93 20919.08
20917.88 20919.37
20917.88 20919.37
20917.91 20919.59
20917.91 20919.59
20917.91 20919.59
20917.91 20919.59
20917.91 20919.59
20917.91 20919.59
20917.91 20919.59
20917.88 20919.37
20917.88 20919.37
20917.88 20919.37
20918.41 20920.09
20918.41 20920.09
20918.92 20920.09
20918.92 20920.09
20918.92 20920.09
20918.63 20920.12
20918.63 20920.12
20918.47 20920.28
20919.40 20921.10
20919.40 20921.10
20921.64 20923.36
20921.41 20923.10
20921.41 20923.10
20922.13 20923.62
20922.13 20923.62
20920.91 20922.60
20920.91 20922.60
20920.91 20922.60
20921.13 20922.63
20921.13 20922.63
20919.41 20921.09
20919.41 20921.09
20919.41 20921.09
20919.71 20921.54
20920.16 20921.85
20920.16 20921.85
20919.88 20921.38
20919.88 20921.38
20919.89 20921.36
20919.89 20921.36
20919.88 20921.37
20919.88 20921.37
20919.88 20921.38
20919.88 20921.38
20919.89 20921.36
20919.89 20921.36
20920.13 20921.62
20920.13 20921.62
20919.91 20921.60
20919.91 20921.60
20919.66 20921.34
20919.66 20921.34
20919.66 20921.34
20919.65 20921.35
20919.65 20921.35
20919.66 20920.85
20918.40 20920.10
20918.40 20920.10
20918.40 20920.10
20918.38 20919.88
20918.38 20919.88
20917.91 20919.60
20917.91 20919.60
20917.91 20919.60
20918.14 20919.86
20918.14 20919.86
20918.14 20919.86
20918.14 20919.86
20918.14 20919.86
20918.14 20919.86
20918.14 20919.86
20917.88 20919.37
20917.88 20919.37
20918.14 20919.86
20918.14 20919.86
20918.38 20919.87
20918.38 20919.87
20918.65 20920.36
20918.65 20920.36
20917.91 20919.59
20917.91 20919.59
20918.13 20919.62
20918.13 20919.62
20917.65 20919.35
20917.65 20919.35
20918.12 20919.63
20918.12 20919.63
20917.88 20919.37
20917.88 20919.37
20919.39 20921.11
20919.39 20921.11
20919.39 20921.11
20919.39 20921.11
20919.66 20921.34
20919.66 20921.34
20921.66 20922.84
20921.66 20922.84
20921.66 20922.84
20921.66 20922.84
20920.91 20922.59
20920.91 20922.59
20920.91 20922.59
20920.91 20922.59
20920.91 20922.59
20920.88 20922.37
20922.63 20924.12
20921.90 20923.60
20921.90 20923.60
20922.43 20923.58
20922.43 20923.58
20922.43 20923.58
20921.91 20923.60
20921.91 20923.60
20921.91 20923.60
20921.91 20923.60
20921.93 20923.08
20921.89 20923.61
20921.89 20923.61
20921.89 20923.61
20921.89 20923.61
20921.88 20923.37
20921.89 20923.61
20921.89 20923.61
20921.89 20923.61
20921.89 20923.61
20921.89 20923.61
20921.38 20922.88
20921.38 20922.88
20921.38 20922.87
20921.38 20922.87
20920.97 20922.78
20920.97 20922.78
20920.89 20922.36
20920.89 20922.36
20920.88 20922.37
20920.88 20922.37
20920.39 20921.86
20920.39 20921.86
20920.40 20922.11
20920.40 20922.11
20920.40 20922.11
20920.66 20922.35
20920.66 20922.35
20920.65 20922.35
20920.65 20922.35
20920.65 20922.35
20920.65 20922.35
20921.06 20921.69
20921.06 20921.69
20920.87 20922.38
20920.87 20922.38
20920.87 20922.38
20920.87 20922.38
20920.90 20922.60
20920.90 20922.60
20920.90 20922.60
20920.63 20922.13
20920.63 20922.13
20920.63 20922.13
20920.41 20922.09
20920.41 20922.09
20920.41 20922.09
20920.13 20921.63
20920.13 20921.63
20919.13 20920.62
20919.13 20920.62
20918.91 20920.60
20918.91 20920.60
20918.64 20920.11
20918.64 20920.11
20917.39 20919.11
20919.16 20920.84
20919.16 20920.84
20920.39 20921.86
20920.39 20921.86
20920.39 20922.11
20920.39 20922.11
20919.46 20921.29
20919.46 20921.29
20919.90 20921.61
20918.72 20920.53
20918.72 20920.53
20918.71 20920.54
20918.71 20920.54
20918.71 20920.54
20918.89 20920.61
20918.89 20920.61
20918.91 20920.59
20918.91 20920.59
20918.91 20920.59
20918.91 20920.59
20919.15 20920.85
20918.71 20920.54
20918.71 20920.54
20918.90 20920.60
20918.90 20920.60
20918.63 20920.12
20918.63 20920.12
20918.89 20920.36
20918.89 20920.36
20918.66 20920.35
20918.88 20920.37
20918.88 20920.37
20918.87 20920.38
20918.87 20920.38
20918.87 20920.38
20918.87 20920.38
20918.87 20920.38
20919.17 20920.33
20918.64 20920.36
20918.64 20920.36
20916.40 20918.10
20916.66 20917.85
20916.66 20917.85
20916.41 20918.09
20916.41 20918.09
20917.15 20918.85
20917.15 20918.85
20917.15 20918.86
20917.15 20918.86
20917.91 20919.09
20917.91 20919.09
20917.88 20919.37
20917.88 20919.37
20917.89 20919.61
20918.16 20919.85
20918.16 20919.85
20919.13 20920.62
20919.13 20920.62
20919.38 20920.87
20919.38 20920.87
20919.42 20920.58
20919.42 20920.58
20919.38 20920.87
20919.38 20920.87
20919.38 20920.87
20919.38 20920.88
20919.38 20920.88
20919.66 20920.84
20919.66 20920.84
20919.66 20920.84
20919.88 20921.37
20919.88 20921.37
20919.13 20920.62
20919.13 20920.62
20917.92 20919.08
20917.92 20919.08
20918.13 20919.62
20918.13 20919.62
20918.13 20919.62
20918.13 20919.63
20918.13 20919.63
20918.13 20919.63
20918.13 20919.63
20918.15 20919.85
20918.14 20919.61
20918.14 20919.61
20918.14 20919.61
20918.15 20919.86
20918.15 20919.86
20918.15 20919.86
20918.15 20919.86
20918.15 20919.86
20918.89 20920.36
20918.89 20920.36
20918.89 20920.36
20918.89 20920.36
20914.88 20916.37
20914.91 20916.60
20914.91 20916.60
20914.64 20916.36
20914.67 20915.83
20914.67 20915.83
20914.67 20915.83
20914.18 20915.33
20914.18 20915.33
20912.67 20913.83
20912.15 20913.85
20912.15 20913.85
20912.42 20913.58
20912.42 20913.58
20911.65 20913.36
20911.64 20913.36
20911.64 20913.36
20911.66 20912.84
20911.53 20913.48
20911.53 20913.48
20912.14 20913.86
20912.88 20914.37
20912.88 20914.37
20915.13 20916.63
20915.13 20916.63
20915.43 20916.58
20915.43 20916.58
20914.90 20916.10
20914.90 20916.10
20914.90 20916.10
20914.39 20915.86
20914.39 20915.86
20914.41 20916.10
20914.41 20916.10
20914.41 20916.10
20913.89 20915.61
20913.89 20915.61
20913.64 20915.11
20913.64 20915.11
20913.22 20915.03
20913.40 20915.10
20913.40 20915.10
20913.40 20915.10
