20823.71 20825.54
20823.71 20825.54
20823.71 20825.54
20823.72 20825.53
20823.72 20825.53
20823.97 20825.78
20823.97 20825.78
20822.23 20824.03
20822.41 20824.10
20822.41 20824.10
20822.41 20824.10
20823.81 20824.44
20822.97 20824.78
20822.97 20824.78
20822.64 20824.11
20822.64 20824.11
20823.47 20825.28
20821.66 20823.34
20821.66 20823.34
20822.15 20823.85
20822.15 20823.85
20825.48 20827.28
20825.48 20827.28
20825.78 20827.72
20825.78 20827.72
20828.46 20830.29
20828.46 20830.29
20827.89 20829.61
20827.90 20829.60
20827.90 20829.60
20827.47 20829.28
20827.47 20829.28
20827.47 20829.28
20827.47 20829.28
20826.23 20828.03
20826.23 20828.03
20826.23 20828.03
20826.23 20828.03
20826.91 20828.59
20828.15 20829.86
20828.15 20829.86
20827.71 20829.54
20827.71 20829.54
20830.14 20831.86
20826.97 20828.78
20826.97 20828.78
20826.64 20828.36
20826.64 20828.36
20826.28 20828.22
20826.28 20828.22
20826.08 20828.17
20826.08 20828.17
20825.65 20827.36
20825.98 20827.78
20825.98 20827.78
20825.22 20827.03
20825.62 20827.13
20825.62 20827.13
20825.48 20827.28
20825.48 20827.28
20825.28 20827.23
20826.47 20828.28
20826.47 20828.28
20828.22 20830.03
20827.97 20829.78
20827.97 20829.78
20827.41 20829.09
20828.65 20830.35
20828.65 20830.35
20828.65 20830.35
20828.65 20830.35
20827.53 20829.47
20827.53 20829.47
20826.78 20828.72
20825.71 20827.54
20825.71 20827.54
20826.65 20828.35
20828.97 20830.78
20828.97 20830.78
20827.78 20829.72
20828.47 20830.28
20828.47 20830.28
20828.53 20830.47
20828.53 20830.47
20828.28 20830.22
20828.46 20830.29
20828.46 20830.29
20828.91 20830.59
20828.22 20830.03
20828.22 20830.03
20828.78 20830.72
20828.78 20830.72
20828.78 20830.72
20829.28 20831.22
20828.16 20829.84
20828.16 20829.84
20828.15 20829.85
20828.53 20830.48
20828.53 20830.48
20828.33 20830.42
20828.15 20829.85
20828.15 20829.85
20828.15 20829.85
20831.22 20833.03
20831.22 20833.03
20830.28 20832.23
20831.53 20833.47
20831.53 20833.47
20831.72 20833.53
20831.72 20833.53
20831.97 20833.78
20831.72 20833.53
20831.72 20833.53
20831.78 20833.73
20831.78 20833.73
20831.65 20833.35
20831.33 20833.42
20831.33 20833.42
20832.38 20833.88
20832.38 20833.88
20830.28 20832.22
20829.72 20831.53
20829.72 20831.53
20829.28 20831.22
20829.28 20831.22
20828.23 20830.03
20828.23 20830.03
20828.58 20830.67
20828.58 20830.67
20830.53 20832.48
20830.53 20832.48
20831.64 20833.36
20831.64 20833.36
20831.08 20833.17
20830.83 20832.92
20830.83 20832.92
20829.28 20831.22
20829.28 20831.22
20829.38 20831.62
20829.17 20830.33
20829.17 20830.33
20824.97 20826.78
20824.97 20826.78
20824.03 20825.97
20825.46 20827.29
20825.46 20827.29
20825.41 20827.09
20825.41 20827.09
20824.88 20826.37
20824.91 20826.60
20824.91 20826.60
20824.16 20825.84
20822.71 20824.54
20822.71 20824.54
20823.38 20824.87
20822.66 20824.35
20822.66 20824.35
20822.46 20824.29
20821.22 20823.03
20821.22 20823.03
20818.91 20820.60
20818.91 20820.60
20817.97 20819.78
20819.14 20820.86
20819.14 20820.86
20818.90 20820.60
20818.90 20820.60
20819.28 20821.22
20819.28 20821.22
20818.90 20820.60
20818.90 20820.60
20819.28 20821.22
20820.33 20822.42
20820.33 20822.42
20819.73 20821.53
20820.22 20822.03
20820.22 20822.03
20820.21 20822.04
20820.21 20822.04
20819.08 20821.17
20817.87 20819.38
20817.87 20819.38
20815.97 20817.78
20815.97 20817.78
20815.67 20816.83
20815.90 20817.60
20815.90 20817.60
20817.66 20819.35
20817.39 20819.11
20817.39 20819.11
20817.16 20818.84
20817.16 20818.84
20817.38 20818.88
20817.96 20819.79
20817.96 20819.79
20817.03 20818.97
20817.97 20819.78
20817.97 20819.78
20818.78 20820.72
20819.28 20821.23
20819.28 20821.23
20818.58 20820.67
20820.39 20822.11
20820.39 20822.11
20821.71 20823.54
20821.71 20823.54
20821.72 20823.53
20822.03 20823.97
20822.03 20823.97
20821.97 20823.78
20821.97 20823.78
20821.53 20823.48
20821.89 20823.61
20821.89 20823.61
20823.83 20825.92
20823.28 20825.22
20823.28 20825.22
20822.97 20824.78
20822.97 20824.78
20822.88 20824.37
20822.88 20824.37
20822.41 20824.10
20821.40 20823.10
20821.40 20823.10
20821.98 20823.78
20821.98 20823.78
20822.03 20823.98
20822.47 20824.28
20822.47 20824.28
20820.71 20822.54
20820.71 20822.54
20820.03 20821.97
20820.03 20821.97
20818.72 20820.53
20818.72 20820.53
20816.42 20817.59
20816.42 20817.59
20816.16 20817.84
20815.72 20817.53
20815.72 20817.53
20815.65 20817.35
20815.73 20817.53
20815.73 20817.53
20815.21 20817.04
20815.21 20817.04
20815.40 20817.10
20815.40 20817.10
20814.72 20816.53
20814.72 20816.53
20814.14 20815.86
20814.14 20815.86
20814.47 20816.28
20814.47 20816.28
20814.88 20816.37
20815.28 20817.23
20815.28 20817.23
20820.98 20822.78
20820.98 20822.78
20822.15 20823.85
20822.96 20824.79
20822.96 20824.79
20820.89 20822.61
20820.47 20822.28
20820.47 20822.28
20819.88 20821.37
20819.88 20821.37
20820.97 20822.78
20820.48 20822.28
20820.48 20822.28
20820.47 20822.28
20819.91 20821.60
20819.91 20821.60
20820.89 20822.61
20820.89 20822.61
20824.98 20826.78
20824.98 20826.78
20824.72 20826.53
20823.71 20825.54
20823.71 20825.54
20824.53 20826.47
20824.53 20826.47
20824.53 20826.47
20824.90 20826.60
20825.72 20827.53
20826.48 20828.28
20826.48 20828.28
20828.14 20829.86
20828.14 20829.86
20829.98 20831.78
20829.98 20831.78
20829.88 20831.38
20829.88 20831.38
20830.47 20832.28
20830.65 20832.35
20832.62 20834.13
20832.62 20834.13
20832.38 20833.88
20832.38 20833.88
20835.16 20836.85
20833.98 20835.78
20834.03 20835.97
20834.03 20835.97
20833.65 20835.35
20833.65 20835.35
20832.96 20834.79
20832.97 20834.78
20832.97 20834.78
20833.23 20835.03
20833.23 20835.03
20833.40 20835.10
20833.39 20835.11
20833.39 20835.11
20834.53 20836.47
20835.03 20836.97
20835.03 20836.97
20834.72 20836.53
20835.16 20836.84
20835.16 20836.84
20835.16 20836.84
20835.15 20836.85
20834.73 20836.53
20834.73 20836.53
20835.72 20837.53
20836.96 20838.79
20836.96 20838.79
20836.14 20837.61
20836.14 20837.61
20837.23 20839.03
20837.23 20839.03
20837.12 20838.63
20837.91 20839.09
20837.91 20839.09
20837.53 20839.47
20837.53 20839.47
20838.22 20840.03
20837.97 20839.78
20837.97 20839.78
20837.90 20839.60
20837.90 20839.60
20838.64 20840.36
20841.97 20843.78
20841.97 20843.78
20842.64 20844.36
20843.73 20845.53
20843.73 20845.53
20844.14 20845.86
20844.14 20845.86
20843.97 20845.78
20842.72 20844.53
20842.72 20844.53
20844.03 20845.97
20844.03 20845.97
20842.91 20844.60
20843.96 20845.79
20843.96 20845.79
20843.39 20845.11
20843.39 20845.11
20843.66 20845.35
20843.66 20845.35
20842.03 20843.97
20841.78 20843.73
20841.72 20843.53
20841.72 20843.53
20839.98 20841.78
20839.98 20841.78
20839.83 20841.92
20839.83 20841.92
20839.48 20841.28
20839.23 20841.03
20839.23 20841.03
20839.22 20841.03
20839.22 20841.03
20839.22 20841.03
20840.03 20841.97
20839.03 20840.98
20839.03 20840.98
20838.78 20840.72
20838.64 20840.36
20838.64 20840.36
20836.96 20838.79
20836.96 20838.79
20836.90 20838.60
20839.98 20841.78
20839.98 20841.78
20839.28 20841.22
20839.28 20841.22
20838.03 20839.97
20838.03 20839.97
20836.89 20838.36
20836.89 20838.36
20837.41 20839.09
20837.90 20839.61
20837.97 20839.78
20837.97 20839.78
20838.16 20839.85
20838.16 20839.85
20838.14 20839.86
20838.14 20839.86
20838.28 20840.22
20838.03 20839.97
20838.03 20839.97
20837.83 20839.92
20837.83 20839.92
20837.83 20839.92
20837.83 20839.92
20838.63 20840.87
20837.88 20840.12
20837.88 20840.12
20839.22 20841.03
20839.22 20841.03
20839.22 20841.03
20840.73 20842.53
20840.73 20842.53
20839.41 20841.09
20839.41 20841.09
20839.41 20841.10
20839.21 20841.04
20839.21 20841.04
20839.21 20841.04
20839.78 20841.73
20839.78 20841.73
20839.53 20841.48
20839.72 20841.53
20839.65 20841.35
20839.65 20841.35
20839.83 20841.92
20839.83 20841.92
20839.22 20841.03
20837.71 20839.54
20837.71 20839.54
20834.96 20836.79
20834.78 20836.73
20834.78 20836.73
20835.73 20837.53
20835.92 20837.08
20835.92 20837.08
20836.96 20838.79
20836.96 20838.79
20837.39 20839.11
20837.39 20839.11
20837.39 20839.11
20837.39 20838.86
20834.47 20836.28
20834.47 20836.28
20832.78 20834.73
20831.63 20833.12
20831.63 20833.12
20829.65 20831.36
20829.65 20831.36
20829.97 20831.78
20830.14 20831.86
20830.14 20831.86
20831.21 20833.04
20832.18 20833.33
20832.18 20833.33
20830.58 20832.67
20830.58 20832.67
20829.46 20831.29
20829.46 20831.29
20828.13 20829.62
20828.40 20830.10
20828.40 20830.10
20828.23 20830.03
20829.73 20831.53
20829.73 20831.53
20829.73 20831.53
20829.73 20831.53
20829.53 20831.47
20829.53 20831.47
20830.88 20832.37
20830.88 20832.37
20830.88 20832.37
20829.14 20830.86
20828.89 20830.61
20828.89 20830.61
20828.89 20830.61
20828.97 20830.78
20828.97 20830.78
20829.73 20831.53
20830.15 20831.86
20830.15 20831.86
20830.46 20832.29
20830.46 20832.29
20830.46 20832.29
20830.28 20832.23
20830.28 20832.23
20829.63 20831.87
20829.63 20831.87
20830.03 20831.97
20830.66 20832.34
20830.66 20832.34
20830.66 20832.34
20830.28 20832.22
20830.28 20832.22
20830.03 20831.98
20830.03 20831.98
20831.03 20832.98
20831.58 20833.67
20831.58 20833.67
20831.72 20833.53
20831.72 20833.53
20831.28 20833.23
20831.16 20832.85
20831.16 20832.85
20829.90 20831.60
20829.97 20831.78
20829.97 20831.78
20829.90 20831.60
20829.90 20831.60
20832.53 20834.47
20832.53 20834.47
20830.48 20832.28
20830.48 20832.28
20830.13 20831.62
20830.13 20831.62
20828.17 20829.33
20828.17 20829.33
20826.13 20827.63
20826.13 20827.63
20827.90 20829.60
20830.28 20832.23
20830.28 20832.23
20831.47 20833.28
20830.90 20832.60
20830.90 20832.60
20830.40 20832.10
20829.28 20831.22
20829.28 20831.22
20829.66 20831.35
20830.22 20832.03
20830.22 20832.03
20830.38 20831.87
20829.71 20831.54
20829.71 20831.54
20826.66 20828.34
20825.42 20826.58
20825.42 20826.58
20825.63 20827.13
20825.63 20827.13
20826.97 20828.78
20826.97 20828.78
20825.47 20827.28
20825.47 20827.28
20826.98 20828.78
20825.97 20827.78
20825.97 20827.78
20826.78 20828.72
20827.40 20829.10
20827.40 20829.10
20826.98 20828.78
20829.53 20831.48
20829.53 20831.48
20829.53 20831.48
20827.78 20829.73
20827.66 20829.34
20827.66 20829.34
20826.88 20828.38
20825.65 20827.35
20825.65 20827.35
20824.53 20826.47
20824.53 20826.47
20825.21 20827.04
20823.64 20825.11
20823.64 20825.11
20825.71 20827.54
20825.14 20826.86
20825.14 20826.86
20823.46 20825.29
20823.46 20825.29
20823.15 20824.85
20822.90 20824.60
20822.90 20824.60
20823.41 20825.10
20823.41 20825.10
20822.65 20824.35
20822.78 20824.73
20822.78 20824.73
20823.03 20824.97
20823.23 20825.03
20823.23 20825.03
20824.21 20826.04
20824.21 20826.04
20825.46 20827.29
20825.28 20827.23
20825.28 20827.23
20826.40 20828.10
20826.40 20828.10
20826.89 20828.61
20827.98 20829.78
20827.98 20829.78
20827.98 20829.78
20826.65 20828.35
20828.64 20830.36
20828.64 20830.36
20827.28 20829.23
20827.28 20829.23
20827.53 20829.47
20827.53 20829.47
20828.41 20830.10
20827.78 20829.72
20827.78 20829.72
20826.78 20828.72
20825.65 20827.35
20825.65 20827.35
20825.46 20827.29
20826.41 20828.10
20826.41 20828.10
20826.39 20828.11
20827.47 20829.28
20827.47 20829.28
20826.71 20828.54
20827.46 20829.29
20827.46 20829.29
20827.46 20829.29
20827.46 20829.29
20827.42 20828.58
20827.42 20828.58
20827.28 20829.22
20827.28 20829.22
20826.78 20828.72
20826.78 20828.72
20825.38 20827.62
20825.38 20827.62
20825.97 20827.78
