20698.83 20700.92
20698.83 20700.92
20700.53 20702.47
20700.53 20702.47
20699.88 20702.12
20700.53 20702.47
20700.53 20702.47
20701.72 20703.53
20701.72 20703.53
20702.73 20704.53
20701.78 20703.73
20701.78 20703.73
20698.90 20700.61
20698.48 20700.28
20698.48 20700.28
20696.38 20698.62
20697.98 20699.78
20697.98 20699.78
20698.47 20700.28
20698.78 20700.72
20698.78 20700.72
20700.78 20702.73
20704.08 20706.17
20704.08 20706.17
20702.28 20704.23
20704.22 20706.03
20704.22 20706.03
20702.73 20704.53
20702.73 20704.53
20705.37 20707.89
20703.65 20705.35
20703.65 20705.35
20702.47 20704.28
20702.47 20704.28
20707.28 20709.23
20709.97 20711.78
20709.97 20711.78
20707.58 20709.67
20708.73 20710.53
20708.73 20710.53
20708.71 20710.54
20708.71 20710.54
20709.97 20711.78
20709.97 20711.78
20710.03 20711.98
20708.16 20709.85
20708.16 20709.85
20708.53 20710.47
20708.53 20710.47
20707.98 20709.78
20707.98 20709.78
20706.78 20708.72
20706.96 20708.79
20706.96 20708.79
20704.72 20706.53
20704.72 20706.53
20706.48 20708.28
20704.78 20706.73
20704.78 20706.73
20705.16 20706.84
20705.16 20706.84
20705.15 20706.86
20705.65 20707.36
20705.65 20707.36
20704.78 20706.73
20704.78 20706.73
20706.65 20708.35
20706.53 20708.47
20706.53 20708.47
20706.66 20708.34
20706.66 20708.34
20706.65 20708.35
20705.53 20707.47
20705.53 20707.47
20707.47 20709.28
20707.47 20709.28
20708.47 20710.28
20708.47 20710.28
20708.28 20710.22
20709.64 20711.11
20709.64 20711.11
20709.03 20710.97
20707.58 20709.67
20707.58 20709.67
20707.96 20709.79
20709.58 20711.67
20709.58 20711.67
20710.23 20712.03
20710.23 20712.03
20708.28 20710.22
20706.78 20708.72
20706.78 20708.72
20706.08 20708.17
20706.08 20708.17
20705.15 20706.85
20705.06 20705.69
20705.06 20705.69
20702.96 20704.79
20702.53 20704.47
20702.53 20704.47
20702.47 20704.28
20704.28 20706.22
20704.28 20706.22
20701.14 20702.86
20699.67 20700.83
20699.67 20700.83
20700.78 20702.73
20700.78 20702.73
20699.53 20701.47
20700.03 20701.98
20700.03 20701.98
20700.03 20701.97
20700.03 20701.97
20698.22 20700.03
20701.48 20703.28
20701.48 20703.28
20702.72 20704.53
20702.72 20704.53
20706.53 20708.47
20709.38 20710.87
20709.38 20710.87
20707.63 20709.12
20705.58 20707.67
20705.58 20707.67
20705.47 20707.28
20704.83 20706.92
20704.83 20706.92
20704.97 20706.78
20704.97 20706.78
20704.23 20706.03
20703.28 20705.22
20703.28 20705.22
20703.22 20705.03
20703.22 20705.03
20702.98 20704.78
20702.98 20704.78
20704.22 20706.03
20707.97 20709.78
20707.97 20709.78
20707.47 20709.28
20707.22 20709.03
20707.22 20709.03
20707.16 20708.84
20707.16 20708.84
20710.65 20712.36
20711.03 20712.97
20711.03 20712.97
20710.73 20712.53
20710.73 20712.53
20709.28 20711.22
20709.28 20711.22
20710.72 20712.53
20712.47 20714.28
20712.47 20714.28
20714.47 20716.28
20714.47 20716.28
20715.16 20716.85
20715.16 20716.85
20717.97 20719.78
20715.53 20717.48
20715.53 20717.48
20717.28 20719.22
20717.28 20719.23
20717.28 20719.23
20719.03 20720.97
20719.03 20720.97
20717.97 20719.78
20717.97 20719.78
20719.98 20721.78
20722.41 20724.10
20722.41 20724.10
20722.41 20724.10
20722.28 20724.23
20724.03 20725.97
20724.03 20725.97
20724.53 20726.48
20724.53 20726.48
20725.03 20726.98
20724.97 20726.78
20724.97 20726.78
20726.40 20728.10
20725.64 20727.36
20725.64 20727.36
20726.47 20728.28
20726.47 20728.28
20725.47 20727.28
20724.53 20726.48
20724.53 20726.48
20724.16 20725.84
20724.16 20725.84
20722.53 20724.47
20722.03 20723.98
20722.03 20723.98
20720.46 20722.29
20718.64 20720.36
20718.64 20720.36
20723.13 20725.37
20722.03 20723.97
20722.03 20723.97
20720.78 20722.72
20721.41 20723.09
20721.41 20723.09
20719.53 20721.48
20719.53 20721.48
20719.58 20721.67
20719.53 20721.47
20719.53 20721.47
20719.03 20720.97
20720.03 20721.98
20720.03 20721.98
20720.03 20721.98
20721.28 20723.23
20718.89 20720.61
20718.89 20720.61
20717.90 20719.61
20717.90 20719.61
20720.83 20722.92
20720.53 20722.47
20720.53 20722.47
20720.28 20722.23
20720.28 20722.23
20720.66 20722.35
20718.53 20720.48
20718.53 20720.48
20717.48 20719.28
20717.48 20719.28
20717.22 20719.03
20717.22 20719.03
20717.30 20717.95
20717.47 20719.28
20717.47 20719.28
20717.47 20719.28
20717.46 20719.29
20717.46 20719.29
20717.47 20719.28
20717.28 20719.23
20717.28 20719.23
20717.28 20719.23
20718.73 20720.53
20713.97 20715.78
20713.97 20715.78
20714.53 20716.48
20714.53 20716.48
20719.30 20719.95
20719.30 20719.95
20719.23 20721.03
20719.23 20721.03
20719.39 20721.11
20720.71 20722.54
20720.71 20722.54
20720.71 20722.54
20721.83 20723.92
20722.23 20724.03
20722.23 20724.03
20722.73 20724.53
20722.73 20724.53
20723.28 20725.22
20722.65 20724.35
20722.65 20724.35
20723.08 20725.17
20723.08 20725.17
20723.47 20725.28
20723.47 20725.28
20724.66 20726.34
20724.65 20726.36
20724.65 20726.36
20725.03 20726.98
20726.72 20728.53
20726.72 20728.53
20726.91 20728.59
20727.78 20729.73
20727.78 20729.73
20730.41 20732.10
20729.97 20731.78
20729.97 20731.78
20729.97 20731.78
20729.91 20731.60
20729.98 20731.78
20729.98 20731.78
20729.37 20730.88
20728.66 20730.34
20728.66 20730.34
20728.71 20730.54
20728.71 20730.54
20729.23 20731.03
20727.91 20729.59
20727.91 20729.59
20728.64 20730.36
20728.64 20730.36
20728.28 20730.23
20728.28 20730.23
20728.91 20730.59
20729.22 20731.03
20729.22 20731.03
20731.65 20733.35
20731.65 20733.35
20732.21 20734.04
20731.90 20733.60
20731.90 20733.60
20732.78 20734.73
20732.66 20734.34
20732.66 20734.34
20732.66 20734.34
20732.16 20733.85
20732.16 20733.85
20733.47 20735.28
20731.03 20732.97
20731.03 20732.97
20730.71 20732.54
20729.98 20731.78
20729.98 20731.78
20729.66 20731.35
20729.66 20731.35
20725.23 20727.03
20726.53 20728.48
20726.53 20728.48
20725.72 20727.53
20725.72 20727.53
20724.22 20726.03
20724.22 20726.03
20723.78 20725.72
20724.15 20725.86
20724.15 20725.86
20723.28 20725.23
20721.65 20723.35
20721.65 20723.35
20721.65 20723.35
20721.66 20723.34
20720.78 20722.73
20720.78 20722.73
20721.38 20722.87
20720.71 20722.54
20720.71 20722.54
20720.72 20722.53
20720.72 20722.53
20719.78 20721.72
20719.78 20721.72
20719.65 20721.36
20719.65 20721.36
20718.53 20720.48
20718.03 20719.97
20718.03 20719.97
20716.78 20718.73
20716.78 20718.73
20716.33 20718.42
20716.33 20718.42
20715.73 20717.53
20719.66 20721.35
20719.66 20721.35
20720.78 20722.72
20722.28 20724.23
20722.28 20724.23
20722.97 20724.78
20722.97 20724.78
20721.47 20723.28
20723.22 20725.03
20723.22 20725.03
20724.98 20726.78
20724.98 20726.78
20726.78 20728.73
20726.53 20728.47
20726.53 20728.47
20726.53 20728.47
20725.03 20726.97
20725.03 20726.97
20725.28 20727.22
20726.22 20728.03
20726.22 20728.03
20726.63 20728.12
20726.08 20728.17
20726.08 20728.17
20729.28 20731.22
20729.28 20731.22
20733.14 20734.86
20732.98 20734.78
20732.98 20734.78
20733.66 20735.34
20733.03 20734.98
20733.03 20734.98
20733.41 20735.10
20733.41 20735.10
20733.28 20735.23
20734.53 20736.48
20734.53 20736.48
20737.15 20738.86
20738.23 20740.03
20738.23 20740.03
20738.90 20740.61
20738.90 20740.61
20735.97 20737.78
20735.97 20737.78
20735.72 20737.53
20735.72 20737.53
20735.97 20737.78
20734.96 20736.79
20734.96 20736.79
20734.03 20735.97
20734.03 20735.97
20732.06 20732.69
20731.15 20732.85
20731.15 20732.85
20731.58 20733.67
20731.58 20733.67
20730.78 20732.73
20730.78 20732.73
20732.53 20734.47
20731.48 20733.28
20730.31 20730.94
20730.31 20730.94
20727.63 20729.12
20727.63 20729.12
20727.23 20729.03
20727.28 20729.22
20727.28 20729.22
20727.22 20729.03
20727.22 20729.03
20727.53 20729.47
20729.91 20731.60
20729.91 20731.60
20729.21 20731.04
20729.66 20731.34
20729.66 20731.34
20729.90 20731.60
20730.48 20732.28
20730.48 20732.28
20729.90 20731.60
20730.13 20731.62
20730.13 20731.62
20730.13 20731.62
20730.16 20731.84
20730.16 20731.84
20730.17 20731.33
20728.66 20730.34
20728.66 20730.34
20730.03 20731.97
20730.03 20731.97
20728.03 20729.98
20728.03 20729.98
20729.03 20730.97
20729.03 20730.97
20729.03 20730.97
20729.03 20730.97
20730.22 20732.03
20725.03 20726.98
20725.03 20726.98
20721.47 20723.28
20718.78 20720.72
20718.78 20720.72
20717.98 20719.78
20717.98 20719.78
20722.53 20724.48
20722.53 20724.48
20722.66 20724.34
20722.58 20724.67
20722.58 20724.67
20722.03 20723.98
20722.03 20723.98
20723.97 20725.78
20723.97 20725.78
20723.71 20725.54
20722.15 20723.85
20722.15 20723.85
20721.72 20723.53
20721.72 20723.53
20721.23 20723.03
20721.23 20723.03
20722.22 20724.03
20722.22 20724.03
20722.03 20723.97
20722.03 20723.97
20719.98 20721.78
20719.98 20721.78
20721.98 20723.78
20721.98 20723.78
20721.98 20723.78
20718.28 20720.23
20713.73 20715.53
20713.73 20715.53
20713.91 20715.60
20713.53 20715.47
20713.53 20715.47
20712.21 20714.04
20712.21 20714.04
20708.91 20710.60
20708.66 20710.35
20708.66 20710.35
20709.47 20711.28
20706.83 20708.92
20706.83 20708.92
20707.03 20708.98
20707.90 20709.60
20707.90 20709.60
20706.47 20708.28
20706.47 20708.28
20707.08 20709.17
20706.33 20708.42
20706.33 20708.42
20706.91 20708.59
20708.23 20710.03
20708.23 20710.03
20707.28 20709.22
20710.78 20712.72
20710.78 20712.72
20710.53 20712.48
20710.53 20712.48
20712.90 20714.61
20713.15 20714.85
20713.15 20714.85
20712.97 20714.78
20710.28 20712.22
20710.28 20712.22
20709.48 20711.28
20709.40 20711.10
20709.40 20711.10
20709.93 20711.08
20709.93 20711.08
20710.48 20712.28
20710.47 20712.28
20710.47 20712.28
20710.08 20712.17
20710.08 20712.17
20709.71 20711.54
20709.71 20711.54
20709.38 20710.87
20710.16 20711.84
20710.16 20711.84
20709.96 20711.79
20709.96 20711.79
20709.53 20711.48
20709.53 20711.48
20709.97 20711.78
20710.78 20712.72
20710.78 20712.72
20710.66 20712.34
20710.66 20712.34
20713.03 20714.98
20711.83 20713.92
20711.83 20713.92
20711.83 20713.92
20712.73 20714.53
20712.72 20714.53
20712.72 20714.53
20711.71 20713.54
20711.71 20713.54
20713.08 20715.17
20713.08 20715.17
20712.03 20713.98
20712.03 20713.98
20712.03 20713.98
20709.73 20711.53
20709.73 20711.53
20708.97 20710.78
20709.41 20711.09
20709.41 20711.09
20710.28 20712.22
20710.78 20712.72
20710.78 20712.72
20708.22 20710.03
20708.58 20710.67
20708.58 20710.67
20707.03 20708.98
20707.03 20708.98
20707.03 20708.97
20707.98 20709.78
20707.98 20709.78
20710.58 20712.67
20710.58 20712.67
20712.58 20714.67
20712.58 20714.67
20709.28 20711.22
20708.98 20710.78
20708.98 20710.78
20709.41 20711.10
20709.41 20711.10
20710.66 20712.35
20710.66 20712.35
20710.66 20712.35
20711.58 20713.67
20711.22 20713.03
20711.22 20713.03
20711.33 20713.42
20713.66 20715.34
20713.66 20715.34
20712.78 20714.72
20713.28 20715.22
20713.28 20715.22
20714.03 20715.98
20713.97 20715.78
20713.97 20715.78
20714.83 20716.92
20714.83 20716.92
20712.58 20714.67
20712.58 20714.67
20712.28 20714.23
20712.73 20714.53
20712.73 20714.53
20712.98 20714.78
20712.98 20714.78
20712.98 20714.78
20713.66 20715.34
20711.78 20713.72
20711.78 20713.73
20711.78 20713.73
20710.98 20712.78
20710.98 20712.78
20710.53 20712.48
20710.53 20712.48
20714.47 20716.28
20714.03 20715.97
20714.03 20715.97
20714.23 20716.03
20714.23 20716.03
20714.40 20716.11
20715.63 20717.12
20715.63 20717.12
20713.53 20715.47
20713.53 20715.47
