21021.48 21023.28
21021.48 21023.28
21021.64 21023.36
21021.64 21023.36
21021.63 21023.12
21020.90 21022.60
21020.90 21022.60
21021.14 21022.86
21021.14 21022.86
21021.14 21022.61
21021.17 21022.33
21021.17 21022.33
21020.65 21022.35
21020.65 21022.35
21020.91 21022.59
21020.91 21022.59
21020.91 21022.59
21021.87 21023.38
21022.16 21023.34
21022.16 21023.34
21022.38 21023.87
21023.39 21024.86
21023.39 21024.86
21022.64 21024.11
21022.64 21024.11
21022.41 21024.10
21022.41 21024.10
21022.41 21024.10
21022.38 21023.88
21022.38 21023.88
21022.67 21023.84
21022.41 21024.10
21022.41 21024.10
21022.41 21024.10
21022.41 21024.10
21022.40 21024.10
21022.40 21024.10
21022.39 21023.86
21022.91 21024.59
21022.91 21024.59
21022.89 21024.36
21022.89 21024.36
21022.89 21024.36
21022.89 21024.36
21022.88 21024.38
21022.88 21024.38
21022.88 21024.38
21022.88 21024.38
21022.88 21024.38
21022.88 21024.38
21022.88 21024.37
21022.88 21024.37
21022.39 21024.11
21022.39 21024.11
21023.14 21024.61
21023.14 21024.61
21023.39 21024.86
21023.39 21024.86
21022.89 21024.36
21022.89 21024.36
21022.89 21024.36
21023.14 21024.61
21022.89 21024.36
21022.89 21024.36
21022.90 21024.10
21022.90 21024.10
21021.40 21023.10
21021.40 21023.10
21021.91 21023.59
21021.91 21023.59
21021.91 21023.59
21021.66 21023.35
21021.66 21023.35
21021.41 21022.59
21021.41 21022.59
21021.41 21022.59
21021.42 21022.58
21021.42 21022.58
21020.65 21022.35
21020.65 21022.35
21021.16 21022.85
21021.16 21022.85
21021.39 21023.11
21015.40 21017.11
21015.40 21017.11
21015.40 21017.11
21017.41 21019.09
21017.41 21019.09
21016.41 21018.10
21016.39 21018.11
21016.39 21018.11
21016.14 21017.61
21016.14 21017.61
21016.64 21018.11
21016.64 21018.11
21017.16 21018.34
21015.71 21017.54
21015.71 21017.54
21016.16 21017.85
21016.16 21017.85
21016.15 21017.86
21016.15 21017.86
21015.64 21017.36
21014.64 21016.11
21014.64 21016.11
21014.63 21016.13
21014.13 21015.63
21014.13 21015.63
21014.92 21016.09
21015.13 21016.62
21015.13 21016.62
21014.66 21016.34
21014.66 21016.34
21014.66 21016.34
21014.66 21016.35
21014.66 21016.35
21014.64 21016.11
21014.64 21016.11
21013.40 21015.11
21013.40 21015.11
21012.65 21014.35
21012.47 21014.28
21012.47 21014.28
21012.63 21014.12
21012.63 21014.12
21012.91 21014.59
21012.66 21014.34
21012.66 21014.34
21013.43 21014.58
21012.88 21014.38
21012.88 21014.38
21012.88 21014.38
21012.88 21014.38
21012.39 21014.11
21012.91 21014.60
21012.91 21014.60
21012.93 21014.08
21012.93 21014.08
21012.41 21014.09
21012.41 21014.09
21013.16 21014.34
21012.89 21014.36
21012.89 21014.36
21012.89 21014.36
21012.89 21014.36
21012.88 21014.38
21012.62 21014.13
21012.62 21014.13
21012.63 21014.12
21012.63 21014.12
21012.91 21014.60
21012.89 21014.36
21012.89 21014.36
21012.89 21014.36
21012.89 21014.36
21012.89 21014.36
21013.14 21014.86
21013.64 21015.36
21013.64 21015.36
21014.41 21016.10
21014.15 21015.85
21014.15 21015.85
21014.12 21015.63
21014.12 21015.63
21013.91 21015.60
21013.91 21015.60
21014.13 21015.62
21014.13 21015.62
21013.48 21015.28
21013.64 21015.11
21013.64 21015.11
21013.64 21015.11
21013.64 21015.11
21013.64 21015.11
21013.64 21015.11
21013.39 21014.86
21013.39 21014.86
21013.39 21014.86
21012.90 21014.60
21012.90 21014.60
21012.63 21014.13
21012.62 21014.13
21012.62 21014.13
21012.66 21014.35
21012.66 21014.35
21013.40 21015.10
21013.40 21015.10
21013.43 21014.58
21013.39 21014.86
21013.39 21014.86
21013.41 21014.59
21011.91 21013.59
21011.91 21013.59
21011.90 21013.61
21011.90 21013.61
21011.66 21013.34
21011.87 21013.38
21011.13 21012.62
21011.13 21012.62
21011.14 21012.61
21010.41 21012.09
21010.41 21012.09
21011.14 21012.61
21011.14 21012.61
21011.16 21012.84
21010.96 21012.79
21010.96 21012.79
21010.88 21012.38
21011.16 21012.85
21011.16 21012.85
21010.91 21012.59
21010.98 21012.78
21010.98 21012.78
21010.63 21012.12
21010.63 21012.12
21010.66 21012.34
21011.65 21013.36
21011.65 21013.36
21010.14 21011.86
21010.14 21011.86
21010.39 21012.11
21010.39 21012.11
21010.16 21011.85
21010.22 21012.03
21010.22 21012.03
21010.21 21012.04
21010.21 21012.04
21010.21 21012.04
21010.21 21012.04
21010.23 21012.03
21010.46 21012.29
21010.73 21012.53
21010.73 21012.53
21011.23 21013.03
21011.23 21013.03
21011.23 21013.03
21011.41 21013.10
21011.41 21013.10
21011.41 21013.10
21011.65 21013.36
21013.89 21015.36
21013.89 21015.36
21013.89 21015.36
21014.64 21016.36
21014.64 21016.36
21014.14 21015.61
21013.15 21014.85
21013.15 21014.85
21012.16 21013.84
21012.16 21013.84
21011.15 21012.86
21011.64 21013.11
21011.64 21013.11
21011.63 21013.12
21011.63 21013.12
21011.89 21013.36
21011.89 21013.36
21011.64 21013.11
21011.91 21013.59
21011.91 21013.59
21012.65 21014.35
21012.65 21014.35
21011.66 21013.34
21011.38 21012.87
21011.38 21012.87
21011.64 21013.11
21011.88 21013.37
21011.88 21013.37
21011.66 21013.35
21011.88 21013.37
21011.88 21013.37
21011.41 21013.10
21011.41 21013.10
21011.39 21012.86
21011.64 21013.11
21011.64 21013.11
21012.14 21013.61
21012.14 21013.61
21012.38 21013.87
21011.39 21012.86
21011.39 21012.86
21011.39 21012.86
21011.12 21012.63
21011.12 21012.63
21010.98 21012.78
21010.98 21012.78
21010.90 21012.61
21010.90 21012.61
21010.97 21012.78
21010.89 21012.36
21010.89 21012.36
21010.39 21012.11
21010.39 21012.11
21010.15 21011.85
21010.15 21011.85
21010.15 21011.85
21010.14 21011.86
21010.16 21011.85
21010.16 21011.85
21010.16 21011.85
21010.22 21012.03
21008.88 21010.38
21008.88 21010.38
21008.64 21010.11
21009.39 21010.86
21009.39 21010.86
21009.18 21010.33
21009.14 21010.61
21009.14 21010.61
21008.66 21009.84
21008.66 21009.84
21008.90 21010.60
21009.63 21011.12
21009.63 21011.12
21009.63 21011.12
21009.63 21011.12
21009.15 21010.85
21009.16 21010.84
21009.16 21010.84
21009.39 21010.86
21009.39 21010.86
21009.39 21010.86
21009.14 21010.61
21009.14 21010.61
21009.65 21011.35
21009.65 21011.35
21009.41 21011.10
21009.41 21011.10
21009.66 21011.35
21009.66 21011.35
21009.63 21011.12
21009.16 21010.84
21009.16 21010.84
21009.15 21010.86
21009.15 21010.86
21009.48 21011.28
21009.48 21011.28
21009.89 21011.61
21010.91 21012.09
21010.91 21012.09
21010.37 21011.88
21010.37 21011.88
21010.15 21011.85
21010.15 21011.85
21010.13 21011.62
21010.13 21011.62
21009.64 21011.11
21009.64 21011.11
21009.64 21011.11
21009.89 21011.36
21009.66 21011.35
21009.66 21011.35
21010.13 21011.63
21010.66 21012.35
21010.66 21012.35
21009.90 21011.61
21009.90 21011.61
21010.16 21011.85
21009.90 21011.61
21009.90 21011.61
21009.89 21011.36
21009.64 21011.11
21009.64 21011.11
21008.39 21010.11
21008.38 21009.88
21008.38 21009.88
21007.63 21009.12
21008.16 21009.84
21008.16 21009.84
21008.91 21010.10
21008.91 21010.10
21009.48 21011.28
21009.48 21011.28
21010.39 21011.86
21010.39 21011.86
21009.67 21010.84
21009.40 21011.11
21009.40 21011.11
21009.16 21010.84
21009.16 21010.84
21009.38 21010.87
21009.39 21010.86
21009.39 21010.86
21009.39 21010.86
21009.39 21010.86
21009.39 21010.86
21009.13 21010.63
21009.39 21010.86
21009.39 21010.86
21009.39 21010.86
21009.66 21010.84
21009.15 21010.85
21009.15 21010.85
21007.39 21009.11
21007.39 21009.11
21005.64 21007.36
21006.39 21007.86
21006.39 21007.86
21006.66 21007.84
21006.66 21007.84
21006.41 21008.10
21006.41 21008.10
21005.42 21006.58
21004.39 21005.86
21004.39 21005.86
21004.88 21006.37
21004.88 21006.37
21004.39 21005.86
21004.39 21005.86
21005.16 21006.84
21005.16 21006.84
21005.68 21006.83
21005.91 21007.60
21005.91 21007.60
21006.89 21008.36
21006.89 21008.36
21006.14 21007.61
21006.38 21007.87
21006.38 21007.87
21006.68 21007.83
21005.89 21007.36
21005.89 21007.36
21005.89 21007.36
21006.14 21007.61
21005.66 21007.35
21005.66 21007.35
21005.43 21006.58
21005.91 21007.59
21005.91 21007.59
21005.91 21007.59
21006.16 21007.84
21006.16 21007.84
21006.16 21007.35
21004.89 21006.36
21004.89 21006.36
21004.89 21006.36
21004.89 21006.36
21004.88 21006.38
21005.87 21007.38
21005.87 21007.38
21004.88 21006.37
21004.88 21006.37
21004.14 21005.86
21004.14 21005.86
21004.66 21006.35
21004.66 21006.35
21004.67 21005.83
21004.67 21005.83
21004.14 21005.61
21004.14 21005.61
21005.14 21006.61
21005.14 21006.61
21005.39 21006.86
21005.39 21006.86
21005.39 21006.86
21005.41 21006.59
21005.41 21006.59
21005.41 21006.60
21005.41 21006.60
21005.14 21006.61
21003.91 21005.59
21003.91 21005.59
21003.66 21004.84
21003.13 21004.63
21003.13 21004.63
21003.42 21004.59
21003.42 21004.59
21003.64 21005.36
21003.64 21005.36
21004.88 21006.38
21004.88 21006.38
21004.13 21005.62
21004.89 21006.36
21004.89 21006.36
21005.14 21006.61
21005.41 21006.59
21005.41 21006.59
21004.89 21006.36
21003.40 21005.11
21003.40 21005.11
21003.63 21005.12
21003.63 21005.12
21003.37 21004.88
21003.42 21004.59
21003.42 21004.59
21003.91 21005.59
21003.91 21005.59
21002.83 21004.92
21002.83 21004.92
21002.17 21003.34
21002.17 21003.34
21001.72 21003.53
21003.88 21005.37
21003.88 21005.37
21002.14 21003.61
21002.14 21003.61
21001.89 21003.36
21001.92 21003.08
21001.92 21003.08
21000.13 21001.62
21000.16 21001.85
21000.16 21001.85
21000.16 21001.85
21000.14 21001.61
21000.14 21001.61
21000.65 21002.36
21000.65 21002.36
21001.14 21002.86
21001.16 21002.85
21001.40 21003.11
21001.40 21003.11
20999.91 21001.59
20999.91 21001.59
20999.89 21001.36
20999.89 21001.36
20999.89 21001.36
20999.90 21001.61
20999.90 21001.61
20999.88 21001.37
20999.88 21001.37
21000.65 21002.35
21000.65 21002.35
21000.39 21001.86
21000.56 21001.19
21000.56 21001.19
21000.66 21002.34
21000.66 21002.34
21000.38 21001.88
21000.38 21001.88
21000.41 21002.10
21000.64 21002.36
21000.64 21002.36
21000.64 21002.36
21000.89 21002.36
21000.14 21001.61
21000.14 21001.61
20999.66 21001.35
20999.66 21001.35
20999.12 21000.63
20998.89 21000.36
20998.89 21000.36
20999.16 21000.84
20999.64 21001.11
20999.64 21001.11
20998.88 21000.38
21000.39 21001.86
21000.39 21001.86
21002.65 21004.35
21002.39 21003.86
21002.39 21003.86
21002.66 21003.84
21002.66 21003.84
21002.66 21003.84
21002.40 21004.11
21002.40 21004.11
21002.66 21004.35
21002.66 21004.35
21002.91 21004.59
21002.88 21004.37
21002.88 21004.37
21003.41 21004.59
21003.41 21004.59
21003.65 21005.36
21003.65 21005.36
21003.64 21005.11
21003.64 21005.11
21003.64 21005.11
21003.65 21005.35
21003.65 21005.35
21003.91 21005.09
21003.91 21005.09
21003.93 21005.08
21003.93 21005.08
21003.88 21005.37
21003.63 21005.12
21003.63 21005.12
21003.66 21005.34
21003.66 21005.34
21003.66 21005.34
21003.66 21005.35
21003.90 21005.61
21003.90 21005.61
21003.98 21005.78
21003.98 21005.78
21004.13 21005.63
21004.81 21005.44
21004.81 21005.44
21004.81 21005.44
21004.81 21005.44
21003.89 21005.36
21003.89 21005.36
21003.89 21005.61
21003.14 21004.61
21003.14 21004.61
21003.41 21004.59
21002.64 21004.11
21002.64 21004.11
21002.67 21003.84
21002.67 21003.84
21002.14 21003.61
21002.14 21003.61
21002.68 21003.83
21002.13 21003.62
21002.13 21003.62
21002.67 21003.84
21001.39 21002.86
21001.39 21002.86
21001.39 21002.86
21001.41 21002.59
21001.41 21002.59
21002.14 21003.61
21001.91 21003.09
21001.91 21003.09
21001.91 21003.09
21002.12 21003.63
21002.12 21003.63
21002.12 21003.63
21001.91 21003.09
21001.91 21003.09
20999.89 21001.61
20999.89 21001.61
21000.15 21001.86
