20759.14 20760.61
20759.14 20760.61
20761.91 20763.09
20763.41 20764.59
20763.41 20764.59
20762.62 20764.13
20762.62 20764.13
20762.88 20764.38
20764.16 20765.34
20764.16 20765.34
20764.89 20766.36
20764.89 20766.36
20763.66 20764.84
20765.67 20766.83
20765.67 20766.83
20765.66 20766.84
20765.41 20766.59
20765.41 20766.59
20765.88 20767.37
20766.62 20768.13
20766.62 20768.13
20765.15 20766.35
20767.67 20768.83
20767.67 20768.83
20768.17 20769.33
20768.41 20769.59
20768.41 20769.59
20770.17 20771.33
20772.67 20773.84
20772.67 20773.84
20771.91 20773.09
20771.91 20773.09
20773.41 20774.59
20774.39 20775.86
20774.39 20775.86
20775.63 20777.12
20775.14 20776.61
20773.91 20775.10
20773.91 20775.10
20774.67 20775.83
20774.67 20775.83
20776.66 20777.84
20777.64 20779.11
20777.64 20779.11
20778.17 20779.34
20776.38 20777.88
20776.38 20777.88
20778.41 20779.60
20777.41 20778.59
20777.41 20778.59
20778.16 20779.34
20778.16 20779.34
20782.42 20783.59
20782.89 20784.36
20783.41 20784.59
20783.41 20784.59
20782.87 20784.38
20780.63 20782.13
20780.63 20782.13
20781.91 20783.09
20782.41 20783.59
20782.41 20783.59
20782.38 20783.87
20782.16 20783.35
20782.16 20783.35
20782.16 20783.34
20778.67 20779.83
20778.67 20779.83
20777.38 20778.87
20777.38 20778.87
20778.12 20779.63
20780.41 20781.59
20780.41 20781.59
20781.66 20782.84
20782.62 20784.13
20782.62 20784.13
20782.63 20784.12
20781.38 20782.87
20781.38 20782.87
20779.38 20780.88
20779.38 20780.88
20779.64 20781.11
20780.12 20781.63
20780.12 20781.63
20781.13 20782.63
20779.62 20781.13
20779.62 20781.13
20779.16 20780.34
20780.88 20782.38
20780.88 20782.38
20782.14 20783.61
20782.14 20783.61
20784.66 20785.84
20783.39 20784.86
20783.39 20784.86
20784.41 20785.59
20786.41 20787.59
20786.41 20787.59
20786.89 20788.36
20788.87 20790.38
20788.87 20790.38
20791.16 20792.34
20790.39 20791.86
20790.39 20791.86
20792.42 20793.58
20794.38 20795.88
20794.38 20795.88
20797.39 20799.11
20799.16 20800.34
20799.16 20800.34
20799.67 20800.83
20800.66 20801.84
20800.66 20801.84
20800.64 20802.11
20802.16 20803.34
20802.16 20803.34
20801.66 20802.85
20804.16 20805.34
20804.16 20805.34
20807.67 20808.84
20806.66 20807.84
20806.66 20807.84
20805.64 20807.11
20806.14 20807.61
20806.14 20807.61
20807.42 20808.58
20808.17 20809.33
20808.17 20809.33
20808.91 20810.09
20806.42 20807.58
20806.42 20807.58
20803.38 20804.87
20803.38 20804.87
20802.87 20804.38
20801.64 20803.11
20803.63 20805.12
20803.63 20805.12
20804.38 20805.87
20804.38 20805.87
20802.14 20803.61
20799.39 20800.86
20799.39 20800.86
20802.41 20803.59
20801.16 20802.34
20801.16 20802.34
20801.38 20802.87
20801.38 20802.88
20801.38 20802.88
20802.14 20803.61
20800.14 20801.61
20800.14 20801.61
20799.91 20801.09
20799.91 20801.09
20801.39 20802.86
20802.91 20804.10
20802.91 20804.10
20804.13 20805.62
20802.38 20803.88
20802.38 20803.88
20801.66 20802.84
20800.63 20802.12
20800.63 20802.12
20798.90 20800.10
20802.41 20803.59
20802.41 20803.59
20802.39 20803.86
20802.87 20804.38
20802.87 20804.38
20803.39 20804.86
20803.39 20804.86
20803.39 20804.86
20804.39 20805.86
20804.67 20805.84
20804.67 20805.84
20802.14 20803.61
20802.37 20803.88
20802.37 20803.88
20801.62 20803.13
20803.89 20805.36
20803.89 20805.36
20801.91 20803.09
20800.17 20801.33
20800.17 20801.33
20801.41 20802.59
20801.41 20802.59
20796.63 20798.13
20799.14 20800.61
20799.14 20800.61
20799.38 20800.87
20799.91 20801.09
20799.91 20801.09
20798.67 20799.83
20798.67 20799.83
20796.92 20798.08
20796.89 20798.36
20796.89 20798.36
20796.39 20797.86
20797.13 20798.62
20797.13 20798.62
20798.66 20799.84
20798.66 20799.84
20798.38 20799.87
20802.17 20803.33
20802.17 20803.33
20802.88 20804.37
20805.31 20805.94
20805.31 20805.94
20805.89 20807.36
20806.88 20808.37
20806.88 20808.37
20809.41 20810.59
20811.66 20812.84
20811.66 20812.84
20813.91 20815.09
20814.14 20815.61
20814.14 20815.61
20814.15 20815.35
20817.17 20818.34
20817.17 20818.34
20816.37 20817.88
20816.39 20817.86
20816.39 20817.86
20816.64 20818.11
20817.14 20818.61
20817.14 20818.61
20815.88 20817.37
20816.16 20817.34
20816.16 20817.34
20815.92 20817.09
20815.91 20817.09
20815.91 20817.09
20816.14 20817.61
20810.12 20811.63
20810.12 20811.63
20811.13 20812.63
20809.66 20810.84
20809.66 20810.84
20810.41 20811.60
20810.66 20811.85
20810.66 20811.85
20811.13 20812.63
20810.17 20811.33
20810.17 20811.33
20808.16 20809.34
20806.39 20807.86
20806.39 20807.86
20807.65 20808.85
20810.89 20812.36
20810.89 20812.36
20810.64 20812.11
20810.66 20811.84
20810.66 20811.84
20810.92 20812.08
20811.13 20812.63
20811.13 20812.63
20812.91 20814.10
20812.91 20814.09
20812.91 20814.09
20812.92 20814.08
20812.41 20813.59
20812.41 20813.59
20811.63 20813.12
20808.87 20810.38
20808.87 20810.38
20808.88 20810.38
20808.88 20810.38
20809.63 20811.12
20809.62 20811.13
20808.14 20809.61
20808.14 20809.61
20809.13 20810.62
20809.13 20810.62
20811.37 20812.88
20810.89 20812.36
20810.89 20812.36
20810.89 20812.36
20811.12 20812.63
20811.12 20812.63
20811.66 20812.84
20812.41 20813.59
20812.41 20813.59
20812.87 20814.38
20811.64 20813.11
20814.92 20816.08
20814.92 20816.08
20814.37 20815.88
20814.37 20815.88
20817.16 20818.34
20818.66 20819.84
20818.66 20819.84
20818.66 20819.84
20820.41 20821.59
20820.41 20821.59
20820.91 20822.09
20820.91 20822.09
20820.91 20822.09
20820.39 20821.86
20820.41 20821.60
20820.41 20821.60
20822.16 20823.34
20823.17 20824.33
20823.17 20824.33
20824.88 20826.37
20824.17 20825.34
20824.17 20825.34
20823.16 20824.34
20821.91 20823.09
20821.91 20823.09
20819.41 20820.59
20819.13 20820.62
20819.13 20820.62
20816.12 20817.63
20817.13 20818.63
20817.13 20818.63
20815.41 20816.59
20815.41 20816.59
20815.41 20816.59
20815.14 20816.61
20815.88 20817.37
20815.88 20817.37
20815.92 20817.08
20815.92 20817.08
20816.88 20818.38
20814.14 20815.61
20814.14 20815.61
20814.62 20816.13
20815.66 20816.85
20815.66 20816.85
20814.91 20816.10
20814.90 20816.10
20814.90 20816.10
20813.89 20815.36
20815.37 20816.88
20815.37 20816.88
20814.63 20816.13
20812.41 20813.60
20812.41 20813.60
20808.64 20810.11
20812.13 20813.63
20812.13 20813.63
20811.92 20813.08
20812.63 20814.12
20812.63 20814.12
20814.16 20815.34
20813.16 20814.34
20813.16 20814.34
20812.38 20813.88
20812.38 20813.88
20812.66 20813.85
20812.63 20814.12
20812.63 20814.12
20813.87 20815.38
20812.15 20813.35
20812.15 20813.35
20813.42 20814.58
20813.42 20814.58
20813.38 20814.88
20811.12 20812.63
20811.12 20812.63
20807.41 20808.60
20807.88 20809.38
20807.88 20809.38
20808.17 20809.33
20802.66 20803.84
20802.66 20803.84
20802.91 20804.10
20801.39 20802.86
20801.39 20802.86
20804.63 20806.12
20805.41 20806.59
20805.41 20806.59
20805.91 20807.09
20805.91 20807.09
20809.16 20810.34
20808.64 20810.11
20808.64 20810.11
20808.92 20810.08
20807.39 20808.86
20807.39 20808.86
20805.91 20807.09
20806.66 20807.85
20806.66 20807.85
20804.91 20806.09
20804.91 20806.09
20804.62 20806.13
20805.14 20806.61
20806.92 20808.09
20806.92 20808.09
20807.16 20808.34
20807.16 20808.34
20806.91 20808.09
20808.42 20809.58
20808.66 20809.84
20808.66 20809.84
20810.41 20811.59
20812.67 20813.84
20812.67 20813.84
20810.87 20812.38
20810.92 20812.08
20810.92 20812.08
20808.88 20810.37
20806.91 20808.09
20806.91 20808.09
20807.38 20808.88
20807.16 20808.34
20807.16 20808.34
20805.64 20807.11
20805.64 20807.11
20805.41 20806.59
20806.41 20807.59
20806.41 20807.59
20807.91 20809.10
20805.67 20806.84
20805.67 20806.84
20809.37 20810.88
20807.41 20808.59
20807.41 20808.59
20806.89 20808.36
20806.41 20807.59
20806.41 20807.59
20807.67 20808.84
20807.67 20808.84
20806.14 20807.61
20805.89 20807.36
20805.89 20807.36
20807.67 20808.83
20804.16 20805.34
20804.16 20805.34
20803.39 20804.86
20805.16 20806.34
20805.16 20806.34
20808.13 20809.63
20805.88 20807.37
20805.88 20807.37
20805.62 20807.13
20807.41 20808.60
20807.41 20808.60
20806.91 20808.09
20806.91 20808.09
20806.88 20808.37
20809.67 20810.83
20809.67 20810.83
20810.92 20812.08
20810.92 20812.08
20813.41 20814.59
20813.92 20815.08
20813.92 20815.08
20813.63 20815.12
20813.13 20814.63
20813.13 20814.63
20811.91 20813.09
20811.88 20813.38
20811.88 20813.38
20811.91 20813.10
20813.66 20814.84
20813.66 20814.84
20813.17 20814.33
20813.41 20814.59
20813.41 20814.59
20814.13 20815.62
20812.64 20814.11
20812.64 20814.11
20815.13 20816.62
20815.13 20816.62
20814.13 20815.63
20813.66 20814.84
20813.66 20814.84
20814.64 20816.11
20814.89 20816.36
20814.89 20816.36
20813.13 20814.63
20813.14 20814.61
20813.14 20814.61
20812.14 20813.61
20812.17 20813.33
20812.17 20813.33
20812.67 20813.83
20812.67 20813.83
20812.64 20814.11
20812.63 20814.12
20812.63 20814.12
20813.16 20814.34
20811.91 20813.09
20811.91 20813.09
20810.67 20811.83
20811.91 20813.09
20811.91 20813.09
20812.91 20814.09
20812.91 20814.09
20812.91 20814.09
20810.17 20811.33
20807.12 20808.63
20807.12 20808.63
20805.88 20807.38
20805.88 20807.38
20807.41 20808.59
20807.41 20808.59
20807.41 20808.59
20806.39 20807.86
20801.14 20802.61
20801.14 20802.61
20799.66 20800.84
20802.12 20803.63
20802.12 20803.63
20801.66 20802.84
20801.63 20803.12
20801.63 20803.12
20800.88 20802.38
20801.64 20803.11
20801.64 20803.11
20799.13 20800.62
20802.63 20804.13
20802.63 20804.13
20802.41 20803.60
20803.14 20804.61
20803.14 20804.61
20802.41 20803.60
20802.16 20803.34
20802.16 20803.34
20803.41 20804.60
20803.64 20805.11
20803.64 20805.11
20803.91 20805.09
20803.64 20805.11
20803.64 20805.11
20801.64 20803.11
20803.16 20804.34
20803.16 20804.34
20803.62 20805.13
20804.13 20805.63
20804.13 20805.63
20803.62 20805.13
20803.62 20805.13
20803.12 20804.63
20804.89 20806.36
20804.89 20806.36
20804.42 20805.59
20803.14 20804.61
20803.14 20804.61
20801.38 20802.87
20800.64 20802.11
20800.64 20802.11
20801.16 20802.34
20801.42 20802.58
20801.42 20802.58
20801.16 20802.34
20800.16 20801.34
20800.16 20801.34
20800.89 20802.36
20800.62 20802.13
20800.62 20802.13
20802.17 20803.34
20802.17 20803.34
20801.39 20802.86
20797.91 20799.09
20797.91 20799.09
20797.92 20799.09
20797.92 20799.09
20800.40 20801.60
20802.38 20803.88
20802.38 20803.88
20803.17 20804.33
20802.16 20803.35
20802.16 20803.35
20802.87 20804.38
20801.91 20803.09
20801.91 20803.09
20799.64 20801.11
20802.16 20803.34
20802.16 20803.34
20803.42 20804.58
20803.42 20804.58
20802.42 20803.58
20803.88 20805.38
20803.88 20805.38
20803.42 20804.58
20801.42 20802.58
20801.42 20802.58
20801.66 20802.84
20801.14 20802.86
20801.14 20802.86
20799.91 20801.09
20798.62 20800.13
20798.62 20800.13
20798.38 20799.88
20798.38 20799.88
20797.14 20798.61
20799.66 20800.84
20799.66 20800.84
20799.62 20801.13
20800.67 20801.83
20800.67 20801.83
20802.16 20803.34
20804.64 20806.11
20804.64 20806.11
20805.42 20806.58
20806.38 20807.87
20806.38 20807.87
20805.91 20807.09
20806.39 20807.86
20806.39 20807.86
20811.67 20812.83
20811.67 20812.83
20812.91 20814.09
20809.66 20810.84
20809.66 20810.84
20809.39 20810.86
20809.16 20810.34
20809.16 20810.34
20807.12 20808.63
20807.12 20808.63
20807.14 20808.61
20806.64 20808.11
20806.64 20808.11
20805.14 20806.61
20805.41 20806.59
20805.41 20806.59
20805.64 20807.11
20806.16 20807.34
20806.16 20807.34
20805.37 20806.88
20804.39 20805.86
20804.39 20805.86
20806.62 20808.13
