20887.89 20889.61
20887.89 20889.61
20887.16 20888.85
20886.73 20888.53
20886.73 20888.53
20886.53 20888.48
20886.53 20888.48
20886.96 20888.79
20886.53 20888.47
20886.53 20888.47
20886.53 20888.47
20886.53 20888.47
20886.53 20888.48
20886.53 20888.48
20886.47 20888.28
20886.47 20888.28
20886.73 20888.53
20886.73 20888.53
20886.72 20888.53
20886.72 20888.53
20887.90 20889.61
20887.53 20889.48
20887.53 20889.48
20887.97 20889.78
20887.97 20889.78
20888.16 20889.84
20888.16 20889.84
20888.62 20890.13
20887.72 20889.53
20887.72 20889.53
20887.72 20889.53
20887.98 20889.78
20887.98 20889.78
20888.08 20890.17
20888.08 20890.17
20888.22 20890.03
20888.22 20890.03
20888.03 20889.97
20888.03 20889.97
20887.97 20889.78
20887.97 20889.78
20887.97 20889.78
20887.78 20889.73
20887.78 20889.73
20887.98 20889.78
20887.98 20889.78
20887.53 20889.48
20887.53 20889.48
20887.73 20889.53
20887.73 20889.53
20887.73 20889.53
20888.28 20890.22
20888.65 20890.35
20888.65 20890.35
20889.47 20891.28
20889.47 20891.28
20888.78 20890.72
20888.78 20890.72
20888.78 20890.72
20889.03 20890.97
20889.03 20890.97
20889.03 20890.97
20889.08 20891.17
20888.98 20890.78
20888.98 20890.78
20888.98 20890.78
20889.28 20891.22
20889.28 20891.22
20889.28 20891.22
20889.28 20891.22
20889.28 20891.22
20889.13 20891.37
20889.13 20891.37
20889.28 20891.23
20889.28 20891.23
20889.28 20891.23
20889.53 20891.48
20889.53 20891.48
20889.53 20891.48
20889.72 20891.53
20889.72 20891.53
20890.23 20892.03
20890.23 20892.03
20890.23 20892.03
20890.03 20891.98
20890.28 20892.22
20890.28 20892.22
20890.28 20892.22
20888.64 20890.36
20888.64 20890.36
20889.03 20890.98
20889.03 20890.98
20889.28 20891.22
20889.28 20891.22
20889.28 20891.22
20889.73 20891.53
20889.73 20891.53
20889.64 20891.36
20889.64 20891.36
20890.03 20891.97
20890.03 20891.97
20890.16 20891.85
20890.16 20891.85
20890.21 20892.04
20890.21 20892.04
20890.21 20892.04
20890.91 20892.60
20890.91 20892.60
20891.03 20892.98
20891.03 20892.98
20891.22 20893.03
20891.40 20893.11
20891.40 20893.11
20891.98 20893.78
20891.98 20893.78
20891.98 20893.78
20891.98 20893.78
20892.40 20894.10
20892.40 20894.10
20892.40 20894.10
20892.88 20894.38
20892.88 20894.38
20892.62 20894.13
20892.62 20894.13
20892.62 20894.13
20892.39 20893.86
20892.39 20893.86
20891.72 20893.53
20891.72 20893.53
20891.98 20893.78
20891.98 20893.78
20891.97 20893.78
20891.97 20893.78
20891.97 20893.78
20891.83 20893.92
20891.83 20893.92
20891.83 20893.92
20891.83 20893.92
20892.13 20894.37
20892.13 20894.37
20892.22 20894.03
20892.21 20894.04
20892.21 20894.04
20887.91 20889.59
20887.91 20889.59
20887.91 20889.59
20887.91 20889.59
20887.91 20889.59
20887.91 20889.60
20887.91 20889.60
20887.91 20889.59
20887.91 20889.59
20887.91 20889.59
20887.90 20889.60
20887.90 20889.60
20887.98 20889.78
20887.98 20889.78
20887.48 20889.28
20887.48 20889.28
20887.48 20889.28
20887.46 20889.29
20887.46 20889.29
20887.71 20889.54
20887.66 20889.35
20887.66 20889.35
20887.64 20889.11
20887.64 20889.11
20884.66 20886.35
20883.22 20885.03
20883.22 20885.03
20882.71 20884.54
20882.78 20884.73
20882.78 20884.73
20882.83 20884.92
20882.83 20884.92
20882.97 20884.78
20882.97 20884.78
20882.78 20884.72
20883.06 20883.69
20883.06 20883.69
20882.89 20884.61
20883.58 20885.67
20883.58 20885.67
20882.78 20884.73
20882.97 20884.78
20882.97 20884.78
20883.22 20885.03
20883.22 20885.03
20883.53 20885.48
20883.21 20885.04
20883.21 20885.04
20882.72 20884.53
20882.72 20884.53
20882.78 20884.73
20882.78 20884.73
20883.03 20884.97
20883.03 20884.97
20883.23 20885.03
20883.23 20885.03
20883.23 20885.03
20883.23 20885.03
20883.23 20885.03
20883.03 20884.97
20881.78 20883.72
20881.78 20883.72
20881.47 20883.28
20881.53 20883.48
20881.53 20883.48
20881.53 20883.48
20881.53 20883.48
20881.97 20883.78
20883.65 20885.36
20883.65 20885.36
20883.65 20885.36
20883.48 20885.28
20883.48 20885.28
20883.78 20885.73
20883.78 20885.73
20883.78 20885.73
20882.23 20884.03
20882.23 20884.03
20883.28 20885.22
20883.48 20885.28
20883.48 20885.28
20884.47 20886.28
20884.47 20886.28
20883.47 20885.28
20884.78 20886.73
20884.78 20886.73
20884.28 20886.22
20884.28 20886.22
20885.33 20887.42
20885.33 20887.42
20885.33 20887.42
20885.91 20887.59
20885.91 20887.59
20885.78 20887.72
20885.96 20887.79
20885.96 20887.79
20885.96 20887.79
20885.96 20887.79
20885.97 20887.78
20885.97 20887.78
20885.97 20887.78
20886.16 20887.85
20886.16 20887.85
20886.16 20887.85
20886.16 20887.85
20886.16 20887.85
20885.41 20887.10
20885.41 20887.10
20886.03 20887.97
20885.98 20887.78
20885.98 20887.78
20885.98 20887.78
20885.98 20887.78
20885.98 20887.78
20885.98 20887.78
20886.65 20887.85
20885.89 20887.61
20885.89 20887.61
20885.72 20887.53
20885.72 20887.53
20885.65 20887.35
20884.72 20886.53
20884.72 20886.53
20884.72 20886.53
20884.72 20886.53
20884.21 20886.04
20884.21 20886.04
20884.22 20886.03
20883.97 20885.78
20883.97 20885.78
20884.08 20886.17
20884.08 20886.17
20884.53 20886.48
20884.72 20886.53
20884.72 20886.53
20884.72 20886.53
20884.72 20886.53
20884.72 20886.53
20884.72 20886.53
20884.72 20886.53
20884.78 20886.72
20884.78 20886.72
20884.78 20886.72
20884.78 20886.72
20884.78 20886.72
20884.78 20886.72
20885.78 20887.73
20885.58 20887.67
20885.58 20887.67
20885.58 20887.67
20885.62 20887.13
20885.23 20887.03
20885.23 20887.03
20885.23 20887.03
20885.23 20887.03
20885.23 20887.03
20885.23 20887.03
20884.64 20886.11
20884.64 20886.11
20884.64 20886.11
20884.64 20886.11
20884.67 20885.83
20884.67 20885.83
20884.67 20885.83
20884.67 20885.83
20884.67 20885.83
20884.78 20886.73
20884.78 20886.73
20884.78 20886.73
20885.47 20887.28
20885.47 20887.28
20884.72 20886.53
20884.72 20886.53
20884.28 20886.23
20884.28 20886.23
20884.23 20886.03
20884.22 20886.03
20884.22 20886.03
20883.78 20885.72
20883.97 20885.78
20883.97 20885.78
20883.97 20885.78
20883.97 20885.78
20883.97 20885.78
20883.90 20885.60
20883.90 20885.60
20883.71 20885.54
20883.71 20885.54
20883.71 20885.54
20883.58 20885.67
20883.53 20885.47
20883.53 20885.47
20884.08 20886.17
20884.08 20886.17
20884.08 20886.17
20884.66 20886.34
20884.66 20886.34
20884.66 20886.34
20884.66 20886.34
20885.62 20887.13
20885.62 20887.13
20885.62 20887.13
20884.41 20886.10
20884.41 20886.10
20884.41 20886.10
20884.41 20886.10
20884.73 20886.53
20884.73 20886.53
20884.66 20886.35
20884.66 20886.35
20884.91 20886.59
20884.91 20886.59
20885.98 20887.78
20885.98 20887.78
20886.71 20888.54
20886.71 20888.54
20886.71 20888.54
20886.71 20888.54
20886.71 20888.54
20886.47 20888.28
20887.14 20888.86
20887.14 20888.86
20887.28 20889.23
20887.28 20889.23
20886.53 20888.48
20886.53 20888.48
20886.53 20888.47
20887.03 20888.98
20887.03 20888.98
20887.78 20889.72
20887.78 20889.72
20887.78 20889.72
20887.78 20889.72
20888.28 20890.22
20888.28 20890.22
20888.28 20890.22
20888.03 20889.98
20888.03 20889.98
20888.22 20890.03
20888.22 20890.03
20888.97 20890.78
20888.97 20890.78
20888.53 20890.47
20889.03 20890.97
20889.03 20890.97
20888.67 20889.83
20888.67 20889.83
20887.48 20889.28
20887.48 20889.28
20888.28 20890.23
20888.28 20890.23
20888.28 20890.23
20887.91 20889.60
20887.91 20889.60
20887.90 20889.61
20887.90 20889.61
20887.90 20889.61
20887.90 20889.61
20885.22 20887.03
20885.22 20887.03
20884.58 20886.67
20884.58 20886.67
20884.58 20886.67
20884.47 20886.28
20884.47 20886.28
20884.53 20886.47
20884.53 20886.47
20884.53 20886.47
20884.03 20885.97
20884.03 20885.97
20884.78 20886.73
20884.78 20886.73
20884.78 20886.73
20884.78 20886.73
20884.78 20886.73
20884.78 20886.73
20884.78 20886.73
20884.78 20886.73
20884.78 20886.73
20884.78 20886.73
20884.73 20886.53
20884.73 20886.53
20886.23 20888.03
20885.22 20887.03
20885.22 20887.03
20885.22 20887.03
20884.78 20886.73
20883.97 20885.78
20883.97 20885.78
20883.97 20885.78
20883.98 20885.78
20883.98 20885.78
20883.53 20885.47
20883.53 20885.47
20883.53 20885.47
20883.53 20885.47
20883.53 20885.47
20883.53 20885.47
20884.28 20886.22
20884.28 20886.22
20884.97 20886.78
20885.21 20887.04
20885.21 20887.04
20885.28 20887.23
20885.28 20887.23
20885.28 20887.23
20885.28 20887.23
20885.28 20887.23
20885.16 20886.85
20885.16 20886.85
20884.97 20886.78
20884.97 20886.78
20887.03 20888.98
20886.03 20887.98
20886.03 20887.98
20885.48 20887.28
20885.48 20887.28
20885.48 20887.28
20885.48 20887.28
20885.28 20887.22
20885.28 20887.22
20885.22 20887.03
20885.22 20887.03
20884.88 20887.12
20884.88 20887.12
20884.53 20886.47
20884.53 20886.47
20885.03 20886.98
20885.03 20886.98
20885.22 20887.03
20885.53 20887.48
20885.53 20887.48
20885.53 20887.48
20885.53 20887.48
20885.53 20887.48
20885.53 20887.48
20885.53 20887.48
20885.47 20887.28
20885.47 20887.28
20885.47 20887.28
20885.47 20887.28
20885.47 20887.28
20885.53 20887.47
20885.53 20887.47
20885.48 20887.28
20885.48 20887.28
20885.48 20887.28
20886.97 20888.78
20886.97 20888.78
20887.28 20889.22
20887.28 20889.22
20887.23 20889.03
20887.23 20889.03
20887.23 20889.03
20887.23 20889.03
20887.23 20889.03
20887.23 20889.03
20887.23 20889.03
20887.62 20889.13
20887.62 20889.13
20887.63 20889.12
20887.63 20889.12
20887.63 20889.12
20887.63 20889.13
20887.63 20889.13
20887.98 20889.78
20887.98 20889.78
20888.15 20889.86
20887.97 20889.78
20887.97 20889.78
20887.91 20889.60
20887.91 20889.60
20887.97 20889.78
20887.97 20889.78
20888.03 20889.98
20888.03 20889.98
20888.03 20889.98
20888.03 20889.98
20888.81 20889.45
20888.81 20889.45
20888.81 20889.45
20888.81 20889.45
20887.66 20889.35
20887.73 20889.53
20887.73 20889.53
20887.53 20889.48
20887.53 20889.48
20887.53 20889.48
20887.47 20889.28
20887.47 20889.28
20887.53 20889.47
20887.53 20889.47
20887.53 20889.47
20887.53 20889.47
20887.48 20889.28
20887.48 20889.28
20887.48 20889.28
20888.03 20889.97
20888.21 20890.04
20888.21 20890.04
20887.83 20889.92
20887.83 20889.92
20888.22 20890.03
20888.72 20890.53
20888.72 20890.53
20888.03 20889.98
20888.03 20889.98
20888.03 20889.98
20888.03 20889.98
20888.16 20889.85
20888.16 20889.85
20888.28 20890.23
20888.28 20890.23
20887.83 20889.92
20887.83 20889.92
20887.83 20889.92
20887.53 20889.47
20887.53 20889.47
20887.53 20889.47
20887.53 20889.47
20887.53 20889.48
20887.53 20889.48
20887.53 20889.48
20887.73 20889.53
20887.73 20889.53
20888.08 20890.17
20888.08 20890.17
20887.83 20889.92
20887.83 20889.92
20887.83 20889.92
20887.83 20889.92
20887.83 20889.92
20887.83 20889.92
20887.83 20889.92
20888.28 20890.23
20888.28 20890.23
20888.28 20890.23
20888.28 20890.23
20888.21 20890.04
20888.21 20890.04
20888.46 20890.29
20888.46 20890.29
20888.03 20889.98
20888.03 20889.98
20887.83 20889.92
20887.83 20889.92
20887.83 20889.92
20888.03 20889.98
20888.03 20889.98
20889.73 20891.53
20889.73 20891.53
20889.91 20891.60
20889.91 20891.60
20890.14 20891.61
20890.14 20891.61
20890.97 20892.78
20891.22 20893.03
20891.22 20893.03
20891.15 20892.86
20891.15 20892.86
20891.03 20892.98
20891.03 20892.98
20891.14 20892.86
20891.14 20892.86
20890.53 20892.47
20890.28 20892.22
20890.28 20892.22
20889.41 20891.10
20889.41 20891.10
20889.62 20891.13
20889.48 20891.28
20889.48 20891.28
20889.48 20891.28
20889.48 20891.28
20889.46 20891.29
20889.46 20891.29
20889.47 20891.28
20889.47 20891.28
20889.28 20891.23
20889.28 20891.23
