20879.41 20881.09
20879.41 20881.09
20879.41 20881.09
20879.41 20881.09
20879.41 20881.09
20879.28 20881.23
20879.28 20881.23
20879.28 20881.23
20878.87 20881.39
20878.87 20881.39
20878.78 20880.73
20878.78 20880.73
20878.64 20880.11
20878.64 20880.11
20878.97 20880.78
20878.72 20880.53
20878.72 20880.53
20878.78 20880.72
20878.47 20880.28
20878.47 20880.28
20878.65 20880.35
20878.65 20880.35
20878.65 20880.35
20878.65 20880.35
20878.48 20880.28
20878.66 20880.35
20878.66 20880.35
20878.48 20880.28
20878.48 20880.28
20878.53 20880.47
20878.78 20880.72
20878.78 20880.72
20878.05 20878.70
20878.05 20878.70
20878.05 20878.70
20878.05 20878.70
20877.71 20879.54
20878.28 20880.23
20878.28 20880.23
20878.22 20880.03
20878.22 20880.03
20878.47 20880.28
20878.47 20880.28
20878.47 20880.28
20876.47 20878.28
20876.47 20878.28
20876.41 20878.10
20876.41 20878.10
20876.41 20878.10
20876.58 20878.67
20876.58 20878.67
20877.16 20878.84
20877.16 20878.84
20878.28 20880.23
20878.28 20880.23
20878.03 20879.97
20878.03 20879.97
20877.98 20879.78
20877.98 20879.78
20878.03 20879.97
20878.03 20879.97
20878.03 20879.98
20878.03 20879.98
20878.28 20880.22
20878.28 20880.22
20878.28 20880.22
20878.03 20879.98
20878.03 20879.98
20878.03 20879.98
20878.03 20879.98
20878.03 20879.98
20878.03 20879.98
20878.28 20880.23
20878.47 20880.28
20878.47 20880.28
20879.22 20881.03
20879.22 20881.03
20880.47 20882.28
20880.47 20882.28
20880.46 20882.29
20880.46 20882.29
20882.08 20884.17
20882.08 20884.17
20882.72 20884.53
20882.72 20884.53
20882.53 20884.47
20882.53 20884.47
20883.67 20884.83
20883.67 20884.83
20883.67 20884.83
20883.67 20884.83
20882.73 20884.53
20882.73 20884.53
20883.18 20884.33
20882.53 20884.47
20882.53 20884.47
20882.03 20883.97
20882.03 20883.97
20882.41 20884.09
20882.41 20884.09
20881.97 20883.78
20881.97 20883.78
20882.64 20884.11
20882.64 20884.11
20882.64 20884.11
20883.39 20884.86
20883.39 20884.86
20883.39 20884.86
20883.38 20884.88
20883.38 20884.88
20883.38 20884.88
20882.71 20884.54
20882.78 20884.72
20882.78 20884.72
20882.78 20884.73
20882.78 20884.73
20882.78 20884.73
20882.78 20884.73
20882.78 20884.73
20882.53 20884.47
20882.53 20884.47
20882.47 20884.28
20882.47 20884.28
20882.47 20884.28
20882.48 20884.28
20880.90 20882.61
20880.90 20882.61
20880.28 20882.22
20880.28 20882.22
20880.28 20882.22
20880.22 20882.03
20880.22 20882.03
20880.21 20882.04
20880.21 20882.04
20880.21 20882.04
20880.21 20882.04
20880.21 20882.04
20880.21 20882.04
20880.41 20882.10
20880.41 20882.10
20880.41 20882.10
20880.78 20882.73
20880.78 20882.73
20881.23 20883.03
20881.23 20883.03
20881.23 20883.03
20881.23 20883.03
20881.23 20883.03
20881.23 20883.03
20881.22 20883.03
20881.22 20883.03
20880.58 20882.67
20880.58 20882.67
20881.71 20883.54
20881.71 20883.54
20881.78 20883.73
20881.78 20883.73
20880.72 20882.53
20880.72 20882.53
20880.78 20882.72
20880.78 20882.72
20880.78 20882.72
20881.03 20882.97
20881.03 20882.97
20881.08 20883.17
20881.08 20883.17
20881.08 20883.17
20881.22 20883.03
20881.16 20882.84
20881.16 20882.84
20881.16 20882.84
20881.16 20882.84
20881.41 20883.09
20881.41 20883.09
20881.41 20883.09
20881.41 20883.09
20881.40 20883.11
20881.40 20883.11
20881.97 20883.78
20881.97 20883.78
20882.23 20884.03
20882.23 20884.03
20882.73 20884.53
20882.73 20884.53
20882.73 20884.53
20882.73 20884.53
20882.73 20884.53
20882.91 20884.60
20882.91 20884.60
20882.91 20884.60
20882.97 20884.78
20882.97 20884.78
20882.66 20884.34
20882.66 20884.34
20882.66 20884.34
20881.48 20883.28
20881.48 20883.28
20881.48 20883.28
20881.48 20883.28
20881.47 20883.28
20881.72 20883.53
20881.72 20883.53
20881.71 20883.54
20881.71 20883.54
20881.71 20883.54
20882.03 20883.98
20882.03 20883.98
20882.53 20884.48
20882.53 20884.48
20882.53 20884.48
20882.58 20884.67
20882.58 20884.67
20882.90 20884.60
20882.90 20884.60
20882.03 20883.98
20882.03 20883.98
20882.03 20883.98
20882.53 20884.47
20883.16 20884.85
20883.16 20884.85
20883.16 20884.85
20883.16 20884.85
20883.16 20884.85
20883.16 20884.85
20883.16 20884.85
20883.28 20885.22
20883.28 20885.22
20883.22 20885.03
20883.22 20885.03
20883.23 20885.03
20883.48 20885.28
20883.48 20885.28
20883.89 20885.36
20883.89 20885.36
20881.71 20883.54
20880.28 20882.22
20880.28 20882.22
20880.47 20882.28
20880.47 20882.28
20880.47 20882.28
20881.14 20882.61
20881.14 20882.61
20881.58 20883.67
20881.58 20883.67
20881.53 20883.48
20881.53 20883.48
20881.98 20883.78
20881.98 20883.78
20881.97 20883.78
20881.97 20883.78
20882.28 20884.22
20882.28 20884.22
20880.78 20882.72
20880.78 20882.72
20880.97 20882.78
20881.03 20882.97
20881.03 20882.97
20881.03 20882.97
20881.03 20882.97
20881.03 20882.97
20880.83 20882.92
20880.83 20882.92
20880.78 20882.72
20880.78 20882.72
20881.21 20883.04
20881.21 20883.04
20881.78 20883.73
20881.78 20883.73
20881.78 20883.73
20881.53 20883.48
20881.53 20883.48
20881.16 20882.85
20881.16 20882.85
20882.22 20884.03
20882.22 20884.03
20881.83 20883.92
20881.83 20883.92
20880.83 20882.92
20880.83 20882.92
20880.28 20882.22
20879.91 20881.59
20879.91 20881.59
20880.16 20881.84
20880.16 20881.84
20880.16 20881.84
20880.16 20881.84
20880.16 20881.84
20879.98 20881.78
20879.73 20881.53
20879.73 20881.53
20879.73 20881.53
20879.73 20881.53
20879.64 20881.36
20879.73 20881.53
20879.73 20881.53
20879.71 20881.54
20879.71 20881.54
20879.03 20880.97
20879.03 20880.97
20880.47 20882.28
20880.97 20882.78
20880.97 20882.78
20880.97 20882.78
20880.97 20882.78
20881.14 20882.86
20881.14 20882.86
20881.14 20882.86
20881.22 20883.03
20881.22 20883.03
20881.22 20883.03
20881.47 20883.28
20881.47 20883.28
20881.47 20883.28
20881.47 20883.28
20881.48 20883.28
20881.48 20883.28
20881.48 20883.28
20881.48 20883.28
20881.66 20883.35
20881.66 20883.35
20881.47 20883.28
20881.47 20883.28
20881.48 20883.28
20881.48 20883.28
20881.48 20883.28
20881.48 20883.28
20881.48 20883.28
20881.48 20883.28
20881.48 20883.28
20881.48 20883.28
20881.48 20883.28
20881.48 20883.28
20881.48 20883.28
20881.48 20883.28
20881.48 20883.28
20881.48 20883.28
20881.47 20883.28
20881.47 20883.28
20881.47 20883.28
20883.03 20884.98
20882.78 20884.73
20882.78 20884.73
20882.78 20884.73
20882.78 20884.73
20883.03 20884.98
20883.03 20884.98
20883.03 20884.98
20883.03 20884.98
20883.21 20885.04
20881.72 20883.53
20881.72 20883.53
20880.53 20882.48
20880.53 20882.48
20880.03 20881.97
20880.03 20881.97
20880.40 20882.11
20880.40 20882.11
20880.23 20882.03
20880.23 20882.03
20879.98 20881.78
20880.96 20882.79
20880.96 20882.79
20880.53 20882.47
20880.53 20882.47
20883.47 20885.28
20883.47 20885.28
20882.72 20884.53
20882.72 20884.53
20882.72 20884.53
20882.33 20884.42
20882.33 20884.42
20883.22 20885.03
20882.78 20884.73
20882.78 20884.73
20883.03 20884.98
20883.03 20884.98
20882.72 20884.53
20882.72 20884.53
20882.58 20884.67
20882.58 20884.67
20882.33 20884.42
20882.33 20884.42
20882.33 20884.42
20882.33 20884.42
20882.33 20884.42
20882.33 20884.42
20882.33 20884.42
20882.33 20884.42
20882.33 20884.42
20881.78 20883.72
20881.78 20883.72
20882.98 20884.78
20882.98 20884.78
20882.98 20884.78
20882.98 20884.78
20882.73 20884.53
20882.73 20884.53
20882.73 20884.53
20882.78 20884.73
20882.78 20884.73
20882.78 20884.73
20882.83 20884.92
20882.83 20884.92
20882.78 20884.73
20882.78 20884.73
20882.78 20884.73
20882.78 20884.73
20882.83 20884.92
20882.83 20884.92
20882.78 20884.72
20882.78 20884.72
20882.78 20884.72
20883.28 20885.23
20884.47 20886.28
20884.47 20886.28
20884.65 20886.36
20884.65 20886.36
20884.65 20886.36
20884.72 20886.53
20884.72 20886.53
20884.72 20886.53
20884.66 20886.35
20884.66 20886.35
20884.73 20886.53
20884.73 20886.53
20884.72 20886.53
20884.72 20886.53
20884.72 20886.53
20884.72 20886.53
20884.72 20886.53
20884.72 20886.53
20884.90 20886.61
20884.90 20886.61
20884.91 20886.60
20884.91 20886.60
20884.91 20886.60
20884.91 20886.60
20884.91 20886.60
20884.91 20886.60
20884.91 20886.60
20885.14 20886.86
20885.14 20886.86
20884.97 20886.78
20884.97 20886.78
20884.97 20886.78
20884.97 20886.78
20884.97 20886.78
20884.97 20886.78
20884.97 20886.78
20884.97 20886.78
20884.97 20886.78
20884.97 20886.78
20884.97 20886.78
20883.16 20884.84
20883.16 20884.84
20883.39 20884.86
20883.39 20884.86
20883.39 20884.86
20883.39 20884.86
20882.78 20884.73
20882.78 20884.73
20882.78 20884.73
20882.53 20884.47
20882.53 20884.47
20883.03 20884.97
20883.03 20884.97
20882.78 20884.72
20882.78 20884.72
20880.58 20882.67
20880.53 20882.48
20880.53 20882.48
20881.22 20883.03
20881.22 20883.03
20881.03 20882.97
20881.03 20882.97
20881.03 20882.97
20881.03 20882.97
20881.28 20883.23
20881.28 20883.23
20881.28 20883.23
20881.28 20883.23
20881.28 20883.23
20881.41 20883.10
20881.41 20883.10
20881.41 20883.10
20881.41 20883.10
20881.41 20883.10
20881.41 20883.10
20881.41 20883.10
20881.41 20883.10
20881.41 20883.10
20881.41 20883.10
20881.47 20883.28
20881.47 20883.28
20881.47 20883.28
20881.47 20883.28
20881.47 20883.28
20881.47 20883.28
20881.47 20883.28
20881.53 20883.48
20881.53 20883.48
20882.97 20884.78
20883.73 20885.53
20883.73 20885.53
20883.73 20885.53
20883.73 20885.53
20883.73 20885.53
20883.73 20885.53
20883.48 20885.28
20883.48 20885.28
20883.48 20885.28
20883.46 20885.29
20883.46 20885.29
20883.53 20885.48
20885.22 20887.03
20887.41 20889.10
20887.41 20889.10
20887.98 20889.78
20887.98 20889.78
20887.98 20889.78
20888.41 20890.10
20888.41 20890.10
20888.72 20890.53
20888.72 20890.53
20888.46 20890.29
20888.46 20890.29
20887.97 20889.78
20887.97 20889.78
20887.97 20889.78
20887.53 20889.48
20887.53 20889.48
20887.53 20889.48
20887.53 20889.48
20888.23 20890.03
20888.23 20890.03
20887.78 20889.72
20887.78 20889.72
20889.16 20890.84
20889.16 20890.84
20888.97 20890.78
20887.58 20889.67
20887.58 20889.67
20887.53 20889.47
20887.78 20889.73
20887.78 20889.73
20887.78 20889.73
20888.16 20889.85
20888.16 20889.85
20888.16 20889.85
20888.66 20889.84
20888.66 20889.84
20888.41 20890.10
20888.41 20890.10
20887.53 20889.48
20887.53 20889.48
20888.03 20889.98
20888.03 20889.98
20888.03 20889.98
20888.28 20890.22
20888.28 20890.22
20888.47 20890.28
20887.78 20889.73
20887.78 20889.73
20887.78 20889.73
20887.72 20889.53
20887.72 20889.53
20887.72 20889.53
20887.72 20889.53
20887.72 20889.53
20887.78 20889.72
20887.78 20889.72
20887.78 20889.72
20887.78 20889.72
20887.78 20889.73
20887.78 20889.73
20887.78 20889.73
20887.78 20889.73
20887.78 20889.73
20887.78 20889.73
20887.28 20889.23
20887.28 20889.23
20885.73 20887.53
20885.73 20887.53
20885.46 20887.29
20885.03 20886.97
20885.03 20886.97
20885.03 20886.97
20885.28 20887.22
20885.28 20887.22
20885.28 20887.23
20885.47 20887.28
20885.47 20887.28
20885.47 20887.28
20885.47 20887.28
20885.47 20887.28
20885.28 20887.23
20885.28 20887.23
20885.28 20887.23
20885.28 20887.23
20885.28 20887.23
20885.28 20887.23
20885.28 20887.23
20885.28 20887.23
20884.72 20886.53
20884.71 20886.54
20884.71 20886.54
20884.22 20886.03
20884.22 20886.03
20884.03 20885.98
20883.73 20885.53
20883.73 20885.53
20883.73 20885.53
20883.98 20885.78
20883.98 20885.78
20883.98 20885.78
20884.63 20886.13
20884.63 20886.13
20887.16 20888.85
20887.16 20888.85
20886.63 20888.87
20887.03 20888.97
20887.03 20888.97
20887.03 20888.97
20887.03 20888.97
