20916.53 20918.48
20916.53 20918.48
20916.53 20918.48
20916.58 20918.67
20916.53 20918.47
20916.53 20918.47
20916.53 20918.47
20916.53 20918.48
20916.72 20918.53
20916.72 20918.53
20916.15 20917.85
20916.15 20917.85
20915.28 20917.23
20915.03 20916.97
20915.03 20916.97
20914.97 20916.78
20914.91 20916.60
20914.91 20916.60
20914.91 20916.60
20914.91 20916.60
20915.71 20917.54
20915.48 20917.28
20915.48 20917.28
20917.46 20919.29
20917.46 20919.29
20917.46 20919.29
20917.66 20919.34
20917.66 20919.34
20917.66 20919.34
20917.65 20919.35
20917.65 20919.35
20917.65 20919.35
20918.40 20920.11
20918.40 20920.11
20917.64 20919.36
20916.28 20918.23
20916.28 20918.23
20916.28 20918.23
20915.37 20917.89
20915.37 20917.89
20915.22 20917.03
20915.22 20917.03
20915.28 20917.22
20915.03 20916.97
20915.03 20916.97
20915.03 20916.97
20915.03 20916.97
20914.83 20916.92
20914.83 20916.92
20914.90 20916.61
20914.90 20916.61
20914.90 20916.61
20916.08 20918.17
20916.08 20918.17
20916.08 20918.17
20916.53 20918.47
20916.53 20918.47
20916.53 20918.47
20916.53 20918.47
20916.53 20918.47
20916.53 20918.48
20916.53 20918.48
20916.58 20918.67
20916.58 20918.67
20916.73 20918.53
20916.73 20918.53
20916.67 20917.83
20917.72 20919.53
20917.72 20919.53
20917.72 20919.53
20917.73 20919.53
20917.73 20919.53
20918.73 20920.53
20918.73 20920.53
20918.73 20920.53
20918.73 20920.53
20918.90 20920.60
20916.63 20918.12
20915.72 20917.53
20915.72 20917.53
20915.72 20917.53
20915.28 20917.23
20915.39 20917.11
20915.39 20917.11
20915.39 20917.11
20915.28 20917.22
20915.64 20917.36
20915.64 20917.36
20914.78 20916.72
20913.16 20914.85
20913.16 20914.85
20913.08 20915.17
20913.08 20915.17
20913.53 20915.47
20913.53 20915.47
20914.28 20916.23
20914.28 20916.23
20913.15 20914.86
20913.15 20914.86
20913.15 20914.86
20913.15 20914.86
20913.15 20914.35
20913.15 20914.35
20912.64 20914.11
20909.23 20911.03
20909.23 20911.03
20908.65 20910.35
20908.65 20910.35
20909.22 20911.03
20910.21 20912.04
20910.21 20912.04
20910.23 20912.03
20910.23 20912.03
20911.72 20913.53
20910.48 20912.28
20910.48 20912.28
20909.64 20911.36
20909.78 20911.73
20909.78 20911.73
20909.63 20911.12
20909.63 20911.12
20909.63 20911.12
20909.78 20911.72
20908.91 20910.60
20908.91 20910.60
20908.91 20910.60
20911.15 20912.86
20911.55 20912.20
20911.55 20912.20
20910.40 20912.10
20910.72 20912.53
20910.72 20912.53
20910.83 20912.92
20910.83 20912.92
20911.40 20913.10
20911.40 20913.10
20910.12 20911.63
20910.97 20912.78
20910.97 20912.78
20909.73 20911.53
20910.53 20912.47
20910.53 20912.47
20911.13 20912.62
20909.98 20911.78
20909.98 20911.78
20908.64 20910.36
20908.64 20910.36
20908.88 20910.37
20908.88 20910.37
20906.03 20907.98
20906.03 20907.98
20905.15 20906.85
20907.33 20909.42
20907.33 20909.42
20907.47 20909.28
20907.47 20909.28
20906.73 20908.53
20906.65 20908.36
20906.65 20908.36
20906.53 20908.48
20906.53 20908.48
20907.66 20909.35
20907.66 20909.35
20907.53 20909.48
20907.33 20909.42
20907.33 20909.42
20908.41 20910.09
20908.41 20910.09
20907.90 20909.61
20907.90 20909.61
20906.48 20908.28
20906.53 20908.48
20906.53 20908.48
20906.72 20908.53
20906.72 20908.53
20906.97 20908.78
20906.97 20908.78
20906.97 20908.78
20906.97 20908.78
20907.88 20909.37
20907.88 20909.37
20907.28 20909.23
20907.28 20909.23
20907.53 20909.48
20907.53 20909.48
20907.53 20909.48
20906.88 20908.37
20906.88 20908.37
20906.28 20908.23
20906.28 20908.23
20906.28 20908.23
20906.28 20908.23
20906.28 20908.23
20906.28 20908.23
20906.03 20907.98
20906.03 20907.98
20906.21 20908.04
20906.21 20908.04
20907.22 20909.03
20907.22 20909.03
20907.28 20909.23
20905.98 20907.78
20905.98 20907.78
20906.03 20907.98
20906.03 20907.98
20906.21 20908.04
20906.21 20908.04
20905.23 20907.03
20905.23 20907.03
20905.28 20907.23
20905.28 20907.23
20905.28 20907.23
20905.78 20907.73
20905.78 20907.73
20905.28 20907.22
20905.91 20907.60
20905.91 20907.60
20905.28 20907.23
20905.40 20907.10
20905.40 20907.10
20901.71 20903.54
20901.71 20903.54
20901.91 20903.59
20901.28 20903.23
20901.28 20903.23
20901.72 20903.53
20901.72 20903.53
20902.98 20904.78
20902.98 20904.78
20902.98 20904.78
20902.78 20904.72
20902.47 20904.28
20902.47 20904.28
20902.47 20904.28
20902.97 20904.78
20902.97 20904.78
20902.39 20904.11
20902.41 20904.09
20902.41 20904.09
20902.56 20903.19
20902.56 20903.19
20903.46 20905.29
20903.46 20905.29
20903.22 20905.03
20903.22 20905.03
20902.03 20903.98
20902.03 20903.98
20901.53 20903.48
20901.53 20903.48
20904.15 20905.35
20904.15 20905.35
20903.63 20905.12
20903.63 20905.12
20903.88 20905.37
20903.88 20905.37
20903.89 20905.36
20908.28 20910.23
20908.28 20910.23
20908.64 20910.36
20908.64 20910.36
20908.23 20910.03
20908.08 20910.17
20908.08 20910.17
20908.08 20910.17
20908.28 20910.23
20908.28 20910.23
20908.28 20910.23
20908.28 20910.22
20908.28 20910.22
20909.03 20910.97
20908.64 20910.36
20908.64 20910.36
20909.21 20911.04
20909.21 20911.04
20908.66 20910.34
20908.66 20910.34
20908.73 20910.53
20908.73 20910.53
20907.98 20909.78
20907.73 20909.53
20907.73 20909.53
20908.98 20910.78
20908.98 20910.78
20908.90 20910.61
20908.90 20910.60
20908.90 20910.60
20909.46 20911.29
20909.46 20911.29
20909.41 20911.10
20909.22 20911.03
20909.22 20911.03
20909.71 20911.54
20909.71 20911.54
20909.72 20911.53
20909.72 20911.53
20909.71 20911.54
20909.71 20911.54
20911.03 20912.98
20911.03 20912.98
20911.03 20912.98
20909.64 20911.36
20909.64 20911.36
20909.64 20911.36
20909.64 20911.36
20910.97 20912.78
20910.97 20912.78
20910.72 20912.53
20910.72 20912.53
20910.72 20912.53
20910.64 20912.36
20910.64 20912.36
20910.64 20912.36
20910.14 20911.86
20909.47 20911.28
20909.47 20911.28
20909.16 20910.84
20909.38 20910.88
20909.38 20910.88
20909.98 20911.78
20909.98 20911.78
20910.15 20911.85
20910.15 20911.85
20910.28 20912.23
20910.21 20912.04
20910.21 20912.04
20911.13 20912.62
20911.13 20912.62
20911.13 20912.62
20910.72 20912.53
20910.72 20912.53
20910.72 20912.53
20910.28 20912.23
20910.28 20912.23
20907.53 20909.47
20907.28 20909.23
20907.28 20909.23
20907.66 20909.35
20907.66 20909.35
20907.66 20909.35
20907.66 20909.35
20907.63 20909.12
20907.63 20909.12
20907.63 20909.12
20907.63 20909.12
20907.63 20909.12
20907.87 20909.38
20908.71 20910.54
20908.71 20910.54
20908.71 20910.54
20908.78 20910.72
20908.78 20910.73
20908.78 20910.73
20909.89 20911.61
20909.89 20911.61
20910.39 20911.86
20910.39 20911.86
20909.98 20911.78
20909.98 20911.78
20907.83 20909.92
20907.83 20909.92
20908.73 20910.53
20908.73 20910.53
20908.73 20910.53
20908.96 20910.79
20909.72 20911.53
20909.72 20911.53
20909.98 20911.78
20909.98 20911.78
20909.98 20911.78
20909.97 20911.78
20909.33 20911.42
20909.33 20911.42
20909.33 20911.42
20910.15 20911.86
20910.15 20911.86
20910.15 20911.86
20910.21 20912.04
20910.21 20912.04
20910.16 20911.85
20910.16 20911.85
20910.16 20911.85
20910.16 20911.85
20910.23 20912.03
20910.23 20912.03
20910.23 20912.03
20910.28 20912.23
20910.28 20912.23
20910.28 20912.23
20910.63 20912.12
20910.22 20912.03
20910.22 20912.03
20910.22 20912.03
20910.22 20912.03
20910.22 20912.03
20910.39 20912.11
20910.39 20912.11
20910.64 20912.11
20910.64 20912.11
20910.64 20912.11
20910.64 20912.11
20909.65 20911.36
20909.65 20911.36
20909.65 20911.36
20910.39 20912.11
20910.39 20912.11
20910.39 20912.11
20910.46 20912.29
20910.46 20912.29
20910.58 20912.67
20911.28 20913.23
20911.28 20913.23
20909.91 20911.59
20909.91 20911.59
20909.91 20911.59
20909.72 20911.53
20909.72 20911.53
20909.78 20911.73
20909.78 20911.73
20909.78 20911.73
20910.03 20911.98
20909.73 20911.53
20909.73 20911.53
20909.64 20911.36
20909.64 20911.36
20909.64 20911.36
20909.64 20911.36
20909.73 20911.53
20909.73 20911.53
20909.73 20911.53
20909.73 20911.53
20909.65 20911.36
20908.90 20910.60
20908.90 20910.60
20908.90 20910.61
20908.90 20910.61
20909.03 20910.98
20909.03 20910.98
20908.97 20910.78
20908.98 20910.78
20908.98 20910.78
20908.98 20910.78
20908.98 20910.78
20908.97 20910.78
20908.97 20910.78
20909.16 20910.85
20909.16 20910.85
20909.15 20910.85
20909.15 20910.85
20909.15 20910.85
20909.14 20910.86
20909.14 20910.86
20909.14 20910.86
20908.96 20910.79
20908.96 20910.79
20908.83 20910.92
20908.83 20910.92
20909.15 20910.86
20909.15 20910.86
20909.28 20911.22
20909.28 20911.22
20909.28 20911.22
20909.28 20911.23
20909.28 20911.23
20909.28 20911.23
20909.23 20911.03
20909.23 20911.03
20909.23 20911.03
20909.23 20911.03
20909.23 20911.03
20909.28 20911.23
20909.28 20911.23
20909.47 20911.28
20909.47 20911.28
20909.48 20911.28
20909.48 20911.28
20909.48 20911.28
20909.46 20911.29
20909.46 20911.29
20909.96 20911.79
20909.96 20911.79
20910.15 20911.86
20909.98 20911.78
20909.98 20911.78
20910.13 20911.63
20910.13 20911.63
20908.12 20910.64
20906.53 20908.48
20906.53 20908.48
20904.96 20906.79
20905.03 20906.98
20905.03 20906.98
20906.40 20908.11
20906.40 20908.11
20905.98 20907.78
20906.73 20908.53
20906.73 20908.53
20906.73 20908.53
20906.08 20908.17
20906.08 20908.17
20904.72 20906.53
20904.72 20906.53
20904.72 20906.53
20904.72 20906.53
20904.65 20906.36
20904.65 20906.36
20904.91 20906.60
20904.91 20906.60
20904.91 20906.60
20904.73 20906.53
20904.73 20906.53
20904.97 20906.78
20904.97 20906.78
20904.73 20906.53
20904.64 20906.36
20904.64 20906.36
20904.63 20906.12
20904.63 20906.12
20904.47 20906.28
20904.47 20906.28
20904.47 20906.28
20904.73 20906.53
20904.73 20906.53
20904.53 20906.48
20904.53 20906.48
20904.78 20906.72
20904.78 20906.72
20904.98 20906.78
20905.39 20907.11
20905.21 20907.04
20905.21 20907.04
20905.21 20907.04
20905.08 20907.17
20905.08 20907.17
20905.98 20907.78
20905.98 20907.78
20905.97 20907.78
20905.97 20907.78
20905.97 20907.78
20904.39 20906.11
20904.39 20906.11
20904.39 20906.11
20904.40 20906.11
20904.40 20906.11
20904.23 20906.03
20904.23 20906.03
20904.40 20906.10
20904.40 20906.10
20904.91 20906.60
20906.66 20908.35
20906.66 20908.35
20906.40 20908.10
20906.40 20908.10
20906.41 20908.09
20906.41 20908.09
20906.41 20908.09
20906.41 20908.09
20907.14 20908.86
20907.23 20909.03
20907.23 20909.03
20907.28 20909.23
20907.28 20909.23
20907.28 20909.23
20908.88 20910.37
20908.88 20910.37
20908.98 20910.78
20908.98 20910.78
20908.78 20910.73
20908.78 20910.73
20908.96 20910.79
20908.96 20910.79
20908.90 20910.61
20908.90 20910.61
20908.78 20910.73
20908.78 20910.73
20908.78 20910.73
20908.78 20910.73
20908.78 20910.73
20908.16 20909.85
20908.16 20909.85
20908.16 20909.85
20908.16 20909.85
20908.16 20909.85
20908.16 20909.85
20906.72 20908.53
20906.72 20908.53
20908.08 20910.17
20909.28 20911.22
20909.28 20911.22
20909.28 20911.22
20909.71 20911.54
20909.71 20911.54
20909.71 20911.54
20909.71 20911.54
20909.71 20911.54
20909.71 20911.54
20909.73 20911.53
20909.90 20911.61
20909.90 20911.61
20908.97 20910.78
20908.97 20910.78
20909.33 20911.42
20909.33 20911.42
20911.40 20913.11
20911.40 20913.11
20911.15 20912.85
20911.15 20912.85
20910.97 20912.78
20910.97 20912.78
20910.96 20912.79
20910.96 20912.79
20910.98 20912.78
20910.98 20912.78
20910.98 20912.78
20910.98 20912.78
20909.72 20911.53
20909.72 20911.53
20909.72 20911.53
20909.78 20911.73
20909.47 20911.28
20909.47 20911.28
20909.47 20911.28
20909.28 20911.23
20908.71 20910.54
20908.71 20910.54
