20865.14 20866.61
20865.14 20866.61
20866.42 20867.58
20866.88 20868.37
20866.88 20868.37
20866.88 20868.37
20866.88 20868.37
20867.41 20869.09
20867.89 20869.36
20864.63 20866.13
20864.63 20866.13
20863.42 20864.59
20860.12 20861.63
20860.12 20861.63
20862.88 20864.37
20862.88 20864.37
20858.12 20859.63
20857.42 20858.58
20856.92 20858.08
20856.92 20858.08
20858.14 20859.61
20858.62 20860.13
20858.62 20860.13
20859.38 20860.87
20859.38 20860.87
20862.39 20863.86
20861.16 20862.34
20861.16 20862.34
20858.64 20860.11
20857.65 20858.85
20857.65 20858.85
20854.88 20856.37
20856.66 20857.85
20856.66 20857.85
20856.13 20857.63
20855.13 20856.62
20855.13 20856.62
20854.13 20855.62
20854.13 20855.62
20853.64 20855.11
20847.66 20848.85
20847.66 20848.85
20848.92 20850.09
20849.91 20851.10
20849.91 20851.10
20857.13 20858.62
20854.68 20855.83
20854.68 20855.83
20854.63 20856.12
20854.63 20856.12
20854.63 20856.13
20856.66 20857.84
20856.66 20857.84
20853.88 20855.38
20857.64 20859.11
20857.64 20859.11
20856.88 20858.37
20857.13 20858.63
20857.13 20858.63
20861.88 20863.37
20865.38 20866.88
20865.38 20866.88
20865.38 20866.87
20864.63 20866.12
20864.63 20866.12
20864.38 20865.87
20860.88 20862.38
20860.88 20862.38
20859.89 20861.36
20861.15 20862.86
20861.15 20862.86
20863.88 20865.37
20864.12 20865.63
20864.12 20865.63
20868.18 20869.33
20866.39 20867.86
20866.39 20867.86
20867.40 20868.60
20866.14 20867.61
20866.14 20867.61
20865.90 20867.61
20865.90 20867.61
20863.92 20865.09
20864.39 20865.86
20864.39 20865.86
20864.62 20866.13
20865.38 20866.87
20865.38 20866.87
20865.88 20867.38
20866.66 20868.35
20866.66 20868.35
20868.88 20870.37
20870.39 20871.86
20870.39 20871.86
20868.13 20869.63
20868.13 20869.63
20868.13 20869.63
20869.63 20871.12
20869.63 20871.12
20868.88 20870.37
20868.38 20869.87
20868.38 20869.87
20870.13 20871.63
20870.13 20871.62
20870.13 20871.62
20869.18 20870.33
20866.14 20867.61
20866.14 20867.61
20859.13 20860.62
20856.89 20858.36
20856.89 20858.36
20859.43 20860.58
20860.14 20861.61
20860.14 20861.61
20857.64 20859.11
20860.13 20861.63
20860.13 20861.63
20860.17 20861.33
20860.17 20861.33
20857.56 20858.19
20857.67 20858.83
20857.67 20858.83
20856.63 20858.12
20856.88 20858.38
20856.88 20858.38
20857.38 20858.87
20857.88 20859.37
20857.88 20859.37
20858.14 20859.61
20859.64 20861.11
20859.64 20861.11
20861.38 20862.88
20861.38 20862.88
20862.38 20863.87
20865.13 20866.62
20865.13 20866.62
20864.88 20866.37
20864.88 20866.37
20864.88 20866.37
20863.13 20864.62
20863.13 20864.62
20861.91 20863.60
20863.91 20865.10
20863.91 20865.10
20864.14 20865.61
20864.13 20865.63
20864.13 20865.63
20862.91 20864.10
20862.40 20864.11
20862.40 20864.11
20864.38 20865.87
20866.93 20868.08
20866.93 20868.08
20867.41 20868.60
20866.14 20867.61
20866.14 20867.61
20865.62 20867.13
20865.67 20866.84
20865.67 20866.84
20865.90 20867.61
20866.67 20867.84
20866.67 20867.84
20865.64 20867.11
20866.87 20868.38
20866.87 20868.38
20866.88 20868.37
20867.88 20869.37
20867.88 20869.37
20866.88 20868.37
20864.63 20866.12
20864.63 20866.12
20866.39 20867.86
20861.88 20863.37
20861.88 20863.37
20859.63 20861.12
20860.89 20862.36
20860.89 20862.36
20862.38 20863.87
20863.13 20864.62
20863.13 20864.62
20863.13 20864.63
20861.88 20863.38
20864.15 20865.35
20864.15 20865.35
20866.63 20868.13
20866.63 20868.13
20867.92 20869.09
20864.41 20865.59
20864.41 20865.59
20866.63 20868.13
20871.91 20873.10
20871.91 20873.10
20870.87 20872.38
20873.13 20874.62
20873.13 20874.62
20873.13 20874.63
20872.17 20873.34
20872.17 20873.34
20871.89 20873.36
20870.13 20871.63
20870.13 20871.63
20869.87 20871.38
20870.14 20871.61
20870.14 20871.61
20869.12 20870.63
20870.88 20872.37
20870.88 20872.37
20871.67 20872.83
20870.13 20871.63
20870.13 20871.63
20870.89 20872.36
20870.89 20872.36
20872.88 20874.38
20867.64 20869.11
20867.64 20869.11
20868.41 20869.59
20869.62 20871.13
20869.62 20871.13
20869.88 20871.38
20869.88 20871.38
20870.13 20871.62
20868.39 20869.86
20868.39 20869.86
20868.39 20869.86
20867.89 20869.36
20867.89 20869.36
20868.13 20869.63
20865.88 20867.38
20865.88 20867.38
20866.18 20867.33
20866.67 20867.83
20866.67 20867.83
20863.39 20864.86
20865.42 20866.59
20865.42 20866.59
20865.89 20867.36
20865.89 20867.36
20865.89 20867.36
20866.43 20867.58
20866.43 20867.58
20865.56 20866.20
20864.38 20865.88
20864.38 20865.88
20862.38 20863.88
20859.91 20861.09
20859.91 20861.09
20862.17 20863.33
20862.17 20863.33
20862.64 20864.11
20864.63 20866.12
20864.63 20866.12
20865.89 20867.36
20866.17 20867.34
20866.17 20867.34
20865.89 20867.36
20864.64 20866.11
20864.64 20866.11
20865.13 20866.63
20864.12 20865.63
20864.12 20865.63
20863.68 20864.83
20863.68 20864.83
20863.13 20864.62
20866.62 20868.13
20866.62 20868.13
20873.14 20874.61
20874.88 20876.37
20874.88 20876.37
20877.63 20879.12
20876.89 20878.36
20876.89 20878.36
20877.89 20879.36
20879.17 20880.34
20879.17 20880.34
20877.63 20879.12
20873.67 20874.83
20873.67 20874.83
20871.66 20872.85
20872.38 20873.88
20872.38 20873.88
20869.64 20871.11
20869.64 20871.11
20867.63 20869.12
20868.13 20869.63
20868.13 20869.63
20870.91 20872.10
20870.93 20872.08
20870.93 20872.08
20870.89 20872.36
20869.64 20871.11
20869.64 20871.11
20865.92 20867.08
20865.92 20867.08
20866.68 20867.83
20867.12 20868.63
20867.12 20868.63
20870.13 20871.63
20868.39 20869.86
20868.39 20869.86
20865.87 20867.38
20865.39 20866.86
20865.39 20866.86
20865.63 20867.12
20865.63 20867.12
20861.91 20863.09
20861.41 20862.59
20861.41 20862.59
20860.39 20861.86
20856.38 20857.88
20856.38 20857.88
20856.17 20857.34
20855.43 20856.58
20855.43 20856.58
20857.63 20859.12
20854.64 20856.11
20854.64 20856.11
20855.14 20856.61
20857.13 20858.62
20857.13 20858.62
20858.93 20860.08
20860.88 20862.38
20860.88 20862.38
20864.17 20865.34
20864.38 20865.87
20864.38 20865.87
20863.63 20865.12
20863.16 20864.34
20863.16 20864.34
20861.13 20862.63
20860.13 20861.62
20860.13 20861.62
20860.38 20861.87
20860.38 20861.87
20862.89 20864.36
20860.67 20861.83
20860.67 20861.83
20861.14 20862.61
20858.14 20859.61
20858.14 20859.61
20860.42 20861.59
20860.64 20862.11
20860.64 20862.11
20860.64 20862.11
20861.43 20862.58
20861.43 20862.58
20861.14 20862.61
20861.91 20863.10
20861.91 20863.10
20859.38 20860.87
20858.89 20860.36
20858.89 20860.36
20859.39 20860.86
20858.67 20859.83
20858.67 20859.83
20854.63 20856.12
20853.17 20854.33
20853.17 20854.33
20852.37 20853.88
20853.89 20855.36
20853.89 20855.36
20856.64 20858.11
20857.63 20859.12
20857.63 20859.12
20857.38 20858.87
20854.63 20856.13
20854.63 20856.13
20851.68 20852.83
20850.81 20851.44
20850.81 20851.44
20848.64 20850.11
20848.90 20850.10
20848.90 20850.10
20852.92 20854.08
20856.17 20857.33
20856.17 20857.33
20858.16 20859.34
20855.67 20856.83
20855.67 20856.83
20856.93 20858.08
20859.88 20861.37
20859.88 20861.37
20857.13 20858.63
20855.67 20856.83
20855.67 20856.83
20855.89 20857.36
20855.89 20857.36
20856.92 20858.08
20855.66 20856.84
20855.66 20856.84
20854.87 20856.38
20853.13 20854.62
20853.13 20854.62
20851.37 20852.88
20844.14 20845.61
20844.14 20845.61
20845.66 20846.85
20839.13 20840.63
20839.13 20840.63
20839.38 20840.88
20837.89 20839.36
20837.89 20839.36
20836.63 20838.13
20833.88 20835.37
20833.88 20835.37
20832.13 20833.62
20834.38 20835.87
20834.38 20835.87
20830.88 20832.38
20831.14 20832.61
20831.14 20832.61
20827.38 20828.87
20828.68 20829.83
20828.68 20829.83
20828.64 20830.11
20829.88 20831.37
20829.88 20831.37
20829.91 20831.09
20830.38 20831.87
20830.38 20831.87
20832.67 20833.84
20833.64 20835.11
20833.64 20835.11
20834.66 20835.84
20835.13 20836.62
20835.13 20836.62
20833.13 20834.62
20829.38 20830.88
20829.38 20830.88
20832.17 20833.34
20832.17 20833.34
20832.38 20833.88
20833.14 20834.61
20833.14 20834.61
20832.88 20834.38
20830.63 20832.13
20830.63 20832.13
20832.90 20834.60
20831.12 20832.63
20831.12 20832.63
20833.89 20835.36
20834.93 20836.08
20834.93 20836.08
20834.16 20835.84
20835.41 20836.60
20835.41 20836.60
20836.38 20837.87
20830.88 20832.37
20830.88 20832.37
20826.13 20827.63
20824.88 20826.37
20824.88 20826.37
20823.14 20824.61
20821.39 20822.86
20821.39 20822.86
20824.41 20825.60
20824.41 20825.60
20826.39 20827.86
20826.38 20827.87
20826.38 20827.87
20826.41 20827.60
20824.92 20826.08
20824.92 20826.08
20823.63 20825.12
20820.14 20821.61
20821.63 20823.12
20821.63 20823.12
20824.13 20825.63
20824.13 20825.63
20826.13 20827.62
20825.17 20826.33
20825.17 20826.33
20823.68 20824.83
20823.13 20824.63
20823.13 20824.63
20819.13 20820.62
20817.88 20819.37
20817.88 20819.37
20817.89 20819.36
20818.63 20820.13
20818.63 20820.13
20818.88 20820.37
20820.88 20822.37
20820.88 20822.37
20822.64 20824.11
20825.38 20826.87
20825.38 20826.87
20826.88 20828.37
20828.13 20829.62
20828.13 20829.62
20829.13 20830.62
20826.16 20827.34
20826.16 20827.34
20826.67 20827.83
20826.67 20827.83
20828.88 20830.37
20822.37 20823.88
20822.37 20823.88
20822.64 20824.11
20820.38 20821.87
20820.38 20821.87
20819.68 20820.83
20819.13 20820.62
20819.13 20820.62
20821.66 20822.85
20821.66 20822.85
20825.39 20826.86
20824.41 20825.59
20824.41 20825.59
20826.39 20827.86
20823.13 20824.63
20823.13 20824.63
20820.63 20822.12
20822.89 20824.36
20822.89 20824.36
20822.12 20823.63
20819.13 20820.63
20817.63 20819.12
20817.63 20819.12
20819.62 20821.13
20819.62 20821.13
20821.38 20822.87
20820.88 20822.37
20820.88 20822.37
20823.14 20824.61
20824.39 20825.86
20824.39 20825.86
20822.87 20824.38
20819.14 20820.61
20819.14 20820.61
20819.91 20821.10
20818.13 20819.62
20818.13 20819.62
20820.13 20821.62
20820.13 20821.62
20819.14 20820.61
20820.41 20821.60
20821.13 20822.62
20821.13 20822.62
20820.88 20822.37
20820.88 20822.37
20818.88 20820.37
20817.91 20819.10
20817.91 20819.10
20818.18 20819.33
20817.38 20818.87
20817.38 20818.87
20818.13 20819.62
20819.88 20821.37
20819.88 20821.37
20822.41 20823.60
20825.13 20826.63
20825.13 20826.63
20825.88 20827.38
20826.88 20828.37
20826.88 20828.37
20826.38 20827.87
20826.38 20827.87
20827.67 20828.83
20825.91 20827.09
20825.91 20827.09
20825.38 20826.88
20826.12 20827.63
20826.12 20827.63
20827.39 20828.86
20825.88 20827.37
20825.88 20827.37
20823.87 20825.38
20820.14 20821.61
20820.14 20821.61
20822.16 20823.34
20822.13 20823.63
20822.13 20823.63
20826.13 20827.62
20828.13 20829.62
20828.13 20829.62
20828.39 20829.86
20828.66 20829.85
20828.66 20829.85
20826.68 20827.83
20826.68 20827.83
20827.14 20828.61
20827.17 20828.33
20827.17 20828.33
20825.13 20826.63
20825.13 20826.62
20825.13 20826.62
20824.68 20825.83
20824.38 20825.87
20824.38 20825.87
20830.88 20832.37
20829.92 20831.08
20829.92 20831.08
20827.16 20828.34
20825.12 20826.63
20825.12 20826.63
20827.92 20829.08
20829.17 20830.34
20829.17 20830.34
20828.14 20829.61
20828.13 20829.62
20828.13 20829.62
20828.37 20829.88
20828.14 20829.61
20828.14 20829.61
20829.14 20830.61
20834.18 20835.33
20834.18 20835.33
20832.39 20833.86
20831.38 20832.88
20831.38 20832.88
20828.39 20829.86
20828.39 20829.86
20826.88 20828.38
20827.38 20828.87
20823.17 20824.34
20823.17 20824.34
20823.14 20824.61
20821.38 20822.88
20821.38 20822.88
20823.18 20824.33
20824.38 20825.87
20824.38 20825.87
20823.38 20824.87
