20848.14 20849.61
20848.14 20849.61
20853.13 20854.62
20853.13 20854.62
20852.62 20854.13
20851.42 20852.59
20851.42 20852.59
20852.38 20853.87
20851.13 20852.62
20850.17 20851.33
20850.17 20851.33
20847.68 20848.83
20847.68 20848.83
20846.67 20847.83
20845.64 20847.11
20845.64 20847.11
20844.37 20845.88
20846.14 20847.61
20846.14 20847.61
20845.67 20846.83
20846.67 20847.83
20846.67 20847.83
20846.41 20847.59
20846.17 20847.33
20846.17 20847.33
20845.42 20846.58
20845.42 20846.58
20845.14 20846.61
20845.39 20846.86
20844.92 20846.09
20844.92 20846.09
20843.92 20845.08
20843.92 20845.08
20844.63 20846.12
20844.68 20845.83
20844.68 20845.83
20844.13 20845.62
20844.13 20845.62
20840.64 20842.11
20840.66 20841.84
20840.66 20841.84
20840.65 20841.85
20840.87 20842.38
20840.87 20842.38
20840.13 20841.63
20840.13 20841.63
20840.66 20841.84
20841.87 20843.38
20841.87 20843.38
20841.66 20842.84
20843.42 20844.58
20843.42 20844.58
20841.37 20842.88
20841.38 20842.88
20841.38 20842.88
20842.40 20843.60
20841.42 20842.58
20841.42 20842.58
20840.12 20841.63
20842.14 20843.61
20842.14 20843.61
20842.43 20843.58
20842.43 20843.58
20841.91 20843.09
20839.38 20840.88
20839.38 20840.88
20840.14 20841.61
20839.91 20841.10
20839.91 20841.10
20837.15 20838.35
20836.90 20838.10
20836.90 20838.10
20834.89 20836.36
20836.67 20837.84
20836.67 20837.84
20838.89 20840.36
20839.66 20840.84
20839.66 20840.84
20840.38 20841.87
20840.38 20841.87
20838.92 20840.08
20838.38 20839.88
20839.37 20840.88
20839.37 20840.88
20840.67 20841.83
20840.67 20841.83
20840.17 20841.34
20841.17 20842.34
20841.17 20842.34
20840.87 20842.38
20840.87 20842.38
20840.89 20842.36
20842.88 20844.37
20842.88 20844.37
20841.92 20843.08
20840.42 20841.58
20840.42 20841.58
20840.39 20841.86
20840.63 20842.12
20840.63 20842.12
20840.17 20841.33
20840.17 20841.33
20840.62 20842.13
20840.16 20841.34
20840.16 20841.34
20839.67 20840.83
20839.13 20840.62
20839.13 20840.62
20841.17 20842.33
20840.67 20841.83
20840.67 20841.83
20840.66 20841.84
20841.88 20843.38
20841.88 20843.38
20842.39 20843.86
20843.88 20845.38
20843.88 20845.38
20842.62 20844.13
20844.06 20844.69
20844.06 20844.69
20844.41 20845.60
20845.39 20846.86
20845.39 20846.86
20845.66 20846.84
20847.64 20849.11
20847.64 20849.11
20846.90 20848.10
20846.17 20847.33
20846.17 20847.33
20844.16 20845.35
20844.16 20845.35
20844.63 20846.12
20845.37 20846.88
20845.37 20846.88
20846.16 20847.34
20846.16 20847.34
20845.88 20847.37
20848.13 20849.63
20848.13 20849.63
20848.37 20849.88
20848.38 20849.88
20848.38 20849.88
20846.88 20848.38
20848.17 20849.33
20848.17 20849.33
20848.42 20849.58
20848.62 20850.13
20848.62 20850.13
20849.13 20850.62
20850.14 20851.61
20850.14 20851.61
20849.92 20851.08
20848.17 20849.33
20848.17 20849.33
20847.64 20849.11
20848.18 20849.33
20848.18 20849.33
20847.39 20848.86
20847.39 20848.86
20849.37 20850.88
20849.63 20851.13
20849.63 20851.13
20849.42 20850.58
20849.17 20850.34
20849.17 20850.34
20848.62 20850.13
20849.16 20850.34
20849.16 20850.34
20849.12 20850.63
20849.12 20850.63
20848.13 20849.63
20849.16 20850.34
20849.16 20850.34
20849.88 20851.38
20849.63 20851.12
20849.63 20851.12
20850.91 20852.09
20849.67 20850.84
20849.67 20850.84
20848.39 20849.86
20849.06 20849.69
20849.06 20849.69
20844.88 20846.38
20845.39 20846.86
20845.39 20846.86
20847.66 20848.84
20847.66 20848.84
20847.66 20848.84
20847.66 20848.84
20847.91 20849.10
20847.89 20849.36
20847.89 20849.36
20848.13 20849.63
20846.63 20848.12
20846.63 20848.12
20847.89 20849.36
20847.38 20848.87
20847.38 20848.87
20845.13 20846.63
20844.63 20846.13
20844.63 20846.13
20843.88 20845.38
20844.63 20846.12
20844.63 20846.12
20843.67 20844.83
20843.17 20844.33
20843.17 20844.33
20844.18 20845.33
20844.14 20845.61
20844.14 20845.61
20845.91 20847.09
20845.91 20847.09
20846.42 20847.58
20846.42 20847.58
20846.43 20847.58
20846.43 20847.58
20844.87 20846.38
20845.62 20847.13
20845.62 20847.13
20846.14 20847.61
20850.87 20852.38
20850.87 20852.38
20853.89 20855.36
20854.16 20855.35
20854.16 20855.35
20852.65 20853.85
20852.17 20853.33
20852.17 20853.33
20851.42 20852.59
20851.14 20852.61
20851.14 20852.61
20851.16 20852.34
20851.17 20852.34
20851.17 20852.34
20850.88 20852.37
20851.88 20853.37
20851.88 20853.37
20850.93 20852.08
20850.93 20852.08
20850.16 20851.34
20851.38 20852.87
20851.38 20852.87
20852.39 20853.86
20852.64 20854.11
20852.64 20854.11
20853.12 20854.63
20852.42 20853.58
20852.42 20853.58
20853.15 20854.35
20852.13 20853.62
20852.13 20853.62
20854.39 20855.86
20855.17 20856.33
20855.17 20856.33
20856.13 20857.62
20859.89 20861.36
20859.89 20861.36
20860.37 20861.88
20860.37 20861.88
20860.89 20862.36
20861.42 20862.58
20861.42 20862.58
20861.91 20863.09
20861.62 20863.13
20861.62 20863.13
20862.67 20863.83
20861.67 20862.83
20861.67 20862.83
20863.41 20864.59
20867.67 20868.83
20867.67 20868.83
20867.62 20869.13
20867.64 20869.11
20867.64 20869.11
20869.87 20871.38
20867.67 20868.84
20867.67 20868.84
20867.12 20868.63
20866.92 20868.09
20866.92 20868.09
20866.16 20867.35
20865.66 20866.84
20865.66 20866.84
20866.92 20868.08
20867.42 20868.58
20867.42 20868.58
20867.66 20868.84
20868.42 20869.58
20868.42 20869.58
20867.13 20868.63
20865.41 20866.59
20865.41 20866.59
20864.92 20866.08
20864.92 20866.08
20865.93 20867.08
20865.37 20866.88
20865.37 20866.88
20864.64 20866.11
20865.14 20866.61
20865.14 20866.61
20865.63 20867.13
20865.39 20866.86
20865.39 20866.86
20864.88 20866.38
20865.39 20866.86
20865.39 20866.86
20866.13 20867.62
20867.17 20868.34
20867.17 20868.34
20867.66 20868.84
20865.64 20867.11
20865.64 20867.11
20865.13 20866.63
20865.16 20866.34
20865.16 20866.34
20865.16 20866.35
20865.16 20866.35
20865.38 20866.88
20868.16 20869.34
20868.16 20869.34
20869.64 20871.11
20869.14 20870.61
20869.14 20870.61
20868.64 20870.11
20868.88 20870.37
20868.88 20870.37
20869.65 20870.85
20873.39 20874.86
20873.39 20874.86
20879.38 20880.87
20879.38 20880.87
20878.39 20880.11
20878.88 20880.38
20878.88 20880.38
20875.92 20877.08
20875.62 20877.13
20875.62 20877.13
20876.88 20878.38
20876.91 20878.09
20876.91 20878.09
20877.68 20878.83
20876.14 20877.61
20876.14 20877.61
20876.13 20877.63
20877.40 20878.60
20877.40 20878.60
20877.14 20878.61
20877.65 20878.85
20877.65 20878.85
20880.92 20882.08
20879.43 20880.58
20879.43 20880.58
20878.67 20879.84
20878.67 20879.84
20878.39 20879.86
20878.56 20879.19
20881.40 20882.60
20881.40 20882.60
20881.17 20882.33
20881.17 20882.33
20882.16 20883.34
20886.17 20887.33
20886.17 20887.33
20887.13 20888.63
20888.38 20889.88
20888.38 20889.88
20887.93 20889.08
20890.39 20891.86
20890.39 20891.86
20886.63 20888.12
20883.41 20884.59
20883.41 20884.59
20882.17 20883.34
20882.17 20883.34
20884.13 20885.62
20884.63 20886.13
20884.63 20886.13
20885.14 20886.61
20886.41 20887.59
20886.41 20887.59
20885.88 20887.38
20885.42 20886.58
20885.42 20886.58
20885.64 20887.11
20885.92 20887.09
20885.92 20887.09
20886.42 20887.58
20887.18 20888.33
20887.18 20888.33
20888.13 20889.62
20887.92 20889.08
20887.92 20889.08
20888.17 20889.33
20888.17 20889.33
20890.12 20891.63
20890.42 20891.58
20890.42 20891.58
20893.14 20894.61
20892.17 20893.33
20892.17 20893.33
20889.92 20891.08
20893.17 20894.33
20893.17 20894.33
20892.17 20893.33
20889.39 20890.86
20889.39 20890.86
20891.89 20893.36
20890.18 20891.33
20890.18 20891.33
20889.17 20890.34
20887.63 20889.13
20887.63 20889.13
20890.66 20891.84
20890.91 20892.09
20890.91 20892.09
20889.67 20890.83
20889.43 20890.58
20889.43 20890.58
20888.91 20890.09
20884.63 20886.12
20884.63 20886.12
20883.90 20885.10
20883.90 20885.10
20886.67 20887.84
20887.42 20888.58
20887.42 20888.58
20888.90 20890.10
20889.66 20890.84
20889.92 20891.09
20889.92 20891.09
20888.14 20889.61
20888.14 20889.61
20888.37 20889.88
20888.41 20889.59
20888.41 20889.59
20888.64 20890.11
20888.13 20889.63
20888.13 20889.63
20887.13 20888.62
20889.87 20891.38
20889.87 20891.38
20891.67 20892.83
20890.18 20891.33
20890.18 20891.33
20889.62 20891.13
20890.67 20891.83
20890.67 20891.83
20890.38 20891.88
20890.12 20891.63
20890.12 20891.63
20889.93 20891.08
20890.91 20892.09
20890.91 20892.09
20887.62 20889.13
20887.67 20888.83
20887.67 20888.83
20884.67 20885.83
20884.67 20885.83
20883.88 20885.37
20880.91 20882.09
20880.91 20882.09
20881.41 20882.59
20879.91 20881.09
20879.91 20881.09
20880.88 20882.37
20879.67 20880.84
20879.67 20880.84
20880.14 20881.61
20880.92 20882.08
20880.92 20882.08
20881.64 20883.11
20881.17 20882.33
20881.17 20882.33
20880.62 20882.13
20881.16 20882.34
20881.16 20882.34
20881.67 20882.83
20881.67 20882.83
20879.89 20881.36
20879.89 20881.36
20880.06 20880.69
20882.17 20883.33
20882.17 20883.33
20885.17 20886.33
20885.64 20887.11
20885.64 20887.11
20885.88 20887.38
20886.38 20887.87
20886.38 20887.87
20887.14 20888.61
20886.89 20888.36
20886.89 20888.36
20886.42 20887.58
20886.17 20887.33
20886.17 20887.33
20886.42 20887.58
20887.16 20888.34
20887.16 20888.34
20889.13 20890.62
20890.41 20891.59
20890.41 20891.59
20890.63 20892.13
20890.63 20892.13
20890.89 20892.36
20890.89 20892.36
20891.14 20892.61
20891.14 20892.61
20890.66 20891.84
20893.12 20894.63
20893.12 20894.63
20894.12 20895.63
20894.12 20895.63
20892.66 20893.84
20892.39 20893.86
20892.39 20893.86
20893.42 20894.59
20890.92 20892.08
20890.63 20892.13
20890.63 20892.13
20889.91 20891.09
20889.91 20891.09
20886.67 20887.84
20887.87 20889.38
20887.87 20889.38
20891.67 20892.83
20891.67 20892.83
20893.17 20894.33
20893.14 20894.61
20893.14 20894.61
20893.38 20894.87
20893.65 20894.85
20893.65 20894.85
20892.17 20893.33
20892.39 20893.86
20892.39 20893.86
20892.16 20893.34
20891.90 20893.10
20891.90 20893.10
20892.38 20893.88
20891.87 20893.38
20891.87 20893.38
20891.14 20892.61
20890.88 20892.38
20890.88 20892.38
20892.13 20893.62
20892.13 20893.62
20892.62 20894.13
20889.16 20890.35
20888.89 20890.36
20888.89 20890.36
20888.16 20889.34
20888.16 20889.34
20886.14 20887.61
20883.92 20885.09
20883.92 20885.09
20879.89 20881.36
20880.62 20882.13
20880.92 20882.08
20880.92 20882.08
20881.67 20882.83
20881.67 20882.83
20882.39 20883.86
20882.14 20883.61
20882.14 20883.61
20882.12 20883.63
20882.63 20884.12
20882.63 20884.12
20883.42 20884.59
20883.39 20884.86
20883.39 20884.86
20882.43 20883.58
20881.63 20883.13
20881.63 20883.13
20883.65 20884.85
20883.65 20884.85
20882.64 20884.11
20882.64 20884.11
20882.63 20884.13
20883.38 20884.87
20883.38 20884.87
20881.17 20882.34
20881.39 20882.86
20881.39 20882.86
20880.42 20881.58
20879.31 20879.94
20879.31 20879.94
20882.12 20883.63
20882.12 20883.63
20882.12 20883.63
20882.14 20883.61
20882.14 20883.61
20882.14 20883.61
20881.38 20882.88
20881.38 20882.88
20883.63 20885.12
20883.92 20885.09
20883.92 20885.09
20884.42 20885.58
20883.62 20885.13
20883.62 20885.13
20886.63 20888.12
20887.66 20888.84
20887.66 20888.84
20888.38 20889.87
20890.66 20891.84
20890.66 20891.84
20891.39 20892.86
20891.89 20893.36
20891.89 20893.36
20891.63 20893.12
20891.63 20893.12
20891.42 20892.59
20891.14 20892.61
20891.14 20892.61
20890.89 20892.36
20891.66 20892.84
20891.66 20892.84
20890.64 20892.11
20890.38 20891.87
20890.38 20891.87
20890.67 20891.83
20890.37 20891.88
20890.37 20891.88
20890.67 20891.84
