21007.91 21009.09
21007.91 21009.09
21006.64 21008.11
21006.64 21008.11
21006.64 21008.11
21006.64 21008.11
21006.64 21008.11
21005.87 21007.38
21005.92 21007.08
21005.92 21007.08
21004.66 21005.84
21004.66 21005.84
21004.66 21005.84
21005.89 21007.36
21005.89 21007.36
21005.89 21007.36
21006.42 21007.59
21006.42 21007.59
21008.17 21009.34
21008.17 21009.34
21008.14 21009.61
21008.14 21009.61
21008.14 21009.61
21008.16 21009.35
21008.16 21009.35
21008.67 21009.83
21008.67 21009.83
21009.91 21011.09
21008.88 21010.37
21008.88 21010.37
21008.38 21009.87
21008.38 21009.87
21008.17 21009.33
21008.17 21009.33
21007.66 21008.85
21007.16 21008.34
21007.16 21008.34
21006.67 21007.83
21006.65 21007.85
21006.65 21007.85
21007.16 21008.34
21007.16 21008.34
21007.16 21008.34
21006.89 21008.36
21007.39 21009.11
21007.39 21009.11
21007.39 21009.11
21007.92 21009.08
21007.92 21009.08
21007.92 21009.08
21007.92 21009.08
21007.92 21009.08
21007.92 21009.08
21007.92 21009.08
21006.89 21008.36
21007.41 21008.59
21007.41 21008.59
21006.88 21008.37
21006.88 21008.37
21007.06 21007.69
21003.88 21005.37
21003.88 21005.37
21004.41 21005.59
21004.41 21005.59
21004.42 21005.58
21004.42 21005.58
21004.41 21005.59
21004.63 21006.12
21004.63 21006.12
21004.63 21006.12
21004.63 21006.12
21004.67 21005.83
21004.67 21005.83
21004.66 21005.84
21004.66 21005.84
21004.66 21005.84
21004.55 21005.20
21004.38 21005.87
21004.38 21005.87
21005.14 21006.61
21005.14 21006.61
21005.14 21006.61
21005.31 21005.94
21006.05 21006.70
21006.05 21006.70
21006.05 21006.70
21005.38 21006.87
21007.81 21008.44
21007.81 21008.44
21007.42 21008.58
21007.42 21008.58
21007.14 21008.61
21007.14 21008.61
21007.06 21007.69
21006.80 21007.45
21006.80 21007.45
21006.80 21007.45
21006.81 21007.44
21006.81 21007.44
21006.81 21007.44
21006.81 21007.44
21006.67 21007.83
21006.67 21007.83
21006.41 21007.59
21006.41 21007.59
21006.17 21007.33
21006.17 21007.33
21006.16 21007.34
21006.16 21007.34
21005.88 21007.37
21005.88 21007.37
21005.88 21007.37
21005.88 21007.37
21005.88 21007.37
21005.88 21007.37
21006.42 21007.58
21006.42 21007.58
21006.16 21007.34
21006.16 21007.34
21006.88 21008.37
21006.88 21008.37
21007.41 21008.59
21007.41 21008.59
21006.88 21008.37
21006.88 21008.37
21006.88 21008.37
21006.66 21007.84
21006.66 21007.84
21006.66 21007.84
21006.16 21007.34
21006.42 21007.58
21006.42 21007.58
21006.42 21007.58
21005.38 21006.87
21005.38 21006.87
21005.38 21006.87
21005.88 21007.37
21005.88 21007.37
21006.41 21007.59
21006.41 21007.59
21006.41 21007.59
21006.41 21007.59
21006.41 21007.59
21006.41 21007.59
21006.13 21007.62
21006.13 21007.62
21005.64 21007.11
21006.13 21007.62
21006.13 21007.62
21006.13 21007.62
21006.13 21007.62
21006.13 21007.62
21006.13 21007.62
21006.14 21007.61
21006.14 21007.61
21006.14 21007.61
21006.42 21007.59
21006.42 21007.59
21006.16 21007.34
21006.16 21007.34
21006.16 21007.34
21006.17 21007.33
21006.17 21007.33
21006.17 21007.33
21006.16 21007.35
21006.17 21007.33
21006.17 21007.33
21005.41 21006.60
21005.91 21007.09
21005.91 21007.09
21007.16 21008.34
21007.16 21008.34
21007.63 21009.12
21007.63 21009.12
21007.63 21009.12
21007.63 21009.12
21008.17 21009.33
21008.55 21009.20
21008.55 21009.20
21007.88 21009.37
21007.88 21009.37
21007.88 21009.37
21007.88 21009.37
21008.16 21009.34
21007.14 21008.61
21007.14 21008.61
21007.14 21008.61
21007.14 21008.61
21007.41 21008.60
21007.41 21008.60
21007.41 21008.60
21007.41 21008.59
21007.41 21008.59
21008.67 21009.83
21009.16 21010.34
21009.16 21010.34
21008.90 21010.10
21008.90 21010.10
21004.41 21005.59
21004.41 21005.59
21004.41 21005.59
21005.42 21006.58
21005.42 21006.58
21005.66 21006.84
21005.66 21006.84
21005.66 21006.84
21005.63 21007.12
21005.63 21007.12
21005.81 21006.44
21004.41 21005.59
21004.41 21005.59
21003.88 21005.37
21003.88 21005.37
21003.91 21005.09
21003.91 21005.09
21003.91 21005.09
21002.15 21003.35
21002.15 21003.35
21002.15 21003.35
21002.41 21003.59
21000.66 21001.84
21000.66 21001.84
21000.66 21001.84
21000.64 21002.11
21001.81 21002.44
21000.88 21002.37
21000.88 21002.37
21001.13 21002.62
21001.13 21002.62
21001.67 21002.83
21001.67 21002.83
21001.62 21003.13
21001.15 21002.35
21001.15 21002.35
21000.63 21002.12
21000.63 21002.12
21000.89 21002.36
21001.67 21002.84
21001.67 21002.84
21001.38 21002.87
20999.91 21001.09
20999.91 21001.09
21000.14 21001.61
21000.14 21001.61
21000.41 21001.59
21000.41 21001.59
21000.42 21001.58
20997.30 20997.95
20997.30 20997.95
20997.88 20999.37
20997.88 20999.37
20998.42 20999.58
20998.64 21000.11
20998.64 21000.11
20998.67 20999.83
20998.67 20999.83
20998.66 20999.84
20998.66 20999.84
20998.66 20999.84
20998.66 20999.84
20998.80 20999.45
20999.16 21000.34
20999.16 21000.34
20999.63 21001.12
20999.63 21001.12
21000.56 21001.19
21000.56 21001.19
21000.56 21001.19
20999.41 21000.59
20999.41 21000.59
20997.39 20998.86
20997.39 20998.86
20998.41 20999.59
20998.41 20999.59
20998.66 20999.84
20998.66 20999.84
20999.64 21001.11
20999.64 21001.11
20999.89 21001.36
21000.13 21001.62
21000.13 21001.62
20998.91 21000.09
20998.91 21000.09
20998.91 21000.09
20998.62 21000.13
20998.62 21000.13
20999.64 21001.11
20999.64 21001.11
20999.81 21000.44
20999.81 21000.44
20998.38 20999.87
20997.88 20999.37
20997.88 20999.37
20997.81 20998.44
20997.81 20998.44
20997.81 20998.44
20998.17 20999.33
20998.17 20999.33
20998.41 20999.60
20998.89 21000.36
20998.89 21000.36
21000.66 21001.84
21000.41 21001.59
21000.41 21001.59
