20980.28 20982.22
20980.28 20982.22
20980.28 20982.22
20980.63 20982.12
20980.63 20982.12
20980.64 20982.11
20981.88 20983.37
20981.88 20983.37
20981.68 20982.83
20981.68 20982.83
20981.68 20982.83
20981.65 20983.35
20981.65 20983.35
20981.67 20982.84
20981.67 20982.84
20981.14 20982.61
20981.14 20982.61
20980.91 20982.59
20980.91 20982.59
20980.91 20982.59
20980.91 20982.59
20980.39 20981.86
20980.39 20981.86
20980.39 20981.86
20980.40 20982.10
20980.40 20982.10
20980.40 20982.10
20980.38 20981.88
20980.38 20981.88
20980.38 20981.88
20980.38 20981.88
20980.38 20981.88
20980.39 20981.86
20980.18 20981.33
20980.18 20981.33
20980.18 20981.33
20980.18 20981.33
20978.93 20980.08
20978.93 20980.08
20978.93 20980.08
20978.92 20980.09
20979.62 20981.13
20979.62 20981.13
20979.66 20980.84
20978.38 20979.88
20978.38 20979.88
20978.14 20979.61
20978.14 20979.61
20978.66 20979.84
20978.66 20979.84
20979.66 20980.84
20978.66 20979.84
20978.66 20979.84
20977.23 20979.03
20976.88 20978.38
20976.88 20978.38
20976.22 20978.03
20976.22 20978.03
20976.23 20978.03
20976.23 20978.03
20976.40 20978.10
20976.40 20978.10
20976.92 20978.09
20976.92 20978.09
20977.89 20979.61
20977.89 20979.36
20977.89 20979.36
20977.91 20979.59
20977.91 20979.60
20977.91 20979.60
20977.91 20979.60
20977.91 20979.60
20977.91 20979.60
20977.91 20979.60
20977.91 20979.60
20977.91 20979.60
20979.17 20980.34
20979.37 20980.88
20979.37 20980.88
20979.90 20981.61
20979.90 20981.61
20980.12 20981.63
20979.41 20981.09
20979.41 20981.09
20979.66 20981.34
20980.38 20981.88
20980.38 20981.88
20980.38 20981.88
20979.89 20981.61
20979.89 20981.61
20980.13 20981.62
20980.13 20981.62
20980.63 20982.12
20980.41 20981.59
20980.41 20981.59
20980.41 20981.59
20979.63 20981.12
20979.64 20981.36
20979.64 20981.36
20979.63 20981.13
20979.63 20981.13
20979.63 20981.13
20980.64 20982.11
20980.64 20982.11
20980.64 20982.11
20980.65 20981.85
20979.63 20981.12
20979.63 20981.12
20978.66 20980.35
20978.66 20980.35
20978.66 20979.84
20978.66 20979.84
20978.43 20979.58
20978.67 20979.84
20978.67 20979.84
20978.66 20979.84
20978.66 20979.84
20979.37 20980.88
20979.39 20980.86
20979.39 20980.86
20979.39 20980.86
20979.42 20980.59
20978.63 20980.12
20978.63 20980.12
20978.63 20980.12
20978.38 20979.87
20978.38 20979.87
20978.16 20979.34
20978.16 20979.34
20978.23 20980.03
20978.23 20980.03
20978.21 20980.04
20978.14 20979.61
20978.14 20979.61
20978.14 20979.61
20978.40 20980.10
20978.40 20980.10
20978.40 20980.10
20978.40 20980.10
20978.40 20980.10
20978.40 20980.10
20978.39 20980.11
20978.39 20980.11
20978.39 20979.86
20979.66 20981.35
20979.66 20981.35
20979.66 20981.35
20979.64 20981.36
20979.39 20981.11
20979.39 20981.11
20978.12 20979.63
20978.12 20979.63
20978.88 20980.38
20978.88 20980.38
20978.88 20980.38
20978.93 20980.08
20978.93 20980.08
20978.39 20979.86
20978.39 20979.86
20978.39 20979.86
20979.66 20980.84
20980.42 20981.59
20980.42 20981.59
20980.42 20981.59
20980.38 20981.87
20980.38 20981.87
20980.38 20981.87
20981.39 20982.86
20981.39 20982.86
20981.39 20982.86
20981.41 20982.59
20981.41 20982.59
20981.14 20982.61
20981.14 20982.61
20981.89 20983.36
20981.89 20983.36
20981.89 20983.36
20981.91 20983.09
20981.91 20983.09
20981.91 20983.09
20981.66 20982.84
20981.12 20982.63
20981.12 20982.63
20981.12 20982.63
20981.16 20982.35
20981.16 20982.35
20981.16 20982.34
20981.16 20982.34
20981.41 20982.59
20981.41 20982.59
20981.41 20982.59
20981.56 20982.20
20981.56 20982.20
20981.56 20982.20
20981.16 20982.34
20981.16 20982.34
20981.67 20982.84
20981.67 20982.84
20981.67 20982.84
20981.91 20983.09
20981.91 20983.09
20983.91 20985.09
20983.91 20985.09
20984.16 20985.34
20983.67 20984.84
20983.67 20984.84
20982.92 20984.09
20982.92 20984.09
20983.39 20984.86
20983.39 20984.86
20984.31 20984.94
20984.31 20984.94
20983.12 20984.63
20983.12 20984.63
20984.31 20984.94
20983.91 20985.09
20983.91 20985.09
20983.13 20984.63
20983.13 20984.63
20983.14 20984.61
20983.14 20984.61
20983.91 20985.09
20983.91 20985.09
20983.91 20985.09
20983.91 20985.09
20983.91 20985.09
20984.42 20985.59
20984.42 20985.59
20985.67 20986.84
20985.67 20986.84
20985.67 20986.84
20985.13 20986.62
20985.13 20986.62
20986.66 20987.84
20986.66 20987.84
20987.06 20987.69
20987.06 20987.69
20986.87 20988.38
20986.87 20988.38
20987.13 20988.63
20987.13 20988.63
20987.16 20988.34
20987.16 20988.34
20987.16 20988.34
20986.89 20988.61
20986.89 20988.61
20987.56 20988.20
20987.56 20988.20
20987.39 20988.86
20986.39 20987.86
20986.39 20987.86
20985.90 20987.10
20985.90 20987.10
20986.39 20987.86
20986.39 20987.86
20986.66 20987.84
20986.66 20987.85
20986.66 20987.85
20986.13 20987.62
20986.13 20987.62
20986.41 20987.59
20986.41 20987.60
20986.41 20987.60
20986.62 20988.13
20986.62 20988.13
20986.62 20988.13
20986.64 20988.11
20987.56 20988.19
20987.56 20988.19
20989.16 20990.34
20989.16 20990.34
20990.06 20990.69
20990.06 20990.69
20990.38 20991.88
20990.38 20991.88
20990.89 20992.61
20990.89 20992.61
20991.64 20993.11
20991.64 20993.11
20992.80 20993.45
20992.80 20993.45
20993.31 20993.94
20995.16 20996.34
20995.16 20996.34
20994.91 20996.09
20994.91 20996.09
20994.63 20996.12
20994.63 20996.12
20994.31 20994.94
20993.64 20995.11
20993.64 20995.11
20992.64 20994.11
20992.64 20994.36
20992.64 20994.36
20991.64 20993.11
20991.64 20993.11
20991.66 20992.84
20992.31 20992.94
20992.31 20992.94
20992.31 20992.94
20992.31 20992.94
20991.14 20992.86
20991.14 20992.86
20991.67 20992.83
20991.81 20992.44
20991.81 20992.44
20992.56 20993.19
20992.88 20994.37
20992.88 20994.37
20993.16 20994.34
20993.16 20994.34
20992.89 20994.36
20992.89 20994.36
20992.64 20994.36
20992.64 20994.36
20992.64 20994.36
20992.64 20994.36
20992.42 20993.59
20992.41 20993.59
20992.41 20993.59
20993.06 20993.69
20992.68 20993.83
20992.68 20993.83
20992.68 20993.83
20993.41 20994.59
20993.41 20994.59
20992.64 20994.11
20992.64 20994.11
20993.23 20995.03
20994.06 20994.69
20994.06 20994.69
20994.37 20995.88
20994.37 20995.88
20994.37 20995.88
20994.38 20995.87
20993.72 20995.53
20993.72 20995.53
20993.53 20995.47
20993.53 20995.47
20993.53 20995.47
20993.03 20994.98
20993.14 20994.61
20993.14 20994.61
20993.14 20994.61
20993.39 20994.86
20993.39 20994.86
20993.71 20995.54
20992.28 20994.22
20992.28 20994.22
