20789.89 20791.36
20789.89 20791.36
20789.38 20790.87
20789.38 20790.87
20791.16 20792.34
20793.67 20794.83
20793.67 20794.83
20794.12 20795.63
20795.14 20796.61
20795.14 20796.61
20794.13 20795.62
20792.88 20794.38
20792.88 20794.38
20796.16 20797.34
20794.42 20795.58
20794.42 20795.58
20793.67 20794.83
20789.37 20790.88
20789.37 20790.88
20787.42 20788.58
20786.66 20787.84
20786.66 20787.84
20787.41 20788.59
20787.41 20788.59
20788.91 20790.09
20790.16 20791.34
20790.16 20791.34
20789.16 20790.84
20789.39 20790.86
20789.39 20790.86
20791.17 20792.33
20794.63 20796.13
20794.63 20796.13
20793.42 20794.58
20792.93 20794.08
20792.93 20794.08
20793.38 20794.88
20793.38 20794.88
20797.39 20798.86
20798.90 20800.10
20798.90 20800.10
20796.92 20798.08
20795.13 20796.63
20795.13 20796.63
20796.81 20797.44
20796.81 20797.44
20794.66 20795.84
20793.67 20794.83
20793.67 20794.83
20793.64 20795.11
20793.17 20794.34
20793.17 20794.34
20791.88 20793.37
20791.64 20793.11
20791.64 20793.11
20793.14 20794.61
20792.13 20793.62
20792.13 20793.62
20793.88 20795.37
20792.88 20794.37
20792.88 20794.37
20793.42 20794.58
20793.42 20794.58
20793.12 20794.63
20793.12 20794.63
20793.12 20794.63
20794.64 20796.11
20794.39 20795.86
20794.39 20795.86
20793.62 20795.13
20793.87 20795.38
20793.87 20795.38
20792.92 20794.09
20791.89 20793.36
20791.89 20793.36
20793.13 20794.63
20791.14 20792.61
20791.14 20792.61
20792.38 20793.88
20793.42 20794.58
20793.42 20794.58
20798.91 20800.09
20797.67 20798.83
20797.67 20798.83
20799.38 20800.87
20800.12 20801.63
20800.12 20801.63
20802.92 20804.08
20803.90 20805.10
20803.90 20805.10
20801.89 20803.36
20799.63 20801.12
20799.63 20801.12
20797.41 20798.59
20797.38 20798.88
20797.38 20798.88
20797.13 20798.63
20795.92 20797.08
20795.92 20797.08
20794.67 20795.83
20794.67 20795.83
20794.67 20795.83
20794.63 20796.13
20796.39 20797.86
20796.39 20797.86
20797.42 20798.58
20797.13 20798.62
20797.13 20798.62
20796.37 20797.88
20795.91 20797.09
20795.91 20797.09
20795.64 20797.11
20795.64 20797.11
20796.68 20797.83
20795.16 20796.34
20795.16 20796.34
20792.64 20794.11
20794.38 20795.88
20794.38 20795.88
20795.67 20796.83
20799.64 20801.11
20799.64 20801.11
20799.16 20800.84
20799.87 20801.38
20799.87 20801.38
20801.39 20802.86
20800.13 20801.62
20800.13 20801.62
20800.14 20801.61
20800.14 20801.61
20800.17 20801.33
20800.92 20802.08
20800.92 20802.08
20798.14 20799.61
20798.14 20799.61
20799.67 20800.83
20796.39 20797.86
20796.39 20797.86
20797.91 20799.09
20797.64 20799.11
20798.38 20799.87
20798.38 20799.87
20798.63 20800.12
20798.63 20800.12
20800.14 20801.61
20800.39 20801.86
20800.39 20801.86
20799.13 20800.63
20796.39 20797.86
20796.39 20797.86
20796.65 20797.85
20796.89 20798.36
20796.89 20798.36
20796.64 20798.11
20797.62 20799.13
20797.62 20799.13
20799.14 20800.61
20798.41 20799.59
20798.41 20799.59
20799.91 20801.10
20799.91 20801.10
20801.18 20802.33
20799.13 20800.63
20797.39 20798.86
20797.39 20798.86
20798.63 20800.12
20798.63 20800.12
20799.12 20800.63
20798.88 20800.37
20798.88 20800.37
20796.64 20798.11
20796.67 20797.83
20796.67 20797.83
20800.14 20801.61
20800.87 20802.38
20800.87 20802.38
20804.93 20806.08
20803.92 20805.08
20803.92 20805.08
20802.12 20803.63
20802.12 20803.63
20804.13 20805.62
20801.41 20802.59
20801.41 20802.59
20804.67 20805.83
20805.17 20806.34
20805.17 20806.34
20803.13 20804.63
20804.88 20806.37
20804.88 20806.37
20805.42 20806.59
20804.38 20805.87
20804.38 20805.87
20804.88 20806.38
20805.88 20807.38
20805.88 20807.38
20806.92 20808.08
20807.13 20808.63
20807.13 20808.63
20805.92 20807.08
20802.38 20803.88
20802.38 20803.88
20803.64 20805.11
20804.62 20806.13
20804.62 20806.13
20805.92 20807.08
20805.39 20806.86
20805.39 20806.86
20805.12 20806.63
20805.12 20806.63
20803.16 20804.34
20803.16 20804.34
20804.89 20806.36
20805.39 20806.86
20805.39 20806.86
20809.14 20810.61
20809.14 20810.61
20808.91 20810.10
20806.87 20808.38
20806.87 20808.38
20806.88 20808.37
20808.13 20809.63
20808.13 20809.63
20809.81 20810.44
20808.66 20809.84
20808.66 20809.84
20809.89 20811.36
20809.89 20811.36
20811.42 20812.58
20810.88 20812.38
20809.91 20811.09
20809.91 20811.09
20810.13 20811.63
20810.88 20812.38
20810.88 20812.38
20810.89 20812.36
20810.89 20812.36
20811.12 20812.63
20811.14 20812.61
20811.14 20812.61
20811.39 20812.86
20810.88 20812.37
20810.88 20812.37
20809.68 20810.83
20811.63 20813.12
20811.63 20813.12
20811.88 20813.37
20814.89 20816.36
20814.89 20816.36
20814.63 20816.12
20812.87 20814.38
20812.87 20814.38
20810.68 20811.83
20810.14 20811.61
20810.14 20811.61
20812.38 20813.87
20812.38 20813.87
20807.42 20808.58
20805.89 20807.36
20805.89 20807.36
20804.38 20805.88
20802.65 20803.85
20802.65 20803.85
20803.64 20805.11
20804.17 20805.33
20804.17 20805.33
20808.14 20809.61
20808.68 20809.83
20808.68 20809.83
20809.38 20810.87
20811.16 20812.34
20811.16 20812.34
20813.16 20814.34
20814.42 20815.58
20814.42 20815.58
20814.64 20816.11
20814.92 20816.08
20814.92 20816.08
20812.67 20813.83
20814.17 20815.33
20814.17 20815.33
20814.92 20816.09
20814.37 20815.88
20814.37 20815.88
20815.37 20816.88
20813.63 20815.13
20813.63 20815.13
20812.64 20814.11
20812.64 20814.11
20811.39 20812.86
20813.64 20815.11
20813.64 20815.11
20818.92 20820.08
20816.42 20817.58
20816.42 20817.58
20818.17 20819.33
20818.13 20819.63
20818.13 20819.63
20814.16 20815.34
20811.64 20813.11
20811.64 20813.11
20811.12 20812.63
20811.67 20812.83
20811.67 20812.83
20812.14 20813.61
20812.13 20813.63
20812.13 20813.63
20811.37 20812.88
20812.16 20813.34
20812.16 20813.34
20813.39 20814.86
20813.39 20814.86
20812.87 20814.38
20808.64 20810.11
20808.64 20810.11
20808.16 20809.34
20807.12 20808.63
20807.12 20808.63
20806.67 20807.83
20807.42 20808.58
20807.42 20808.58
20806.88 20808.37
20809.12 20810.63
20809.12 20810.63
20808.13 20809.62
20807.64 20809.11
20807.64 20809.11
20807.89 20809.36
20810.64 20812.11
20810.64 20812.11
20810.38 20811.88
20810.38 20811.88
20810.17 20811.33
20808.63 20810.13
20808.63 20810.13
20809.67 20810.83
20809.39 20810.86
20809.39 20810.86
20812.92 20814.09
20812.38 20813.88
20812.38 20813.88
20815.64 20817.11
20818.39 20819.86
20818.39 20819.86
20818.42 20819.58
20817.90 20819.10
20817.90 20819.10
20818.89 20820.36
20820.40 20821.60
20820.40 20821.60
20821.31 20821.94
20820.42 20821.58
20820.42 20821.58
20821.67 20822.83
20822.37 20823.88
20822.37 20823.88
20823.92 20825.09
20821.14 20822.61
20821.14 20822.61
20818.64 20820.11
20818.62 20820.13
20818.62 20820.13
20815.66 20816.84
20815.43 20816.58
20815.43 20816.58
20814.67 20815.83
20814.67 20815.83
20813.63 20815.13
20813.63 20815.13
20814.62 20816.13
20813.63 20815.12
20812.87 20814.38
20812.87 20814.38
20812.39 20813.86
20812.39 20813.86
20812.91 20814.09
20814.43 20815.58
20814.43 20815.58
20814.40 20815.60
20814.40 20815.60
20812.88 20814.38
20813.12 20814.63
20813.12 20814.63
20813.92 20815.09
20811.88 20813.38
20811.88 20813.38
20812.92 20814.08
20812.39 20813.86
20812.39 20813.86
20812.68 20813.83
20812.13 20813.63
20812.13 20813.63
20812.87 20814.38
20812.89 20814.36
20812.89 20814.36
20812.38 20813.87
20811.12 20812.63
20811.12 20812.63
20812.16 20813.34
20811.92 20813.08
20811.92 20813.08
20812.89 20814.36
20812.89 20814.36
20813.17 20814.33
20814.62 20816.13
20814.62 20816.13
20814.88 20816.37
20815.37 20816.88
20815.37 20816.88
20813.66 20814.85
20813.63 20815.12
20813.63 20815.12
20813.64 20815.11
20813.64 20815.11
20812.63 20814.12
20813.43 20814.58
20813.43 20814.58
20812.63 20814.12
20814.17 20815.34
20814.17 20815.34
20814.42 20815.58
20814.42 20815.58
20813.13 20814.62
20816.16 20817.34
20816.16 20817.34
20813.88 20815.38
20815.64 20817.11
20815.64 20817.11
20814.67 20815.83
20814.14 20815.61
20814.14 20815.61
20813.88 20815.38
20815.88 20817.38
20815.88 20817.38
20814.67 20815.83
20814.92 20816.08
20814.92 20816.08
20811.89 20813.36
20813.17 20814.33
20813.17 20814.33
20813.64 20815.11
20814.67 20815.84
20814.67 20815.84
20812.13 20813.63
20813.63 20815.12
20813.63 20815.12
20814.89 20816.36
20814.14 20815.61
20814.14 20815.61
20813.88 20815.37
20814.38 20815.87
20814.38 20815.87
20813.17 20814.33
20813.17 20814.33
20813.42 20814.58
20811.88 20813.37
20811.88 20813.37
20814.64 20816.11
20817.63 20819.12
20817.63 20819.12
20817.91 20819.09
20817.38 20818.88
20817.38 20818.88
20818.13 20819.63
20818.13 20819.63
20818.13 20819.63
20818.63 20820.13
20818.63 20820.13
20821.17 20822.33
20820.14 20821.61
20817.88 20819.38
20817.88 20819.38
20819.63 20821.12
20819.63 20821.12
20820.13 20821.63
20824.89 20826.36
20824.89 20826.36
20829.92 20831.08
20828.16 20829.34
20828.16 20829.34
20828.41 20829.59
20830.91 20832.10
20830.91 20832.10
20830.17 20831.34
20828.41 20829.59
20828.41 20829.59
20828.42 20829.58
20826.39 20827.86
20826.39 20827.86
20827.16 20828.34
20829.68 20830.83
20829.68 20830.83
20828.12 20829.63
20828.12 20829.63
20829.17 20830.34
20827.91 20829.09
20827.91 20829.09
20827.40 20828.60
20826.66 20827.84
20826.66 20827.84
20827.17 20828.33
20827.17 20828.33
20825.67 20826.84
20825.67 20826.84
20825.67 20826.84
20826.37 20827.88
20824.67 20825.83
20824.67 20825.83
20825.41 20826.59
20826.66 20827.84
20826.66 20827.84
20830.30 20830.95
20831.93 20833.08
20831.93 20833.08
20831.67 20832.83
20833.92 20835.08
20833.92 20835.08
20835.66 20836.84
20835.87 20837.38
20835.87 20837.38
20834.42 20835.58
20832.18 20833.33
20832.18 20833.33
20831.16 20832.34
20831.16 20832.34
20833.91 20835.09
20833.40 20834.60
20833.40 20834.60
20832.66 20833.84
20832.66 20833.84
20832.14 20833.61
20830.88 20832.37
20830.88 20832.37
20831.38 20832.88
20831.67 20832.83
20831.67 20832.83
20828.67 20829.83
20828.67 20829.83
20830.89 20832.36
20829.67 20830.84
20829.89 20831.36
20829.89 20831.36
20829.41 20830.59
20829.41 20830.59
20827.64 20829.11
20825.92 20827.09
20825.92 20827.09
20826.13 20827.62
20825.68 20826.83
20825.68 20826.83
20826.17 20827.33
20825.66 20826.84
20825.66 20826.84
20825.92 20827.08
20827.41 20828.59
20827.41 20828.59
20827.92 20829.08
20828.13 20829.62
20828.13 20829.62
20826.17 20827.33
20826.17 20827.33
20828.13 20829.62
20830.17 20831.33
20830.17 20831.33
20829.88 20831.38
20831.16 20832.35
20831.16 20832.35
20831.67 20832.83
20833.38 20834.88
20833.38 20834.88
20835.67 20836.83
20836.68 20837.83
20836.68 20837.83
20836.38 20837.88
20836.38 20837.88
20835.89 20837.36
20837.67 20838.83
20837.67 20838.83
20835.91 20837.09
20835.17 20836.34
20835.17 20836.34
20835.67 20836.84
20835.67 20836.84
20834.17 20835.33
20836.16 20837.34
20836.16 20837.34
20835.89 20837.36
20834.89 20836.36
20834.89 20836.36
20836.17 20837.34
20836.17 20837.34
20835.14 20836.61
20834.92 20836.08
20834.92 20836.08
20833.17 20834.33
20834.64 20836.11
20834.64 20836.11
20832.89 20834.36
20834.66 20835.85
20834.66 20835.85
20835.62 20837.13
20836.89 20838.36
20836.89 20838.36
20835.64 20837.11
20835.64 20837.11
20835.64 20837.11
20834.39 20835.86
20835.17 20836.34
20835.17 20836.34
20835.14 20836.61
20835.92 20837.08
20835.92 20837.08
20834.88 20836.37
20832.91 20834.10
20832.91 20834.10
20830.17 20831.33
20832.14 20833.61
20832.14 20833.61
20833.92 20835.08
20832.38 20833.88
20832.38 20833.88
20832.64 20834.11
20832.64 20834.11
20831.92 20833.08
