20834.87 20836.38
20834.87 20836.38
20837.13 20838.63
20837.13 20838.63
20836.63 20838.13
20836.41 20837.59
20836.41 20837.59
20834.38 20835.88
20835.67 20836.83
20835.67 20836.83
20833.16 20834.34
20835.41 20836.59
20835.41 20836.59
20835.14 20836.61
20835.14 20836.61
20835.14 20836.61
20835.14 20836.61
20833.89 20835.36
20833.89 20835.36
20833.66 20834.85
20832.66 20833.84
20832.66 20833.84
20831.92 20833.08
20831.92 20833.08
20828.68 20829.83
20828.68 20829.83
20830.16 20831.34
20829.63 20831.12
20829.63 20831.12
20829.88 20831.38
20827.63 20829.13
20827.63 20829.13
20828.39 20829.86
20828.13 20829.63
20828.13 20829.63
20826.13 20827.63
20826.13 20827.63
20826.39 20827.86
20828.92 20830.08
20828.92 20830.08
20829.67 20830.83
20829.39 20830.86
20829.39 20830.86
20829.66 20830.84
20829.12 20830.63
20829.12 20830.63
20829.92 20831.08
20830.15 20831.35
20830.15 20831.35
20830.41 20831.59
20830.41 20831.59
20829.66 20830.85
20829.93 20831.08
20829.93 20831.08
20829.64 20831.11
20830.13 20831.62
20830.13 20831.62
20830.38 20831.88
20828.43 20829.58
20828.43 20829.58
20828.87 20830.38
20828.92 20830.09
20828.92 20830.09
20828.87 20830.38
20827.87 20829.38
20827.87 20829.38
20827.92 20829.09
20828.64 20830.11
20828.64 20830.11
20825.64 20827.11
20823.89 20825.36
20823.89 20825.36
20823.42 20824.58
20824.17 20825.34
20824.17 20825.34
20822.66 20823.84
20822.88 20824.37
20822.88 20824.37
20824.13 20825.62
20822.56 20823.19
20822.56 20823.19
20821.92 20823.09
20821.92 20823.08
20821.92 20823.08
20823.17 20824.34
20823.31 20823.94
20823.31 20823.94
20822.39 20823.86
20823.39 20824.86
20823.39 20824.86
20822.88 20824.37
20822.89 20824.36
20822.89 20824.36
20824.62 20826.13
20822.37 20823.88
20822.37 20823.88
20824.16 20825.34
20821.89 20823.36
20821.89 20823.36
20818.89 20820.36
20817.92 20819.08
20817.92 20819.08
20820.63 20822.12
20820.63 20822.12
20821.13 20822.63
20818.63 20820.13
20818.63 20820.13
20818.38 20819.88
20819.41 20820.59
20819.41 20820.59
20818.63 20820.12
20818.64 20820.11
20818.64 20820.11
20820.18 20821.33
20819.91 20821.10
20819.91 20821.10
20819.39 20820.86
20819.39 20820.86
20819.39 20820.86
20819.87 20821.38
20820.30 20820.95
20820.30 20820.95
20818.87 20820.38
20819.91 20821.10
20819.91 20821.10
20820.13 20821.62
20821.93 20823.08
20821.93 20823.08
20820.91 20822.09
20820.91 20822.09
20823.17 20824.34
20822.62 20824.13
20822.62 20824.13
20822.64 20824.11
20823.64 20825.11
20823.64 20825.11
20822.41 20823.59
20821.92 20823.08
20821.92 20823.08
20820.64 20822.11
20821.37 20822.88
20821.37 20822.88
20821.67 20822.83
20821.67 20822.83
20822.91 20824.09
20822.91 20824.09
20822.42 20823.58
20822.90 20824.10
20822.90 20824.10
20821.63 20823.12
20822.39 20823.86
20822.39 20823.86
20821.37 20822.88
20821.42 20822.59
20821.42 20822.59
20821.38 20822.87
20822.67 20823.83
20822.67 20823.83
20821.14 20822.61
20819.13 20820.62
20819.13 20820.62
20819.68 20820.83
20822.63 20824.13
20822.63 20824.13
20823.67 20824.83
20822.92 20824.08
20822.92 20824.08
20825.67 20826.83
20825.18 20826.33
20825.18 20826.33
20825.16 20826.34
20825.16 20826.34
20826.89 20828.36
20827.92 20829.08
20827.92 20829.08
20828.38 20829.87
20829.14 20830.61
20829.14 20830.61
20830.17 20831.33
20833.88 20835.38
20833.88 20835.38
20833.37 20834.88
20835.41 20836.59
20835.41 20836.59
20836.39 20837.86
20836.81 20837.44
20836.81 20837.44
20838.65 20839.85
20838.55 20839.20
20838.55 20839.20
20839.39 20840.86
20838.88 20840.37
20838.88 20840.37
20839.42 20840.58
20836.92 20838.08
20836.92 20838.08
20839.13 20840.63
20839.91 20841.09
20839.91 20841.09
20839.67 20840.83
20837.88 20839.37
20837.88 20839.37
20838.88 20840.38
20838.88 20840.38
20839.13 20840.63
20839.41 20840.59
20839.41 20840.59
20839.91 20841.09
20838.87 20840.38
20838.87 20840.38
20839.17 20840.33
20837.67 20838.83
20837.67 20838.83
20838.15 20839.35
20836.89 20838.36
20836.89 20838.36
20838.17 20839.33
20838.17 20839.33
20838.17 20839.33
20837.64 20839.11
20837.64 20839.11
20837.66 20838.84
20832.88 20834.37
20832.88 20834.37
20830.88 20832.37
20831.63 20833.13
20831.63 20833.13
20832.62 20834.13
20832.42 20833.58
20832.42 20833.58
20834.66 20835.85
20834.67 20835.84
20834.67 20835.84
20834.64 20836.11
20833.63 20835.13
20833.63 20835.13
20834.88 20836.37
20834.81 20835.44
20834.81 20835.44
20835.39 20836.86
20836.43 20837.58
20836.43 20837.58
20837.88 20839.38
20837.63 20839.13
20837.63 20839.13
20837.63 20839.12
20838.43 20839.58
20838.43 20839.58
20837.67 20838.83
20838.93 20840.08
20838.93 20840.08
20839.67 20840.83
20839.67 20840.83
20840.05 20840.70
20840.39 20841.86
20840.39 20841.86
20839.91 20841.09
20838.67 20839.83
20838.67 20839.83
20835.38 20836.88
20835.16 20836.34
20835.16 20836.34
20835.12 20836.63
20836.92 20838.08
20836.92 20838.08
20836.92 20838.09
20837.88 20839.38
20837.88 20839.38
20839.64 20841.11
20839.63 20841.13
20839.63 20841.13
20841.13 20842.62
20840.67 20841.83
20840.67 20841.83
20840.41 20841.59
20840.41 20841.59
20840.39 20841.86
20839.89 20841.36
20839.89 20841.36
20839.18 20840.33
20840.41 20841.59
20840.41 20841.59
20841.16 20842.34
20842.13 20843.63
20842.13 20843.63
20841.87 20843.38
20840.14 20841.61
20840.14 20841.61
20840.41 20841.59
20839.92 20841.08
20839.92 20841.08
20838.64 20840.11
20837.12 20838.63
20837.12 20838.63
20839.42 20840.59
20839.42 20840.59
20838.87 20840.38
20838.87 20840.38
20839.65 20840.85
20843.14 20844.61
20843.14 20844.61
20844.12 20845.63
20844.63 20846.13
20844.63 20846.13
20843.13 20844.62
20842.16 20843.34
20842.16 20843.34
20840.92 20842.08
20840.92 20842.08
20840.92 20842.08
20841.42 20842.59
20841.17 20842.34
20841.17 20842.34
20840.12 20841.63
20840.92 20842.08
20840.92 20842.08
20841.38 20842.88
20841.38 20842.88
20841.38 20842.88
20839.39 20840.86
20842.41 20843.60
20842.41 20843.60
20841.40 20842.60
20840.89 20842.36
20840.89 20842.36
20840.80 20841.45
20841.12 20842.63
20841.64 20843.11
20841.64 20843.11
20846.17 20847.33
20846.17 20847.33
20849.13 20850.63
20848.68 20849.83
20848.68 20849.83
20846.38 20847.88
20846.38 20847.88
20846.92 20848.08
20845.38 20846.88
20845.38 20846.88
20848.12 20849.63
20844.12 20845.63
20844.12 20845.63
20843.41 20844.59
20845.14 20846.61
20845.14 20846.61
20843.64 20845.11
20843.64 20845.11
20843.66 20844.84
20844.92 20846.08
20844.92 20846.08
20843.92 20845.08
20842.16 20843.34
20842.16 20843.34
20842.14 20843.61
20842.64 20844.11
20842.64 20844.11
20843.16 20844.34
20841.13 20842.63
20841.13 20842.63
20842.16 20843.34
20841.14 20842.61
20841.14 20842.61
20840.13 20841.63
20840.13 20841.63
20840.63 20842.12
20838.13 20839.62
20838.13 20839.62
20838.91 20840.09
20840.17 20841.34
20840.17 20841.34
20839.90 20841.61
20839.89 20841.36
20839.89 20841.36
20840.39 20841.86
20838.13 20839.62
20838.13 20839.62
20838.81 20839.44
20839.89 20841.36
20839.89 20841.36
20838.92 20840.09
20839.90 20841.10
20839.90 20841.10
20838.87 20840.38
20839.64 20841.11
20839.64 20841.11
20839.67 20840.83
20839.67 20840.83
20841.17 20842.33
20841.17 20842.33
20839.42 20840.58
20839.38 20840.87
20839.38 20840.87
20839.41 20840.59
20839.41 20840.59
20837.92 20839.08
20837.63 20839.12
20837.63 20839.12
20836.62 20838.13
20838.64 20840.11
20838.64 20840.11
20837.89 20839.36
20834.55 20835.20
20834.55 20835.20
20834.87 20836.38
20833.66 20834.84
20833.66 20834.84
20832.39 20833.86
20832.39 20833.86
20832.43 20833.58
20832.39 20833.86
20832.39 20833.86
20829.66 20830.85
20830.42 20831.58
20830.42 20831.58
20831.39 20832.86
20830.67 20831.83
20830.67 20831.83
20832.12 20833.63
20832.12 20833.63
20835.88 20837.38
20837.41 20838.59
20837.41 20838.59
20836.87 20838.38
20837.89 20839.36
20837.89 20839.36
20837.39 20838.86
20837.62 20839.13
20837.62 20839.13
20837.64 20839.11
20837.89 20839.36
20837.89 20839.36
20836.67 20837.83
20838.12 20839.63
20838.12 20839.63
20837.92 20839.08
20837.92 20839.08
20839.62 20841.13
20839.87 20841.38
20839.87 20841.38
20839.63 20841.13
20840.88 20842.37
20840.88 20842.37
20839.91 20841.10
20839.91 20841.10
20839.17 20840.33
20839.67 20840.83
20839.67 20840.83
20839.13 20840.63
20840.93 20842.08
20840.93 20842.08
20839.17 20840.33
20838.92 20840.08
20838.92 20840.08
20839.16 20840.34
20839.16 20840.34
20839.89 20841.36
20841.38 20842.87
20841.38 20842.87
20841.14 20842.61
20836.62 20838.13
20836.62 20838.13
20836.63 20838.12
20836.64 20838.11
20836.64 20838.11
20837.38 20838.87
20837.38 20838.87
20838.67 20839.83
20840.12 20841.63
20840.12 20841.63
20840.88 20842.38
20841.12 20842.63
20841.12 20842.63
20840.88 20842.37
20843.87 20845.38
20843.87 20845.38
20842.39 20843.86
20843.39 20844.86
20843.39 20844.86
20843.16 20844.35
20842.65 20843.85
20842.65 20843.85
20843.14 20844.61
20843.14 20844.61
20843.16 20844.34
20843.92 20845.08
20843.92 20845.08
20845.55 20846.20
20845.55 20846.20
20846.14 20847.61
20843.66 20844.84
20842.66 20843.84
20842.66 20843.84
20842.12 20843.63
20842.12 20843.63
20841.87 20843.38
20842.42 20843.59
20842.42 20843.59
20843.16 20844.34
20844.66 20845.85
20844.66 20845.85
20844.42 20845.58
20844.42 20845.58
20843.16 20844.35
20844.41 20845.59
20844.41 20845.59
20845.13 20846.62
20844.12 20845.63
20842.17 20843.33
20842.17 20843.33
20842.92 20844.09
20842.92 20844.09
20841.62 20843.13
20838.17 20839.34
20838.17 20839.34
20839.89 20841.36
20839.89 20841.36
20840.12 20841.63
20840.67 20841.83
20840.67 20841.83
20840.17 20841.33
20839.92 20841.08
20839.92 20841.08
20840.63 20842.13
20840.63 20842.13
20840.88 20842.38
20841.63 20843.13
20841.63 20843.13
20842.62 20844.13
20845.63 20847.12
20845.63 20847.12
20844.67 20845.83
20844.67 20845.83
20846.91 20848.10
20846.92 20848.08
20846.92 20848.08
20847.67 20848.83
20847.67 20848.83
20849.92 20851.08
20849.67 20850.83
20849.67 20850.83
20849.92 20851.08
20851.67 20852.83
20851.67 20852.83
20851.62 20853.13
20850.89 20852.36
20850.89 20852.36
20851.14 20852.61
20851.14 20852.61
20851.13 20852.62
20850.63 20852.13
20850.63 20852.13
20847.64 20849.11
20846.67 20847.83
20846.67 20847.83
20846.67 20847.83
20848.16 20849.34
20848.16 20849.34
20847.63 20849.13
20847.92 20849.08
20847.92 20849.08
20847.87 20849.38
20848.43 20849.58
20848.43 20849.58
20846.55 20847.20
20846.55 20847.20
20849.17 20850.33
20850.42 20851.58
20850.42 20851.58
20850.88 20852.38
20852.18 20853.33
20852.18 20853.33
20857.64 20859.11
20862.05 20862.70
20862.05 20862.70
20862.41 20863.59
20860.39 20861.86
20860.39 20861.86
20859.92 20861.08
20859.38 20860.88
20859.38 20860.88
20861.67 20862.84
20858.88 20860.38
20858.88 20860.38
20858.39 20859.86
20858.39 20859.86
20856.42 20857.58
20855.87 20857.38
20855.87 20857.38
20857.14 20858.61
20856.64 20858.11
20856.16 20857.35
20856.16 20857.35
20854.43 20855.58
20854.43 20855.58
20852.67 20853.83
20850.92 20852.09
20850.92 20852.09
20848.88 20850.38
20848.42 20849.58
20848.42 20849.58
20851.39 20852.86
20851.39 20852.86
20852.67 20853.83
20852.67 20853.83
20851.63 20853.13
20853.87 20855.38
20853.87 20855.38
20852.39 20853.86
20850.92 20852.08
20850.92 20852.08
20850.64 20852.11
20847.93 20849.08
20847.93 20849.08
20850.64 20852.11
20850.66 20851.85
20850.66 20851.85
20850.31 20850.94
20850.31 20850.94
20850.17 20851.33
20851.67 20852.83
20851.67 20852.83
20851.38 20852.87
20849.13 20850.62
20849.13 20850.62
20847.66 20848.85
