21009.87 21011.38
21009.87 21011.38
21012.05 21012.70
21012.05 21012.70
21012.05 21012.70
21011.81 21012.44
21009.66 21010.84
21009.66 21010.84
21010.88 21012.37
21011.13 21012.62
21011.13 21012.62
21011.39 21012.86
21011.39 21012.86
21009.66 21010.84
21009.67 21010.83
21009.67 21010.83
21008.41 21010.09
21008.41 21010.09
21007.88 21009.37
21007.63 21009.12
21007.63 21009.12
21006.62 21008.13
21007.13 21008.62
21007.13 21008.62
21008.13 21009.62
21008.13 21009.62
21006.64 21008.11
21007.38 21008.87
21007.39 21008.86
21007.39 21008.86
21006.89 21008.36
21006.89 21008.36
21006.66 21007.84
21006.66 21007.84
21004.37 21005.88
21004.37 21005.88
21006.38 21007.87
21008.91 21010.09
21008.91 21010.09
21008.37 21009.88
21009.14 21010.61
21009.14 21010.61
21012.63 21014.12
21014.13 21015.62
21014.13 21015.62
21014.14 21015.61
21014.14 21015.61
21013.64 21015.11
21013.64 21015.11
21012.63 21014.12
21012.63 21014.12
21012.63 21014.12
21011.13 21012.62
21011.14 21012.61
21011.14 21012.61
21011.66 21012.84
21011.66 21012.84
21012.39 21013.86
21012.38 21013.87
21012.38 21013.87
21012.38 21013.87
21011.88 21013.37
21012.66 21013.84
21012.66 21013.84
21012.17 21013.33
21012.17 21013.33
21012.41 21013.59
21012.41 21013.59
21012.63 21014.12
21012.63 21014.12
21012.89 21014.36
21012.89 21014.36
21012.39 21013.86
21012.39 21013.86
21012.39 21013.86
21012.39 21013.86
21010.91 21012.09
21010.91 21012.09
21007.67 21008.84
21007.67 21008.84
21008.13 21009.62
21008.13 21009.62
21008.55 21009.20
21008.55 21009.20
21008.67 21009.83
21008.63 21010.12
21008.63 21010.12
21006.14 21007.61
21006.14 21007.61
21006.13 21007.62
21006.41 21007.59
21006.41 21007.59
21005.62 21007.13
21005.62 21007.13
21005.41 21006.59
21005.91 21007.09
21005.91 21007.09
21006.31 21006.94
21006.31 21006.94
21005.41 21007.10
21005.41 21007.10
21005.67 21006.83
21005.67 21006.83
21005.37 21006.88
21005.41 21006.60
21005.41 21006.60
21005.41 21006.60
21005.67 21006.83
21005.67 21006.83
21005.63 21007.12
21006.41 21007.59
21006.41 21007.59
21006.66 21007.84
21006.66 21007.84
21005.63 21007.12
21005.87 21007.38
21005.87 21007.38
21005.67 21006.83
21005.67 21006.83
21005.91 21007.09
21005.91 21007.09
21005.91 21007.09
21005.91 21007.09
21005.91 21007.09
21005.67 21006.84
21006.13 21007.62
21006.13 21007.62
21005.14 21006.61
21005.14 21006.61
21005.88 21007.37
21005.91 21007.09
21005.91 21007.09
21006.42 21007.59
21006.63 21008.12
21006.63 21008.12
21006.63 21008.12
21006.63 21008.12
21007.31 21007.94
21007.31 21007.94
21007.66 21008.84
21007.42 21008.59
21007.42 21008.59
21007.80 21008.45
21007.38 21008.87
21007.38 21008.87
21007.38 21008.87
21007.66 21008.84
21007.66 21008.84
21007.64 21009.11
21007.92 21009.09
21007.64 21009.11
21007.64 21009.11
21007.66 21008.84
21007.66 21008.84
21007.80 21008.45
21007.62 21009.13
21007.62 21009.13
21007.62 21009.13
21007.87 21009.38
21008.16 21009.34
21008.16 21009.34
21007.16 21008.34
21009.15 21010.35
21009.15 21010.35
21010.39 21011.86
21011.42 21012.58
21011.42 21012.58
21012.62 21014.13
21012.62 21014.13
21012.39 21013.86
21012.42 21013.58
21012.42 21013.58
21012.66 21013.85
21012.66 21013.85
21012.67 21013.83
21013.42 21014.58
21013.42 21014.58
21013.80 21014.45
21011.42 21012.58
21011.42 21012.58
21011.42 21012.58
21010.41 21012.09
21010.17 21011.33
21010.17 21011.33
21009.92 21011.08
21009.92 21011.08
21009.92 21011.08
21010.39 21011.86
21010.39 21011.86
21010.64 21012.11
21010.30 21010.95
21010.30 21010.95
21011.12 21012.63
21011.12 21012.63
21011.41 21012.60
21011.41 21012.60
21011.41 21012.60
21011.42 21012.59
21011.17 21012.33
21011.17 21012.33
21010.63 21012.12
21010.88 21012.37
21010.88 21012.37
21011.63 21013.12
21012.66 21013.84
21012.66 21013.84
21014.87 21016.38
21014.87 21016.38
21014.63 21016.12
21013.67 21014.83
21013.67 21014.83
21012.66 21013.84
21012.64 21014.11
21012.64 21014.11
21012.92 21014.09
21014.16 21015.34
21014.16 21015.34
21014.16 21015.34
21013.89 21015.36
21013.89 21015.36
21013.42 21014.58
21013.42 21014.58
21013.66 21014.84
21013.66 21014.84
21012.16 21013.35
21011.39 21012.86
21011.39 21012.86
21011.41 21012.59
21011.41 21012.59
21010.42 21011.58
21010.41 21011.59
21010.41 21011.59
21009.16 21010.34
21009.42 21010.59
21009.42 21010.59
21008.55 21009.20
21008.17 21009.33
21008.17 21009.33
21008.17 21009.33
21007.53 21009.48
21009.14 21010.61
21009.14 21010.61
21007.63 21009.12
21007.63 21009.12
21007.87 21009.38
21005.67 21006.83
21005.67 21006.83
21005.38 21006.87
21005.13 21006.62
21005.13 21006.62
21004.17 21005.33
21004.67 21005.83
21004.67 21005.83
21005.31 21005.94
21003.88 21005.37
21003.88 21005.37
21005.66 21006.84
21005.66 21006.85
21005.66 21006.85
21003.67 21004.83
21003.67 21004.83
21004.63 21006.12
21004.90 21006.60
21004.90 21006.60
21004.87 21006.38
21004.87 21006.38
21005.66 21006.84
21004.89 21006.36
21004.89 21006.36
21006.88 21008.37
21008.62 21010.13
21008.62 21010.13
21008.62 21010.13
21009.66 21010.84
21009.66 21010.84
21009.41 21010.59
21009.41 21010.59
21009.17 21010.33
21009.16 21010.34
21009.16 21010.34
21008.66 21009.84
21008.16 21009.34
21008.16 21009.34
21009.38 21010.87
21010.38 21011.87
21010.38 21011.87
21010.13 21011.62
21010.63 21012.12
21011.91 21013.10
21011.91 21013.10
21011.88 21013.37
21012.16 21013.34
21012.16 21013.34
21012.67 21013.83
21012.67 21013.83
21012.40 21013.60
21012.40 21013.60
21012.67 21013.84
21012.67 21013.83
21012.67 21013.83
21014.38 21015.87
21013.17 21014.33
21013.17 21014.33
21013.88 21015.37
