20889.23 20891.03
20889.23 20891.03
20889.23 20891.03
20886.38 20888.62
20885.71 20887.54
20885.71 20887.54
20885.66 20887.35
20885.66 20887.35
20885.03 20886.97
20886.23 20888.03
20886.23 20888.03
20886.03 20887.98
20886.03 20887.97
20886.03 20887.97
20886.78 20888.72
20886.78 20888.72
20887.22 20889.03
20887.22 20889.03
20887.48 20889.28
20887.47 20889.28
20887.47 20889.28
20887.47 20889.28
20887.47 20889.28
20887.47 20889.28
20887.48 20889.28
20887.48 20889.28
20886.23 20888.03
20886.23 20888.03
20883.71 20885.54
20883.71 20885.54
20882.90 20884.60
20882.90 20884.60
20882.97 20884.78
20882.97 20884.78
20882.98 20884.78
20882.98 20884.78
20882.97 20884.78
20882.97 20884.78
20883.03 20884.98
20883.03 20884.98
20883.03 20884.98
20883.03 20884.98
20883.08 20885.17
20883.08 20885.17
20883.13 20885.37
20883.13 20885.37
20883.03 20884.97
20883.03 20884.97
20882.96 20884.79
20882.96 20884.79
20882.96 20884.79
20883.03 20884.98
20883.03 20884.98
20883.03 20884.98
20883.58 20885.67
20883.58 20885.67
20883.53 20885.48
20883.53 20885.48
20882.97 20884.78
20884.78 20886.72
20884.78 20886.72
20884.78 20886.72
20884.78 20886.72
20885.08 20887.17
20885.28 20887.23
20885.28 20887.22
20885.28 20887.22
20884.78 20886.73
20884.78 20886.73
20884.78 20886.73
20884.78 20886.73
20884.78 20886.73
20884.78 20886.73
20884.78 20886.73
20884.78 20886.73
20884.78 20886.73
20885.39 20886.86
20885.39 20886.86
20885.39 20886.86
20885.28 20887.23
20885.28 20887.23
20885.41 20887.10
20885.08 20887.17
20885.08 20887.17
20885.08 20887.17
20885.47 20887.28
20885.47 20887.28
20885.66 20887.34
20885.66 20887.34
20885.66 20887.34
20885.78 20887.72
20885.72 20887.53
20885.72 20887.53
20885.46 20887.29
20885.46 20887.29
20885.41 20887.10
20885.41 20887.10
20885.41 20887.10
20885.78 20887.72
20885.97 20887.78
20885.97 20887.78
20885.91 20887.60
20885.91 20887.60
20885.66 20887.35
20885.66 20887.35
20886.03 20887.97
20885.98 20887.78
20886.78 20888.73
20886.78 20888.73
20886.78 20888.73
20887.22 20889.03
20887.22 20889.03
20887.21 20889.04
20887.21 20889.04
20887.21 20889.04
20887.28 20889.23
20887.63 20889.87
20887.63 20889.87
20890.78 20892.73
20890.78 20892.73
20890.91 20892.59
20890.91 20892.59
20889.97 20891.78
20889.97 20891.78
20890.53 20892.48
20890.53 20892.48
20890.53 20892.48
20890.33 20892.42
20890.33 20892.42
20890.22 20892.03
20890.22 20892.03
20889.98 20891.78
20889.98 20891.78
20887.58 20889.67
20887.58 20889.67
20887.22 20889.03
20887.22 20889.03
20887.22 20889.03
20887.14 20888.86
20887.14 20888.86
20886.28 20888.22
20886.28 20888.22
20886.48 20888.28
20886.48 20888.28
20886.53 20888.47
20886.53 20888.47
20886.23 20888.03
20886.23 20888.03
20886.23 20888.03
20886.88 20889.12
20886.88 20889.12
20886.33 20888.42
20886.21 20888.04
20886.21 20888.04
20886.28 20888.23
20885.16 20886.84
20885.16 20886.84
20885.23 20887.03
20885.23 20887.03
20885.16 20886.84
20885.16 20886.84
20885.16 20886.84
20885.23 20887.03
20885.23 20887.03
20885.23 20887.03
20885.23 20887.03
20885.46 20887.29
20885.46 20887.29
20885.46 20887.29
20885.46 20887.29
20885.46 20887.29
20885.47 20887.28
20885.47 20887.28
20885.58 20887.67
20885.58 20887.67
20886.03 20887.97
20886.03 20887.97
20886.03 20887.97
20886.22 20888.03
20886.22 20888.03
20886.28 20888.22
20886.28 20888.22
20887.53 20889.47
20887.53 20889.47
20887.53 20889.47
20887.53 20889.47
20887.03 20888.98
20887.03 20888.98
20887.28 20889.22
20889.16 20890.85
20889.16 20890.85
20888.98 20890.78
20888.98 20890.78
20888.98 20890.78
20888.98 20890.78
20889.23 20891.03
20889.23 20891.03
20890.71 20892.54
20890.71 20892.54
20890.71 20892.54
20891.37 20893.89
20891.37 20893.89
20890.73 20892.53
20890.73 20892.53
20890.73 20892.53
20890.73 20892.53
20890.72 20892.53
20891.03 20892.98
20891.03 20892.98
20891.53 20893.48
20891.53 20893.48
20891.47 20893.28
20891.47 20893.28
20890.73 20892.53
20890.97 20892.78
20890.97 20892.78
20890.97 20892.78
20890.97 20892.78
20890.63 20892.13
20890.63 20892.13
20890.63 20892.13
20890.63 20892.13
20890.63 20892.13
20890.63 20892.13
20890.63 20892.13
20890.66 20892.35
20890.66 20892.35
20890.66 20892.35
20889.23 20891.03
20889.23 20891.03
20889.23 20891.03
20889.33 20891.42
20889.33 20891.42
20889.28 20891.22
20889.33 20891.42
20889.33 20891.42
20888.58 20890.67
20888.58 20890.67
20888.58 20890.67
20888.58 20890.67
20888.58 20890.67
20888.58 20890.67
20888.58 20890.67
20888.58 20890.67
20889.89 20891.36
20891.28 20893.23
20891.28 20893.23
20891.28 20893.23
20891.53 20893.48
20891.53 20893.48
20891.78 20893.73
20891.78 20893.73
20892.15 20893.86
20892.22 20894.03
20892.22 20894.03
20891.58 20893.67
20891.58 20893.67
20890.78 20892.73
20890.78 20892.73
20891.03 20892.97
20890.83 20892.92
20890.83 20892.92
20891.33 20893.42
20891.33 20893.42
20891.33 20893.42
20890.48 20892.28
20890.48 20892.28
20890.48 20892.28
20890.48 20892.28
20890.48 20892.28
20890.48 20892.28
20890.48 20892.28
20890.72 20892.53
20890.72 20892.53
20890.72 20892.53
20891.16 20892.85
20891.16 20892.85
20891.13 20893.37
20891.13 20893.37
20891.13 20893.37
20891.91 20893.60
20891.91 20893.60
20891.91 20893.60
20891.91 20893.60
20891.91 20893.60
20891.91 20893.60
20891.91 20893.60
20892.66 20894.35
20892.66 20894.35
20892.03 20893.97
20892.03 20893.97
20891.87 20893.38
20891.87 20893.38
20891.40 20893.11
20892.56 20893.19
20892.56 20893.19
20892.56 20893.19
20891.66 20893.35
20892.22 20894.03
20892.22 20894.03
20892.22 20894.03
20892.22 20894.03
20891.58 20893.67
20891.58 20893.67
20891.48 20893.28
20891.48 20893.28
20891.47 20893.28
20891.47 20893.28
20891.47 20893.28
20891.47 20893.28
20891.47 20893.28
20891.03 20892.97
20891.03 20892.97
20890.46 20892.29
20890.46 20892.29
20891.53 20893.48
20891.53 20893.48
20891.58 20893.67
20891.58 20893.67
20891.58 20893.67
20891.58 20893.67
20891.58 20893.67
20891.58 20893.67
20891.58 20893.67
20892.22 20894.03
20893.41 20895.09
20893.41 20895.09
20893.41 20895.09
20893.41 20895.09
20893.41 20895.09
20893.41 20895.10
20893.41 20895.10
20893.41 20895.10
20892.53 20894.47
20892.53 20894.47
20892.73 20894.53
20892.73 20894.53
20892.73 20894.53
20893.14 20894.86
20893.14 20894.86
20893.14 20894.86
20892.72 20894.53
20892.97 20894.78
20892.97 20894.78
20892.97 20894.78
20893.16 20894.84
20893.16 20894.84
20893.16 20894.84
20893.16 20894.84
20893.23 20895.03
20893.23 20895.03
20892.03 20893.97
20892.03 20893.97
20892.03 20893.97
20892.03 20893.97
20891.89 20893.36
20891.89 20893.36
20893.28 20895.23
20893.28 20895.23
20893.97 20895.78
20893.78 20895.73
20893.78 20895.73
20893.78 20895.73
20893.08 20895.17
20893.08 20895.17
20893.08 20895.17
20893.08 20895.17
20892.97 20894.78
20892.47 20894.28
20892.47 20894.28
20892.47 20894.28
20892.47 20894.28
20892.28 20894.23
20892.28 20894.23
20891.78 20893.73
20891.78 20893.73
20892.03 20893.97
20892.03 20893.97
20891.72 20893.53
20891.72 20893.53
20891.72 20893.53
20891.72 20893.53
20891.72 20893.53
20891.72 20893.53
20891.66 20893.35
20891.66 20893.35
20891.66 20893.35
20891.89 20893.36
20891.89 20893.36
20891.89 20893.36
20891.89 20893.36
20891.89 20893.36
20892.15 20893.86
20892.15 20893.86
20892.15 20893.86
20892.15 20893.86
20892.15 20893.86
20892.67 20893.83
20892.67 20893.83
20892.67 20893.83
20892.67 20893.83
20892.41 20894.09
20892.41 20894.09
20892.53 20894.47
20892.53 20894.47
20892.53 20894.47
20892.53 20894.47
20892.47 20894.28
20890.72 20892.53
20890.72 20892.53
20890.78 20892.73
20890.78 20892.73
20890.78 20892.73
20890.78 20892.73
20888.23 20890.03
20888.23 20890.03
20888.22 20890.03
20886.97 20888.78
20886.97 20888.78
20886.73 20888.53
20886.98 20888.78
20886.98 20888.78
20886.53 20888.47
20886.53 20888.47
20886.71 20888.54
20886.71 20888.54
20886.71 20888.54
20886.71 20888.54
20886.97 20888.78
20886.97 20888.78
20884.47 20886.28
20884.53 20886.48
20884.53 20886.48
20884.53 20886.48
20884.53 20886.48
20884.53 20886.48
20884.48 20886.28
20884.97 20886.78
20884.97 20886.78
20885.03 20886.97
20885.03 20886.97
20885.03 20886.97
20884.97 20886.78
20884.97 20886.78
20884.47 20886.28
20884.47 20886.28
20884.38 20886.62
20884.38 20886.62
20886.58 20888.67
20886.58 20888.67
20886.58 20888.67
20885.78 20887.73
20885.78 20887.73
20886.28 20888.23
20884.53 20886.48
20884.53 20886.48
20881.97 20883.78
20881.97 20883.78
20881.97 20883.78
20881.73 20883.53
20882.97 20884.78
20882.97 20884.78
20882.88 20884.38
20882.88 20884.38
20882.88 20884.38
20882.63 20884.87
20882.63 20884.87
20882.53 20884.47
20882.53 20884.47
20882.53 20884.47
20882.91 20884.60
20882.91 20884.60
20882.96 20884.79
20882.96 20884.79
20882.96 20884.79
20882.66 20884.35
20881.08 20883.17
20881.08 20883.17
20879.28 20881.23
20879.28 20881.23
20879.53 20881.48
20879.96 20881.79
20879.96 20881.79
20880.28 20882.22
20881.78 20883.73
20881.78 20883.73
20882.22 20884.03
20882.22 20884.03
20882.22 20884.03
20882.22 20884.03
20882.23 20884.03
20882.23 20884.03
20882.28 20884.23
20882.66 20884.35
20882.66 20884.35
20882.66 20884.35
20882.46 20884.29
20882.46 20884.29
20882.46 20884.29
20882.47 20884.28
20882.47 20884.28
20882.47 20884.28
20882.47 20884.28
20882.41 20884.09
20882.65 20884.36
20882.65 20884.36
20882.78 20884.73
20882.78 20884.73
20882.78 20884.73
20882.78 20884.73
20883.16 20884.84
20883.16 20884.84
20882.78 20884.73
20882.78 20884.73
20882.78 20884.73
20882.97 20884.78
20880.28 20882.22
20880.28 20882.22
20880.53 20882.47
20880.53 20882.47
20880.53 20882.48
20880.53 20882.48
20880.53 20882.48
20880.53 20882.48
20880.53 20882.48
20880.47 20882.28
20880.47 20882.28
20880.47 20882.28
20880.47 20882.28
20880.47 20882.28
20880.47 20882.28
20880.78 20882.73
20880.78 20882.73
20880.98 20882.78
20880.98 20882.78
20883.08 20885.17
20883.08 20885.17
20881.16 20882.84
20881.16 20882.84
20881.16 20882.84
20881.03 20882.98
20881.03 20882.98
20880.96 20882.79
20880.96 20882.79
20880.97 20882.78
20880.97 20882.78
20880.98 20882.78
20880.98 20882.78
20880.90 20882.60
20880.90 20882.60
20880.90 20882.60
20880.41 20882.10
20880.41 20882.10
20879.72 20881.53
20879.72 20881.53
20880.78 20882.72
20880.78 20882.72
20880.78 20882.72
20880.78 20882.72
20880.78 20882.72
20880.47 20882.28
20880.47 20882.28
20880.47 20882.28
20880.78 20882.72
20880.78 20882.73
20880.78 20882.73
20880.73 20882.53
20880.73 20882.53
20880.78 20882.73
20880.78 20882.73
20880.78 20882.73
20880.78 20882.73
20880.97 20882.78
20880.97 20882.78
20881.03 20882.98
20881.03 20882.98
20880.47 20882.28
20880.47 20882.28
20880.33 20882.42
20880.33 20882.42
20880.33 20882.42
20880.33 20882.42
20880.33 20882.42
20880.33 20882.42
20879.88 20882.12
20879.88 20882.12
20878.73 20880.53
20878.73 20880.53
20878.73 20880.53
20879.90 20881.10
20879.90 20881.10
20878.90 20880.10
20878.90 20880.10
20878.66 20880.34
20878.66 20880.34
20878.47 20880.28
20878.47 20880.28
20878.98 20880.78
20878.98 20880.78
20879.08 20881.17
20879.28 20881.23
20879.28 20881.23
20879.53 20881.48
20879.53 20881.48
20878.83 20880.92
20878.83 20880.92
20879.41 20881.09
20879.41 20881.09
20879.41 20881.09
20879.53 20881.47
20879.53 20881.47
20879.73 20881.53
20879.71 20881.54
20879.71 20881.54
20879.71 20881.54
20879.71 20881.54
20879.53 20881.47
20879.46 20881.29
20879.46 20881.29
20879.46 20881.29
20879.47 20881.28
20879.47 20881.28
