20746.87 20748.38
20746.87 20748.38
20746.65 20748.36
20746.65 20748.36
20746.47 20748.28
20748.64 20750.11
20748.64 20750.11
20749.14 20750.86
20749.14 20750.86
20748.23 20750.03
20748.23 20750.03
20747.46 20749.29
20749.17 20750.33
20749.17 20750.33
20751.73 20753.53
20748.72 20750.53
20748.72 20750.53
20748.98 20750.78
20752.23 20754.03
20752.23 20754.03
20752.28 20754.23
20752.28 20754.23
20753.23 20755.03
20753.23 20755.03
20755.22 20757.03
20756.88 20758.38
20756.88 20758.38
20756.48 20758.28
20756.48 20758.28
20756.38 20757.87
20755.78 20757.72
20755.78 20757.72
20751.13 20752.63
20751.13 20752.63
20748.63 20750.13
20748.63 20750.13
20748.53 20750.47
20750.71 20752.54
20750.71 20752.54
20750.97 20752.78
20750.97 20752.78
20751.41 20753.09
20751.41 20753.09
20751.23 20753.03
20751.23 20753.03
20750.98 20752.78
20750.98 20752.78
20749.78 20751.73
20749.78 20751.73
20749.48 20751.28
20749.23 20751.03
20749.23 20751.03
20744.96 20746.79
20748.63 20750.12
20748.63 20750.12
20745.73 20747.53
20744.90 20746.61
20744.90 20746.61
20743.66 20745.35
20744.66 20745.84
20744.66 20745.84
20746.14 20747.86
20745.03 20746.98
20745.03 20746.98
20745.22 20747.03
20745.22 20747.03
20746.23 20748.03
20746.03 20747.97
20746.03 20747.97
20746.28 20748.22
20746.28 20748.22
20748.15 20749.86
20748.08 20750.17
20748.08 20750.17
20747.98 20749.78
20747.98 20749.78
20750.03 20751.98
20750.78 20752.72
20750.78 20752.72
20750.12 20752.64
20750.12 20752.64
20751.72 20753.53
20751.72 20753.53
20751.98 20753.78
20753.23 20755.03
20753.23 20755.03
20753.63 20755.13
20753.63 20755.13
20752.96 20754.79
20752.96 20754.79
20752.96 20754.79
20753.21 20755.04
20752.66 20754.35
20752.66 20754.35
20753.53 20755.47
20753.53 20755.47
20752.78 20754.72
20752.78 20754.72
20752.48 20754.28
20753.91 20755.59
20753.91 20755.59
20753.28 20755.23
20753.53 20755.47
20753.53 20755.47
20753.53 20755.47
20753.58 20755.67
20753.58 20755.67
20753.78 20755.72
20753.03 20754.97
20753.03 20754.97
20752.28 20754.23
20752.28 20754.23
20752.98 20754.78
20752.78 20754.73
20752.78 20754.73
20752.53 20754.47
20753.28 20755.23
20753.28 20755.23
20753.73 20755.53
20753.73 20755.53
20753.73 20755.53
20755.16 20756.85
20755.16 20756.85
20755.16 20756.85
20755.83 20757.92
20757.89 20759.61
20757.89 20759.61
20759.46 20761.29
20758.83 20760.92
20758.83 20760.92
20760.48 20762.28
20762.47 20764.28
20762.47 20764.28
20762.03 20763.98
20761.78 20763.73
20761.78 20763.73
20762.23 20764.03
20762.23 20764.03
20762.89 20764.61
20762.89 20764.61
20762.98 20764.78
20763.56 20764.20
20763.56 20764.20
20765.87 20767.38
20764.88 20766.38
20764.88 20766.38
20766.64 20768.11
20766.64 20768.11
20765.66 20767.35
20765.72 20767.53
20765.72 20767.53
20766.13 20767.62
20766.12 20767.63
20766.12 20767.63
20767.05 20767.70
20767.14 20768.61
20767.14 20768.61
20767.14 20768.61
20767.81 20768.44
20768.41 20770.10
20768.41 20770.10
20768.91 20770.59
20768.91 20770.59
20768.65 20770.35
20768.65 20770.35
20768.63 20770.13
20767.16 20768.85
20767.16 20768.85
20767.88 20769.38
20767.13 20768.62
20767.13 20768.62
20765.73 20767.53
20765.58 20767.67
20765.58 20767.67
20765.98 20767.78
20765.98 20767.78
20765.91 20767.59
20764.66 20766.34
20764.66 20766.34
20768.13 20769.62
20768.13 20769.62
20765.97 20767.78
20762.90 20764.60
20762.90 20764.60
20765.03 20766.98
20765.16 20766.85
20765.16 20766.85
20767.08 20769.17
20766.41 20768.09
20766.41 20768.09
20766.41 20768.09
20765.66 20767.34
20765.65 20767.35
20765.65 20767.35
20765.17 20766.34
20765.17 20766.34
20765.30 20765.95
20765.66 20767.35
20765.66 20767.35
20766.88 20768.38
20766.78 20768.72
20766.78 20768.72
20766.78 20768.72
20766.78 20768.72
20765.37 20766.88
20765.37 20766.88
20766.66 20768.34
20768.15 20769.85
20768.15 20769.85
20768.96 20770.79
20768.08 20770.17
20768.08 20770.17
20766.65 20768.36
20766.23 20768.03
20766.23 20768.03
20764.90 20766.60
20764.90 20766.60
20764.64 20766.36
20764.91 20766.60
20764.91 20766.60
20765.41 20767.09
20764.73 20766.53
20764.73 20766.53
20763.53 20765.47
20763.53 20765.47
20764.21 20766.04
20764.21 20766.04
20764.71 20766.54
20762.16 20763.34
20762.16 20763.34
20760.71 20762.54
20762.48 20764.28
20762.48 20764.28
20763.53 20765.48
20763.53 20765.48
20763.46 20765.29
20764.03 20765.98
20764.03 20765.98
20763.78 20765.73
20764.23 20766.03
20764.23 20766.03
20761.91 20763.59
20762.23 20764.03
20762.23 20764.03
20764.40 20766.10
20764.40 20766.10
20765.28 20767.23
20765.28 20767.23
20765.28 20767.22
20767.88 20769.37
20767.88 20769.37
20768.66 20770.35
20768.97 20770.78
20768.97 20770.78
20770.78 20772.72
20771.22 20773.03
20771.22 20773.03
20772.66 20774.34
20772.66 20774.34
20772.28 20774.23
20772.91 20774.59
20772.91 20774.59
20773.23 20775.03
20773.39 20775.11
20773.39 20775.11
20773.63 20775.12
20772.33 20774.42
20772.33 20774.42
20772.64 20774.36
20772.64 20774.36
20771.23 20773.03
20771.23 20773.03
20770.91 20772.60
20770.91 20772.60
20771.41 20773.09
20771.64 20773.36
20771.64 20773.36
20770.65 20772.35
20770.65 20772.35
20770.15 20771.85
20770.15 20771.85
20770.15 20771.85
20771.47 20773.28
20769.96 20771.79
20769.96 20771.79
20766.73 20768.53
20767.03 20768.98
20767.03 20768.98
20764.78 20766.72
20764.78 20766.72
20764.28 20766.22
20764.28 20766.22
20762.72 20764.53
20762.13 20763.63
20762.13 20763.63
20762.46 20764.29
20762.46 20764.29
20764.16 20765.85
20764.16 20765.85
20763.03 20764.97
20761.72 20763.53
20761.72 20763.53
20761.22 20763.03
20762.98 20764.78
20762.98 20764.78
20763.03 20764.98
20763.03 20764.98
20764.03 20765.98
20764.03 20765.97
20764.03 20765.97
20761.21 20763.04
20761.21 20763.04
20761.21 20763.04
20760.40 20762.11
20760.40 20762.11
20760.53 20762.48
20760.53 20762.48
20759.64 20761.36
20757.66 20759.34
20757.66 20759.34
20756.41 20758.09
20757.71 20759.54
20757.71 20759.54
20757.90 20759.61
20758.28 20760.22
20758.28 20760.22
20757.28 20759.22
20757.28 20759.22
20757.78 20759.72
20757.78 20759.72
20758.15 20759.85
20758.15 20759.85
20758.15 20759.85
20757.97 20759.78
20757.97 20759.78
20757.39 20759.11
20755.48 20757.28
20755.48 20757.28
20754.66 20756.34
20754.66 20756.34
20754.46 20756.29
20754.46 20756.29
20755.96 20757.79
20755.53 20757.47
20755.53 20757.47
20755.72 20757.53
20755.72 20757.53
20755.72 20757.53
20757.37 20758.88
20757.37 20758.88
20757.21 20759.04
20757.21 20759.04
20755.89 20757.61
20753.73 20755.53
20753.73 20755.53
20753.97 20755.78
20754.39 20756.11
20754.39 20756.11
20754.78 20756.72
20755.89 20757.61
20755.89 20757.61
20757.91 20759.60
20757.91 20759.60
20757.91 20759.60
20758.98 20760.78
20758.96 20760.79
20758.96 20760.79
20758.96 20760.79
20758.53 20760.48
20758.53 20760.48
20758.53 20760.48
20758.47 20760.28
20758.47 20760.28
20758.28 20760.23
20758.72 20760.53
20758.72 20760.53
20758.53 20760.48
20758.53 20760.48
20760.16 20761.84
20760.16 20761.84
20759.97 20761.78
20759.97 20761.78
20759.98 20761.78
20759.98 20761.78
20760.72 20762.53
20760.72 20762.53
20760.78 20762.72
20760.78 20762.72
20761.78 20763.73
20761.78 20763.73
20762.71 20764.54
20763.22 20765.03
20763.22 20765.03
20762.98 20764.78
20762.03 20763.98
20762.03 20763.98
20763.48 20765.28
20763.48 20765.28
20761.64 20763.36
20761.64 20763.36
20762.72 20764.53
20761.97 20763.78
20759.22 20761.03
20759.22 20761.03
20759.64 20761.36
20759.64 20761.36
20758.53 20760.48
20758.53 20760.47
20758.53 20760.47
20757.16 20758.85
20757.16 20758.85
20756.47 20758.28
20756.47 20758.28
20756.21 20758.04
20756.72 20758.53
20756.72 20758.53
20756.97 20758.78
20756.97 20758.78
20757.83 20759.92
20757.78 20759.73
20757.78 20759.73
20757.78 20759.73
20757.78 20759.73
20757.72 20759.53
20757.72 20759.53
20759.08 20761.17
20759.08 20761.17
20758.58 20760.67
20758.58 20760.67
20759.03 20760.98
20759.33 20761.42
20759.33 20761.42
20759.03 20760.98
20759.53 20761.47
20759.53 20761.47
20759.39 20761.11
20759.39 20761.11
20759.39 20761.11
20758.28 20760.23
20761.23 20763.03
20761.23 20763.03
20760.53 20762.47
20760.53 20762.47
20759.28 20761.22
20759.28 20761.22
20759.71 20761.54
20759.22 20761.03
20759.22 20761.03
20759.28 20761.23
20759.28 20761.23
20757.78 20759.72
20757.78 20759.72
20759.39 20761.11
20759.39 20761.11
20759.64 20761.11
20759.64 20761.11
20757.21 20759.04
20758.23 20760.03
20758.23 20760.03
20758.64 20760.36
20758.64 20760.36
20757.66 20759.34
20757.66 20759.34
20757.89 20759.61
20758.53 20760.48
20758.53 20760.48
20757.96 20759.79
20757.96 20759.79
20756.28 20758.23
20753.97 20755.78
20753.97 20755.78
20754.73 20756.53
20754.73 20756.53
20755.31 20755.94
20754.89 20756.61
20754.89 20756.61
20754.66 20756.34
20754.66 20756.34
20754.14 20755.86
20754.14 20755.86
20754.71 20756.54
20754.71 20756.54
20755.28 20757.22
20754.15 20755.85
20754.15 20755.85
20754.98 20756.78
20755.08 20757.17
20755.08 20757.17
20755.08 20757.17
20754.39 20755.86
20753.89 20755.61
20753.89 20755.61
20753.71 20755.54
20753.71 20755.54
20753.97 20755.78
20753.97 20755.78
20755.03 20756.97
20755.22 20757.03
20755.22 20757.03
20755.08 20757.17
20755.08 20757.17
20752.73 20754.53
20751.72 20753.53
20751.72 20753.53
20752.73 20754.53
20752.73 20754.53
20752.38 20753.88
20751.73 20753.53
20751.73 20753.53
20751.64 20753.36
20751.64 20753.36
20752.16 20753.85
20752.16 20753.85
20752.16 20753.85
20753.05 20753.70
20752.88 20754.38
20752.88 20754.38
20752.03 20753.98
20752.03 20753.98
20752.03 20753.98
20752.03 20753.98
20751.96 20753.79
20751.96 20753.79
20751.96 20753.79
20751.53 20753.48
20752.22 20754.03
20752.22 20754.03
20751.64 20753.36
20751.78 20753.73
20751.78 20753.73
20747.48 20749.28
20746.78 20748.73
20746.78 20748.73
20746.78 20748.73
20748.71 20750.54
20747.53 20749.48
20747.53 20749.48
20748.53 20750.47
20749.22 20751.03
20749.22 20751.03
20749.16 20750.34
20749.16 20750.34
20748.39 20750.11
20748.39 20750.11
20748.53 20750.48
20748.53 20750.48
20748.46 20750.29
20750.56 20751.19
20750.56 20751.19
20749.53 20751.48
20749.03 20750.97
20749.03 20750.97
20751.71 20753.54
20751.71 20753.54
20752.64 20754.36
20752.64 20754.36
20752.48 20754.28
20752.48 20754.28
20752.48 20754.28
20753.22 20755.03
20752.91 20754.59
20752.91 20754.59
20753.22 20755.03
20753.22 20755.03
20752.78 20754.73
20752.83 20754.92
20752.83 20754.92
20753.41 20755.10
20753.41 20755.10
20752.98 20754.78
20752.98 20754.78
20751.71 20753.54
20751.71 20753.54
20751.22 20753.03
20751.22 20753.03
20752.28 20754.22
20751.53 20753.48
20751.53 20753.48
20751.46 20753.29
20751.46 20753.29
20751.53 20753.47
20752.03 20753.98
20752.03 20753.98
20753.72 20755.53
20753.72 20755.53
20753.28 20755.23
20753.28 20755.23
20752.28 20754.22
20752.28 20754.22
20752.53 20754.48
20752.23 20754.03
20752.23 20754.03
20752.23 20754.03
20752.53 20754.47
20751.28 20753.23
20752.03 20753.98
20752.03 20753.98
20752.40 20754.10
20752.40 20754.10
20752.28 20754.22
20752.28 20754.22
20751.90 20753.60
20751.90 20753.60
20752.47 20754.28
20752.47 20754.28
20752.23 20754.03
20752.23 20754.03
20752.03 20753.97
20751.21 20753.04
20751.21 20753.04
20750.83 20752.92
20750.83 20752.92
20750.47 20752.28
20750.90 20752.60
20750.90 20752.60
20751.28 20753.23
20751.53 20753.48
20751.53 20753.48
20752.03 20753.98
20751.96 20753.79
20751.22 20753.03
20751.22 20753.03
20751.78 20753.72
20751.78 20753.72
