21025.14 21026.86
21025.14 21026.86
21025.17 21026.34
21025.17 21026.34
21025.43 21026.58
21025.43 21026.58
21024.13 21025.63
21024.13 21025.63
21024.91 21026.59
21024.91 21026.59
21024.64 21026.36
21024.90 21026.60
21024.64 21026.11
21024.64 21026.11
21024.41 21026.10
21024.41 21026.10
21024.87 21026.38
21024.64 21026.36
21024.64 21026.36
21024.89 21026.36
21024.91 21026.59
21024.91 21026.59
21024.91 21026.59
21024.91 21026.59
21025.40 21027.11
21025.40 21027.11
21025.39 21027.11
21025.39 21027.11
21025.39 21027.11
21025.41 21027.09
21025.41 21027.09
21025.89 21027.36
21025.89 21027.36
21025.65 21027.36
21025.89 21027.36
21025.89 21027.36
21025.88 21027.38
21026.66 21027.84
21026.14 21027.61
21026.14 21027.61
21026.14 21027.61
21026.39 21027.86
21026.39 21027.86
21026.03 21027.98
21025.41 21027.09
21025.41 21027.09
21025.65 21027.36
21025.65 21027.36
21026.38 21027.87
21026.66 21028.35
21026.66 21028.35
21026.15 21027.86
21026.39 21028.11
21026.39 21028.11
21026.39 21028.11
21025.64 21027.11
21025.64 21027.11
21025.46 21027.29
21025.46 21027.29
21025.46 21027.29
21025.40 21027.10
21025.41 21027.09
21025.41 21027.09
21025.41 21027.09
21025.90 21027.61
21026.39 21027.86
21026.39 21027.86
21026.39 21027.86
21025.91 21027.60
21026.38 21027.88
21026.38 21027.88
21026.89 21028.36
21026.89 21028.36
21026.89 21028.36
21027.16 21028.84
21027.13 21028.63
21027.13 21028.63
21026.41 21028.09
21026.66 21028.35
21026.66 21028.35
21027.39 21028.86
21027.39 21028.86
21027.39 21028.86
21026.89 21028.36
21026.89 21028.36
21026.89 21028.36
21027.14 21028.86
21027.14 21028.86
21027.43 21028.58
21026.91 21028.59
21026.91 21028.59
21026.67 21027.84
21026.64 21028.11
21026.64 21028.11
21025.91 21027.59
21025.91 21027.59
21024.63 21026.13
21024.63 21026.13
21024.66 21026.34
21024.66 21026.34
21025.16 21026.35
21025.16 21026.35
21025.13 21026.62
21025.13 21026.62
21025.38 21026.88
21025.66 21027.35
21025.66 21027.35
21025.66 21027.34
21025.66 21027.34
21025.64 21027.11
21025.64 21027.11
21025.89 21027.36
21025.40 21027.10
21025.40 21027.10
21025.40 21027.10
21025.16 21026.84
21025.16 21026.84
21025.14 21026.61
21025.14 21026.61
21026.16 21027.84
21026.14 21027.61
21026.14 21027.61
21026.41 21027.59
21026.41 21027.59
21025.89 21027.36
21025.89 21027.36
21025.63 21027.12
21025.63 21027.12
21025.37 21026.88
21025.37 21026.88
21025.92 21027.08
21025.92 21027.08
21025.92 21027.08
21025.91 21027.09
21025.14 21026.86
21025.14 21026.86
21025.14 21026.61
21025.14 21026.61
21025.64 21027.11
21025.64 21027.11
21025.64 21027.11
21026.63 21028.13
21026.14 21027.61
21026.14 21027.61
21025.41 21027.09
21025.65 21027.36
21025.65 21027.36
21025.65 21027.36
21025.65 21027.36
21026.18 21027.33
21026.18 21027.33
21025.39 21027.11
21026.14 21027.61
21026.14 21027.61
21027.66 21028.84
21027.39 21028.86
21027.39 21028.86
21027.66 21029.34
21027.66 21029.34
21027.65 21029.35
21027.89 21029.36
21027.89 21029.36
21027.64 21029.11
21027.64 21029.11
21027.55 21028.20
21026.88 21028.37
21026.88 21028.37
21026.65 21028.35
21026.65 21028.35
21026.87 21028.38
21026.87 21028.38
21026.64 21028.11
21026.64 21028.11
21026.64 21028.11
21026.13 21027.62
21025.39 21026.86
21025.39 21026.86
21025.39 21026.86
21024.89 21026.36
21025.14 21026.61
21025.14 21026.61
21025.16 21026.84
21025.16 21026.84
21025.13 21026.62
21024.12 21025.63
21024.12 21025.63
21024.66 21025.85
21024.66 21025.85
21024.66 21025.85
21024.68 21025.83
21024.68 21025.83
21023.67 21024.83
21023.67 21024.84
21023.67 21024.84
21023.14 21024.61
21023.14 21024.61
21024.89 21026.36
21025.39 21026.86
21025.39 21026.86
21025.68 21026.83
21025.68 21026.83
21025.89 21027.36
21025.89 21027.36
21024.89 21026.36
21025.13 21026.63
21025.13 21026.63
21024.89 21026.36
21024.89 21026.36
21024.89 21026.61
21024.89 21026.61
21025.40 21027.10
21024.91 21026.59
21024.91 21026.59
21025.13 21026.62
21025.13 21026.62
21024.88 21026.38
21024.88 21026.38
21025.13 21026.63
21025.13 21026.63
21024.90 21026.60
21024.90 21026.60
21024.90 21026.60
21024.89 21026.61
21024.89 21026.61
21024.16 21025.85
21024.12 21025.63
21024.12 21025.63
21024.14 21025.61
21024.14 21025.61
21024.13 21025.62
21024.13 21025.62
21024.14 21025.61
21024.14 21025.61
21024.14 21025.61
21024.15 21025.85
21024.15 21025.85
21024.39 21025.86
21024.39 21025.86
21024.38 21025.87
21024.38 21025.87
21024.38 21025.87
21024.64 21026.36
21025.41 21027.09
21025.41 21027.09
21025.14 21026.86
21025.14 21026.86
21025.40 21027.10
21025.40 21027.10
21025.39 21026.86
21025.38 21026.88
21025.38 21026.88
21024.91 21026.59
21024.91 21026.59
21026.06 21026.69
21026.06 21026.69
21025.22 21027.03
21025.22 21027.03
21025.22 21027.03
21025.22 21027.03
21025.64 21027.36
21025.64 21027.36
21025.64 21027.36
21025.89 21027.36
21025.64 21027.36
21025.64 21027.36
21026.14 21027.61
21026.14 21027.61
21026.39 21028.11
21027.39 21028.86
21027.39 21028.86
21026.89 21028.36
21026.89 21028.36
21027.12 21028.63
21027.12 21028.63
21026.90 21028.61
21026.90 21028.61
21026.90 21028.61
21026.91 21028.60
21027.39 21028.86
21027.39 21028.86
21027.39 21029.11
21026.89 21028.36
21026.89 21028.36
21026.91 21028.59
21027.13 21028.62
21027.13 21028.62
21026.13 21027.62
21026.13 21027.62
21026.64 21028.11
21026.91 21028.60
21026.91 21028.60
21026.89 21028.36
21026.89 21028.36
21026.89 21028.36
21026.89 21028.36
21026.89 21028.36
21027.13 21028.62
21027.37 21028.88
21027.37 21028.88
21026.63 21028.13
21026.63 21028.13
21026.39 21027.86
21026.66 21028.35
21026.66 21028.35
21026.66 21028.35
21026.90 21028.60
21025.89 21027.36
21025.89 21027.36
21025.88 21027.38
21026.41 21028.09
21026.41 21028.09
21026.13 21027.62
21026.13 21027.62
21025.89 21027.36
21025.89 21027.36
21025.91 21027.09
21026.39 21027.86
21026.39 21027.86
21026.14 21027.61
21026.14 21027.61
21026.64 21028.11
21026.64 21028.11
21026.90 21028.60
21026.90 21028.60
21026.64 21028.36
21026.40 21028.11
21026.40 21028.11
21025.89 21027.36
21025.89 21027.36
21026.39 21028.11
21026.39 21028.11
21026.38 21027.88
21026.39 21027.86
21026.39 21027.86
21025.38 21026.87
21025.38 21026.87
21025.65 21027.36
21026.41 21028.09
21026.41 21028.09
21026.41 21028.09
21026.41 21028.09
21026.41 21028.10
21026.41 21028.10
21026.64 21028.11
21026.64 21028.11
21026.64 21028.11
21026.39 21028.11
21026.64 21028.11
21026.64 21028.11
21026.15 21027.85
21025.63 21027.13
21025.63 21027.13
21025.66 21026.84
21025.66 21026.84
21025.66 21027.34
21025.66 21027.34
21026.38 21027.88
21026.38 21027.88
21026.41 21028.09
21026.41 21028.10
21026.41 21028.10
21025.89 21027.36
21025.40 21027.10
21025.40 21027.10
21025.14 21026.86
21025.14 21026.86
21025.16 21026.84
21025.16 21026.84
21025.14 21026.86
21025.14 21026.86
21025.14 21026.86
21025.15 21026.86
21025.15 21026.86
21025.40 21027.10
21025.40 21027.10
21025.41 21027.09
21025.41 21027.09
21025.38 21026.88
21025.16 21026.85
21025.16 21026.85
21025.15 21026.86
21025.15 21026.86
21025.62 21027.13
21025.62 21027.13
21025.38 21026.87
21025.38 21026.87
21025.41 21027.09
21025.41 21027.09
21025.39 21027.11
21025.39 21027.11
21026.16 21027.84
21027.39 21028.86
21027.39 21028.86
21027.39 21028.86
21027.16 21028.85
21027.16 21028.85
21026.64 21028.11
21026.64 21028.11
21026.64 21028.11
21026.65 21028.36
21026.65 21028.36
21027.16 21028.84
21026.39 21027.86
21026.39 21027.86
21026.91 21028.59
21026.91 21028.59
21027.15 21028.85
21027.16 21028.84
21027.16 21028.84
21028.13 21029.62
21028.13 21029.62
21029.66 21031.34
21029.66 21031.34
21028.39 21029.86
21028.14 21029.61
21028.13 21029.62
21028.13 21029.62
21027.91 21029.09
21027.91 21029.09
21027.91 21029.09
21027.90 21029.60
21027.90 21029.60
21027.90 21029.61
21027.90 21029.61
21027.87 21029.38
21027.87 21029.38
21026.89 21028.36
21026.89 21028.36
21026.98 21028.78
21026.98 21028.78
21027.39 21028.86
21027.39 21028.86
21027.90 21029.61
21027.91 21029.59
21027.91 21029.59
21028.39 21029.86
21027.98 21029.78
21027.98 21029.78
21027.89 21029.36
21027.89 21029.36
21027.89 21029.36
21027.89 21029.36
21027.90 21029.61
21028.63 21030.12
21028.63 21030.12
21027.63 21029.13
21027.65 21029.35
21027.65 21029.35
21027.65 21029.35
21028.12 21029.63
21028.12 21029.63
21028.65 21030.36
21028.39 21030.11
21028.39 21030.11
21029.14 21030.86
21029.65 21031.35
21029.65 21031.35
21029.16 21030.84
21029.16 21030.84
21029.89 21031.36
21029.89 21031.36
21029.89 21031.36
21028.89 21030.61
21028.89 21030.36
21028.89 21030.36
21029.63 21031.12
21029.63 21031.12
21029.89 21031.36
21029.89 21031.36
21029.41 21031.09
21029.41 21031.09
21029.41 21031.09
21029.41 21031.09
21029.91 21031.09
21029.91 21031.09
21030.89 21032.36
21029.89 21031.61
21029.89 21031.61
21030.13 21031.62
21030.13 21031.62
21030.13 21031.62
21030.38 21031.87
21030.16 21031.84
21030.16 21031.84
21030.16 21031.84
21030.16 21031.84
21030.16 21031.84
21030.16 21031.84
21029.89 21031.61
21030.14 21031.86
21030.14 21031.86
21029.71 21031.54
21029.89 21031.36
21029.89 21031.36
21029.89 21031.36
21030.39 21032.11
21030.39 21032.11
21030.39 21032.11
21029.71 21031.54
21029.14 21030.86
21029.14 21030.86
21028.88 21030.37
21028.88 21030.37
21029.14 21030.61
21030.16 21031.34
21030.16 21031.34
21030.15 21031.85
21029.66 21031.34
21029.66 21031.34
21029.16 21030.84
21029.16 21030.84
21029.66 21031.34
21029.66 21031.34
21029.62 21031.13
21028.89 21030.36
21028.89 21030.36
21028.39 21029.86
21028.39 21029.86
21028.39 21029.86
21028.64 21030.11
21028.64 21030.11
21028.63 21030.13
21028.63 21030.13
21028.65 21030.35
21028.65 21030.35
21028.39 21029.86
21028.39 21029.86
21027.38 21028.87
21027.38 21028.87
21025.91 21027.60
21025.91 21027.60
21025.91 21027.60
21026.14 21027.86
21026.14 21027.86
21025.65 21027.35
21025.65 21027.35
21026.15 21027.86
21026.15 21027.86
21025.40 21027.10
21025.87 21027.38
21025.89 21027.61
21025.89 21027.61
21026.13 21027.63
21026.13 21027.63
21025.39 21026.86
21025.39 21026.86
21025.13 21026.63
21023.14 21024.61
21023.14 21024.61
21022.41 21024.09
21022.41 21024.09
21022.66 21024.34
21022.41 21024.09
21022.41 21024.09
21023.14 21024.61
21023.14 21024.61
21022.88 21024.37
21022.88 21024.37
21022.64 21024.36
21022.64 21024.36
21022.15 21023.85
21022.15 21023.85
21022.15 21023.85
21022.15 21023.86
21022.15 21023.86
21022.14 21023.61
21022.14 21023.61
21021.41 21023.09
21021.39 21022.86
21021.39 21022.86
21021.88 21023.38
21021.39 21023.11
21021.39 21023.11
21021.39 21022.86
21021.38 21022.87
21021.38 21022.87
21021.87 21023.38
21021.87 21023.38
21022.16 21023.85
21022.16 21023.85
21023.91 21025.09
21023.66 21025.35
21023.66 21025.35
21023.66 21025.35
21023.66 21025.35
21023.89 21025.36
21023.89 21025.36
21023.14 21024.61
21023.14 21024.61
21023.40 21025.10
21023.40 21025.10
21023.40 21025.10
21023.40 21025.10
21023.40 21025.10
21023.23 21025.03
21023.23 21025.03
21023.13 21024.63
21023.13 21024.63
21022.64 21024.11
21022.64 21024.11
21021.78 21023.72
21021.78 21023.72
21022.23 21024.03
21022.66 21024.34
21022.66 21024.34
21022.66 21024.34
21022.17 21023.33
21021.64 21023.11
21021.64 21023.11
21021.14 21022.86
21021.14 21022.86
21021.90 21023.60
21021.90 21023.60
21021.41 21023.10
21021.41 21023.10
21021.39 21022.86
21020.89 21022.36
21020.89 21022.36
21020.89 21022.36
