20737.08 20739.17
20737.08 20739.17
20738.97 20740.78
20738.97 20740.78
20740.23 20742.03
20739.33 20741.42
20739.33 20741.42
20738.88 20741.12
20738.88 20741.12
20734.97 20736.78
20734.97 20736.78
20732.08 20734.17
20730.78 20732.72
20730.78 20732.72
20730.47 20732.28
20730.63 20732.12
20730.63 20732.12
20727.46 20729.29
20727.46 20729.29
20728.03 20729.98
20727.28 20729.23
20727.28 20729.23
20727.28 20729.22
20727.28 20729.22
20725.72 20727.53
20725.28 20727.22
20725.28 20727.22
20724.97 20726.78
20724.97 20726.78
20723.53 20725.48
20723.53 20725.48
20724.96 20726.79
20724.96 20726.79
20725.28 20727.23
20727.13 20729.37
20727.13 20729.37
20729.16 20730.85
20730.98 20732.78
20730.98 20732.78
20728.03 20729.97
20728.03 20729.97
20726.83 20728.92
20728.03 20729.97
20728.03 20729.97
20726.90 20728.60
20726.72 20728.53
20726.72 20728.53
20727.08 20729.17
20727.08 20729.17
20723.28 20725.22
20723.28 20725.22
20720.53 20722.47
20720.73 20722.53
20720.73 20722.53
20721.38 20722.88
20723.58 20725.67
20723.58 20725.67
20722.53 20724.47
20722.46 20724.29
20722.46 20724.29
20722.03 20723.98
20721.53 20723.47
20721.53 20723.47
20722.58 20724.67
20722.58 20724.67
20722.08 20724.17
20722.08 20724.17
20722.28 20724.22
20722.28 20724.22
20722.53 20724.47
20725.72 20727.53
20725.72 20727.53
20723.33 20725.42
20723.33 20725.42
20723.33 20725.42
20722.72 20724.53
20720.66 20722.35
20720.66 20722.35
20722.40 20724.10
20722.78 20724.73
20722.78 20724.73
20722.13 20724.37
20721.73 20723.53
20721.73 20723.53
20721.28 20723.22
20721.28 20723.22
20720.03 20721.97
20720.03 20721.97
20718.08 20720.17
20716.33 20718.42
20716.33 20718.42
20711.53 20713.47
20710.65 20712.35
20710.65 20712.35
20712.03 20713.97
20712.03 20713.97
20712.91 20714.59
20712.91 20714.59
20711.03 20712.97
20711.03 20712.97
20711.33 20713.42
20712.28 20714.23
20712.28 20714.23
20713.23 20715.03
20713.23 20715.03
20711.72 20713.53
20713.03 20714.98
20713.03 20714.98
20713.78 20715.72
20713.78 20715.72
20714.33 20716.42
20715.90 20717.60
20715.90 20717.60
20714.46 20716.29
20714.23 20716.03
20714.23 20716.03
20713.97 20715.78
20713.97 20715.78
20716.53 20718.48
20716.53 20718.48
20714.28 20716.22
20714.47 20716.28
20714.47 20716.28
20715.73 20717.53
20715.73 20717.53
20717.73 20719.53
20719.83 20721.92
20719.83 20721.92
20720.83 20722.92
20721.15 20722.85
20721.15 20722.85
20720.08 20722.17
20724.03 20725.97
20724.03 20725.97
20721.28 20723.23
20721.28 20723.23
20720.03 20721.97
20720.40 20722.10
20720.40 20722.10
20720.66 20722.34
20720.66 20722.34
20722.63 20724.87
20723.03 20724.98
20723.03 20724.98
20724.98 20726.78
20724.98 20726.78
20725.78 20727.72
20725.78 20727.72
20725.98 20727.78
20725.03 20726.98
20725.03 20726.98
20727.03 20728.98
20727.28 20729.23
20727.28 20729.23
20726.23 20728.03
20726.23 20728.03
20729.48 20731.28
20729.48 20731.28
20729.33 20731.42
20729.33 20731.42
20728.53 20730.47
20728.53 20730.47
20732.28 20734.22
20731.22 20733.03
20731.22 20733.03
20731.03 20732.97
20731.03 20732.97
20735.23 20737.03
20735.23 20737.03
20733.28 20735.22
20735.08 20737.17
20735.08 20737.17
20739.03 20740.97
20736.53 20738.48
20736.53 20738.48
20738.91 20740.60
20739.48 20741.28
20739.48 20741.28
20740.22 20742.03
20742.23 20744.03
20742.23 20744.03
20741.53 20743.47
20741.53 20743.47
20741.53 20743.47
20741.58 20743.67
20741.58 20743.67
20742.28 20744.23
20742.47 20744.28
20741.98 20743.78
20741.98 20743.78
20742.97 20744.78
20742.97 20744.78
20743.22 20745.03
20742.98 20744.78
20742.98 20744.78
20745.47 20747.28
20745.47 20747.28
20748.47 20750.28
20748.47 20750.28
20747.98 20749.78
20747.66 20748.84
20747.66 20748.84
20746.73 20748.53
20746.73 20748.53
20746.47 20748.28
20746.47 20748.28
20742.78 20744.73
20741.78 20743.73
20741.78 20743.73
20742.28 20744.22
20742.28 20744.22
20742.41 20744.10
20742.41 20744.10
20742.37 20743.88
20742.37 20743.88
20740.73 20742.53
20739.21 20741.04
20739.21 20741.04
20738.23 20740.03
20738.23 20740.03
20738.73 20740.53
20737.78 20739.73
20737.78 20739.73
20738.16 20739.84
20738.16 20739.84
20737.98 20739.78
20735.03 20736.98
20735.78 20737.72
20735.78 20737.72
20732.53 20734.47
20732.28 20734.22
20732.28 20734.22
20731.28 20733.23
20731.28 20733.23
20732.66 20734.35
20732.21 20734.04
20732.21 20734.04
20732.31 20732.95
20731.98 20733.78
20731.98 20733.78
20731.65 20733.35
20731.65 20733.35
20730.15 20731.85
20730.15 20731.85
20728.47 20730.28
20728.98 20730.78
20728.98 20730.78
20729.39 20730.86
20727.22 20729.03
20727.22 20729.03
20726.31 20726.94
20726.31 20726.94
20725.15 20726.85
20723.28 20725.23
20723.28 20725.23
20723.83 20725.92
20723.83 20725.92
20719.66 20721.34
20719.91 20721.59
20719.91 20721.59
20720.03 20721.97
20720.03 20721.97
20720.03 20721.97
20721.38 20722.87
20723.78 20725.73
20723.78 20725.73
20723.03 20724.97
20724.22 20726.03
20724.22 20726.03
20721.48 20723.28
20721.48 20723.28
20719.78 20721.72
20720.72 20722.53
20720.72 20722.53
20720.72 20722.53
20721.71 20723.54
20720.37 20721.88
20720.37 20721.88
20720.47 20722.28
20720.47 20722.28
20720.03 20721.97
20720.03 20721.97
20720.65 20722.35
20724.15 20725.86
20724.15 20725.86
20726.97 20728.78
20726.78 20728.72
20726.78 20728.72
20727.48 20729.28
20727.48 20729.28
20727.28 20729.22
20727.47 20729.28
20727.47 20729.28
20727.58 20729.67
20727.58 20729.67
20729.87 20731.38
20729.87 20731.38
20729.78 20731.73
20727.47 20729.28
20727.47 20729.28
20727.28 20729.23
20727.28 20729.23
20727.46 20729.29
20727.46 20729.29
20727.48 20729.28
20727.48 20729.28
20727.47 20729.28
20727.47 20729.28
20727.93 20729.08
20727.12 20729.64
20727.12 20729.64
20726.90 20728.60
20726.90 20728.60
20726.15 20727.85
20726.15 20727.85
20725.97 20727.78
20725.97 20727.78
20726.73 20728.53
20726.47 20728.28
20726.47 20728.28
20726.48 20728.28
20726.48 20728.28
20725.48 20727.28
20725.48 20727.28
20725.65 20727.36
20725.65 20727.36
20724.03 20725.98
20724.03 20725.98
20724.38 20725.87
20724.38 20725.87
20724.15 20725.86
20724.39 20725.86
20724.39 20725.86
20722.89 20724.61
20722.89 20724.61
20722.08 20724.17
20722.08 20724.17
20721.47 20723.28
20721.47 20723.28
20720.28 20722.23
20717.72 20719.53
20717.72 20719.53
20716.78 20718.72
20716.90 20718.60
20716.90 20718.60
20716.88 20718.37
20716.88 20718.37
20716.64 20718.11
20720.03 20721.97
20720.03 20721.97
20722.22 20724.03
20722.22 20724.03
20723.41 20725.09
20720.03 20721.98
20720.03 20721.98
20719.33 20721.42
20717.83 20719.92
20717.83 20719.92
20716.47 20718.28
20716.47 20718.28
20715.41 20717.10
20715.41 20717.10
20718.16 20719.85
20720.15 20721.85
20720.15 20721.85
20719.28 20721.23
20719.83 20721.92
20719.83 20721.92
20718.33 20720.42
20718.33 20720.42
20718.15 20719.85
20718.03 20719.97
20718.03 20719.97
20717.03 20718.97
20717.28 20719.22
20717.28 20719.22
20717.63 20719.87
20717.63 20719.87
20716.03 20717.98
20716.03 20717.98
20716.88 20718.37
20716.65 20718.36
20716.65 20718.36
20715.38 20716.87
20714.03 20715.98
20714.03 20715.98
20714.03 20715.98
20714.22 20716.03
20714.22 20716.03
20713.23 20715.03
20713.23 20715.03
20713.65 20715.35
20713.96 20715.79
20713.96 20715.79
20717.03 20718.97
20718.08 20720.17
20718.08 20720.17
20719.03 20720.98
20718.53 20720.48
20718.53 20720.48
20720.28 20722.22
20720.33 20722.42
20720.33 20722.42
20720.23 20722.03
20720.23 20722.03
20721.22 20723.03
20721.22 20723.03
20720.28 20722.23
20718.78 20720.72
20718.78 20720.72
20720.03 20721.97
20717.73 20719.53
20717.73 20719.53
20717.03 20718.97
20717.03 20718.97
20717.03 20718.98
20717.53 20719.48
20717.53 20719.48
20717.03 20718.97
20717.03 20718.97
20715.78 20717.73
20715.78 20717.73
20718.08 20720.17
20717.41 20719.10
20717.41 20719.10
20716.66 20718.34
20716.66 20718.34
20717.83 20719.92
20717.83 20719.92
20716.03 20717.97
20716.03 20717.98
20716.03 20717.98
20716.03 20717.98
20715.72 20717.53
20717.73 20719.53
20717.73 20719.53
20718.15 20719.85
20720.96 20722.79
20720.96 20722.79
20722.83 20724.92
20723.28 20725.23
20723.28 20725.23
20725.28 20727.22
20725.08 20727.17
20725.08 20727.17
20725.53 20727.47
20724.72 20726.53
20724.72 20726.53
20722.65 20724.36
20722.65 20724.36
20722.63 20724.12
20725.03 20726.97
20725.03 20726.97
20723.28 20725.22
20723.28 20725.22
20724.21 20726.04
20724.21 20726.04
20723.72 20725.53
20726.91 20728.59
20726.91 20728.59
20725.64 20727.36
20725.91 20727.59
20725.91 20727.59
20726.67 20727.83
20727.53 20729.48
20727.53 20729.48
20727.72 20729.53
20727.72 20729.53
20732.21 20734.04
20732.21 20734.04
20732.53 20734.48
20731.97 20733.78
20731.97 20733.78
20732.72 20734.53
20733.56 20734.19
20733.56 20734.19
20733.71 20735.54
20732.73 20734.53
20732.73 20734.53
20732.97 20734.78
20732.97 20734.78
20731.72 20733.53
20731.66 20733.34
20731.66 20733.34
20731.64 20733.36
20731.64 20733.36
20730.88 20732.37
20730.89 20732.36
20730.89 20732.36
20730.97 20732.78
20729.38 20731.62
20729.38 20731.62
20729.78 20731.72
20728.66 20730.34
20728.66 20730.34
20728.66 20730.34
20727.90 20729.60
20727.78 20729.73
20727.78 20729.73
20726.97 20728.78
20724.89 20726.61
20724.89 20726.61
20723.78 20725.72
20721.23 20723.03
20721.23 20723.03
20720.40 20722.11
20721.40 20723.10
20721.40 20723.10
20721.88 20723.37
20721.88 20723.37
20720.73 20722.53
20720.47 20722.28
20720.47 20722.28
20718.03 20719.97
20718.14 20719.61
20718.14 20719.61
20718.16 20719.84
20718.16 20719.84
20718.15 20719.86
20718.15 20719.86
20716.03 20717.97
20717.71 20719.54
20717.71 20719.54
20717.90 20719.61
20716.65 20718.36
20716.65 20718.36
20715.89 20717.61
20715.89 20717.61
20714.92 20716.08
20714.92 20716.08
20716.78 20718.72
20716.78 20718.72
20717.23 20719.03
20717.23 20719.03
20717.22 20719.03
20713.91 20715.59
20713.91 20715.59
20713.33 20715.42
20713.96 20715.79
20713.96 20715.79
20713.83 20715.92
20713.83 20715.92
20714.47 20716.28
20713.28 20715.22
20713.28 20715.22
20712.66 20714.35
20712.03 20713.97
20712.03 20713.97
20716.48 20718.28
20716.48 20718.28
20717.96 20719.79
20718.08 20720.17
20718.08 20720.17
20718.28 20720.22
20718.28 20720.22
20719.03 20720.97
20719.03 20720.97
20718.63 20720.87
20718.63 20720.87
20719.03 20720.97
20719.03 20720.97
20719.46 20721.29
20719.47 20721.28
20719.47 20721.28
20720.96 20722.79
20720.96 20722.79
20721.40 20723.11
20721.40 20723.11
20721.78 20723.72
20722.48 20724.28
20722.48 20724.28
20724.28 20726.22
20724.98 20726.78
20724.98 20726.78
20722.03 20723.97
20722.03 20723.97
20722.96 20724.79
20722.28 20724.22
20722.28 20724.22
20722.65 20724.35
20722.65 20724.35
20721.72 20723.53
20720.65 20722.35
20720.65 20722.35
20717.78 20719.72
20713.53 20715.47
20713.53 20715.47
20712.46 20714.29
20712.64 20714.11
20712.64 20714.11
20715.28 20717.22
20711.66 20713.35
20711.66 20713.35
20706.03 20707.98
20706.03 20707.98
20705.28 20707.23
20705.22 20707.03
20705.22 20707.03
20705.65 20707.35
20705.03 20706.97
20705.03 20706.97
20704.48 20706.28
20705.66 20707.34
20705.66 20707.34
20704.96 20706.79
20704.96 20706.79
20704.97 20706.78
20704.97 20706.78
20705.48 20707.28
20706.03 20707.98
20706.03 20707.98
20706.14 20707.61
20706.14 20707.61
20704.22 20706.03
20703.03 20704.98
20703.03 20704.98
20702.22 20704.03
20697.46 20699.29
20697.46 20699.29
20697.53 20699.48
20698.66 20700.35
20698.66 20700.35
20697.89 20699.36
