20721.72 20723.53
20721.72 20723.53
20723.47 20725.28
20723.47 20725.28
20722.33 20724.42
20722.33 20724.42
20722.83 20724.92
20722.83 20724.92
20721.96 20723.79
20721.96 20723.79
20721.96 20723.79
20721.98 20723.78
20722.22 20724.03
20722.22 20724.03
20721.28 20723.22
20721.28 20723.22
20721.21 20723.04
20721.21 20723.04
20721.78 20723.72
20722.22 20724.03
20722.22 20724.03
20722.03 20723.97
20722.03 20723.97
20722.22 20724.03
20722.22 20724.03
20722.91 20724.59
20723.22 20725.03
20723.22 20725.03
20722.53 20724.47
20723.98 20725.78
20723.98 20725.78
20724.28 20726.23
20724.28 20726.23
20724.65 20726.35
20725.72 20727.53
20725.72 20727.53
20727.22 20729.03
20727.22 20729.03
20727.47 20729.28
20728.53 20730.47
20728.53 20730.47
20729.28 20731.23
20729.28 20731.23
20729.22 20731.03
20726.78 20728.73
20726.78 20728.73
20726.53 20728.48
20726.53 20728.48
20726.78 20728.72
20726.53 20728.47
20726.53 20728.47
20726.53 20728.47
20726.46 20728.29
20726.46 20728.29
20725.81 20726.44
20725.65 20727.36
20725.65 20727.36
20724.97 20726.78
20724.97 20726.78
20725.21 20727.04
20725.21 20727.04
20725.89 20727.36
20725.89 20727.36
20725.83 20727.92
20725.89 20727.36
20725.89 20727.36
20725.91 20727.60
20725.91 20727.60
20725.91 20727.60
20725.91 20727.60
20725.89 20727.36
20725.89 20727.36
20725.47 20727.28
20725.47 20727.28
20725.88 20727.37
20725.88 20727.37
20725.03 20726.98
20725.47 20727.28
20725.47 20727.28
20725.71 20727.54
20725.71 20727.54
20725.53 20727.47
20725.53 20727.47
20724.78 20726.73
20724.78 20726.73
20725.28 20727.23
20725.28 20727.23
20724.03 20725.97
20724.03 20725.97
20723.80 20724.45
20722.72 20724.53
20722.72 20724.53
20722.72 20724.53
20722.72 20724.53
20722.72 20724.53
20722.72 20724.53
20722.72 20724.53
20722.72 20724.53
20722.72 20724.53
20722.72 20724.53
20722.72 20724.53
20722.72 20724.53
20722.72 20724.53
20722.72 20724.53
20722.72 20724.53
20722.72 20724.53
20722.72 20724.53
20722.72 20724.53
20722.72 20724.53
20722.72 20724.53
20722.72 20724.53
20722.72 20724.53
20722.72 20724.53
20722.72 20724.53
20722.72 20724.53
20722.72 20724.53
20722.72 20724.53
20722.72 20724.53
20722.72 20724.53
20722.72 20724.53
20722.72 20724.53
20722.72 20724.53
20722.72 20724.53
20722.72 20724.53
20722.72 20724.53
20722.72 20724.53
20722.72 20724.53
20722.72 20724.53
20722.72 20724.53
20722.72 20724.53
20722.72 20724.53
20722.72 20724.53
20722.72 20724.53
20722.72 20724.53
20722.72 20724.53
20722.72 20724.53
20722.72 20724.53
20722.72 20724.53
20722.72 20724.53
20722.72 20724.53
20722.72 20724.53
20722.72 20724.53
20722.72 20724.53
20722.72 20724.53
20722.72 20724.53
20722.72 20724.53
20722.72 20724.53
20722.72 20724.53
20722.72 20724.53
20722.72 20724.53
20722.72 20724.53
20722.72 20724.53
20722.72 20724.53
20722.72 20724.53
20722.72 20724.53
20722.72 20724.53
20722.72 20724.53
20722.72 20724.53
20722.72 20724.53
20722.72 20724.53
20722.72 20724.53
20722.72 20724.53
20722.72 20724.53
20722.72 20724.53
20722.72 20724.53
20722.72 20724.53
20722.72 20724.53
20722.72 20724.53
20722.72 20724.53
20722.72 20724.53
20722.72 20724.53
20722.72 20724.53
20722.72 20724.53
20722.72 20724.53
20722.72 20724.53
20722.72 20724.53
20722.72 20724.53
20722.72 20724.53
20722.72 20724.53
20722.72 20724.53
20722.72 20724.53
20722.72 20724.53
20722.72 20724.53
20722.72 20724.53
20722.72 20724.53
20722.72 20724.53
20722.72 20724.53
20722.72 20724.53
20722.72 20724.53
20722.72 20724.53
20722.72 20724.53
20722.72 20724.53
20722.72 20724.53
20722.72 20724.53
20722.72 20724.53
20722.72 20724.53
20722.72 20724.53
20722.72 20724.53
20722.72 20724.53
20722.72 20724.53
20722.72 20724.53
20722.72 20724.53
20722.72 20724.53
20722.72 20724.53
20722.72 20724.53
20722.72 20724.53
20722.72 20724.53
20722.72 20724.53
20722.72 20724.53
20722.72 20724.53
20722.72 20724.53
20722.72 20724.53
20722.72 20724.53
20722.72 20724.53
20722.72 20724.53
20722.72 20724.53
20722.72 20724.53
20722.72 20724.53
20722.72 20724.53
20722.72 20724.53
20722.72 20724.53
20722.72 20724.53
20722.72 20724.53
20722.72 20724.53
20722.72 20724.53
20722.72 20724.53
20722.72 20724.53
20722.72 20724.53
20722.72 20724.53
20722.72 20724.53
20722.72 20724.53
20722.72 20724.53
20722.72 20724.53
20722.72 20724.53
20722.72 20724.53
20722.72 20724.53
20722.72 20724.53
20722.72 20724.53
20722.72 20724.53
20722.72 20724.53
20722.72 20724.53
20722.72 20724.53
20722.72 20724.53
20722.72 20724.53
20722.72 20724.53
20722.72 20724.53
20722.72 20724.53
20722.72 20724.53
20722.72 20724.53
20722.72 20724.53
20722.72 20724.53
20722.72 20724.53
20722.72 20724.53
20722.72 20724.53
20722.72 20724.53
20722.72 20724.53
20722.72 20724.53
20722.72 20724.53
20722.72 20724.53
20722.72 20724.53
20722.72 20724.53
20722.72 20724.53
20722.72 20724.53
20722.72 20724.53
20722.72 20724.53
20722.72 20724.53
20722.72 20724.53
20722.72 20724.53
20722.72 20724.53
20722.72 20724.53
20722.72 20724.53
20722.72 20724.53
20722.72 20724.53
20722.72 20724.53
20722.72 20724.53
20722.72 20724.53
20722.72 20724.53
20722.72 20724.53
20722.72 20724.53
20722.72 20724.53
20722.72 20724.53
20722.72 20724.53
20722.72 20724.53
20722.72 20724.53
20717.98 20719.78
20717.98 20719.78
20718.22 20720.03
20718.22 20720.03
20718.98 20720.78
20717.28 20719.23
20717.28 20719.23
20717.47 20719.28
20717.47 20719.28
20716.73 20718.53
20716.78 20718.72
20716.78 20718.72
20717.47 20719.28
20717.47 20719.28
20716.72 20718.53
20716.53 20718.47
20716.53 20718.47
20716.15 20717.85
20716.15 20717.85
20716.47 20718.28
20716.47 20718.28
20716.53 20718.48
20717.47 20719.28
20717.47 20719.28
20717.71 20719.54
20717.72 20719.53
20717.72 20719.53
20717.78 20719.72
20717.78 20719.72
20717.28 20719.22
20717.28 20719.22
20717.72 20719.53
20717.72 20719.53
20717.91 20719.59
20717.98 20719.78
20717.98 20719.78
20717.98 20719.78
20718.03 20719.97
20718.03 20719.97
20719.72 20721.53
20719.72 20721.53
20717.03 20718.98
20717.03 20718.98
20717.03 20718.98
20711.53 20713.47
20711.53 20713.47
20711.03 20712.97
20710.78 20712.73
20710.78 20712.73
20711.22 20713.03
20711.22 20713.03
20711.16 20712.85
20711.16 20712.85
20712.38 20713.87
20712.53 20714.48
20712.53 20714.48
20713.78 20715.72
20713.78 20715.72
20713.08 20715.17
20713.08 20715.17
20712.41 20714.09
20710.53 20712.47
20710.53 20712.47
20710.47 20712.28
20710.47 20712.28
20710.28 20712.23
20709.97 20711.78
20709.97 20711.78
20709.97 20711.78
20709.97 20711.78
20707.72 20709.53
20707.03 20708.98
20707.03 20708.98
20706.53 20708.48
20706.73 20708.53
20706.73 20708.53
20705.97 20707.78
20706.46 20708.29
20706.46 20708.29
20705.97 20707.78
20705.97 20707.78
20705.97 20707.78
20706.38 20707.88
20706.47 20708.28
20706.47 20708.28
20706.73 20708.53
20706.73 20708.53
20709.58 20711.67
20709.58 20711.67
20710.40 20712.11
20707.40 20709.10
20707.40 20709.10
20708.81 20709.44
20711.03 20712.97
20711.03 20712.97
20711.03 20712.97
20711.91 20713.59
20711.91 20713.59
20712.03 20713.98
20711.98 20713.78
20711.98 20713.78
20712.98 20714.78
20710.41 20712.10
20710.41 20712.10
20710.41 20712.10
20710.41 20712.09
20709.91 20711.60
20709.91 20711.60
20708.71 20710.54
20708.71 20710.54
20707.47 20709.28
20707.47 20709.28
20707.41 20709.09
20707.53 20709.47
20707.53 20709.47
20709.38 20710.88
20709.38 20710.88
20709.28 20711.22
20710.65 20712.35
20710.65 20712.35
20710.65 20712.35
20710.72 20712.53
20710.72 20712.53
20710.72 20712.53
20710.72 20712.53
20710.39 20711.86
20710.39 20711.86
20710.65 20712.36
20710.65 20712.36
20710.65 20712.36
20710.56 20711.19
20711.58 20713.67
20711.58 20713.67
20711.03 20712.97
20711.03 20712.97
20711.22 20713.03
20711.22 20713.03
20710.72 20712.53
20710.72 20712.53
20711.28 20713.23
20710.23 20712.03
20710.23 20712.03
20710.23 20712.03
20708.90 20710.60
20708.90 20710.60
20708.78 20710.73
20708.78 20710.73
20709.03 20710.98
20709.03 20710.98
20709.22 20711.03
20708.90 20710.60
20708.90 20710.60
20709.03 20710.98
20709.03 20710.98
20710.53 20712.48
20710.53 20712.48
20708.72 20710.53
20708.23 20710.03
20708.23 20710.03
20708.71 20710.54
20708.71 20710.54
20709.53 20711.48
20711.53 20713.47
20711.53 20713.47
20712.47 20714.28
20712.47 20714.28
20713.28 20715.22
20713.28 20715.22
20712.53 20714.47
20712.53 20714.47
20713.40 20715.11
20713.40 20715.11
20713.31 20713.95
20712.97 20714.78
20712.97 20714.78
20712.78 20714.73
20712.78 20714.73
20713.03 20714.97
20713.03 20714.97
20713.22 20715.03
20713.22 20715.03
20713.22 20715.03
20714.53 20716.47
20716.48 20718.28
20716.48 20718.28
20717.66 20719.35
20719.53 20721.47
20719.53 20721.47
20718.72 20720.53
20718.72 20720.53
20718.91 20720.59
20719.28 20721.22
20719.28 20721.22
20719.73 20721.53
20719.73 20721.53
20718.71 20720.54
20717.71 20719.54
20717.71 20719.54
20722.23 20724.03
20722.23 20724.03
20720.98 20722.78
20721.03 20722.98
20721.03 20722.98
20720.53 20722.47
20720.53 20722.47
20719.98 20721.78
20719.98 20721.78
20721.03 20722.97
20721.03 20722.97
20720.78 20722.73
20721.28 20723.22
20721.28 20723.22
20721.28 20723.22
20721.28 20723.22
20721.66 20723.34
20721.66 20723.34
20721.53 20723.47
20721.53 20723.47
20720.47 20722.28
20722.66 20724.34
20722.66 20724.34
20722.28 20724.23
20721.47 20723.28
20721.47 20723.28
20720.78 20722.73
20720.03 20721.97
20720.03 20721.97
20720.03 20721.97
20719.78 20721.72
20718.28 20720.23
20718.28 20720.23
20717.05 20717.70
20717.05 20717.70
20716.21 20718.04
20716.21 20718.04
20718.21 20720.04
20718.21 20720.04
20717.78 20719.72
20717.78 20719.72
20717.53 20719.47
20717.53 20719.47
20717.53 20719.47
20718.23 20720.03
20718.23 20720.03
20720.28 20722.22
20720.28 20722.22
20720.91 20722.59
20720.91 20722.59
20720.53 20722.48
20720.53 20722.48
20720.73 20722.53
20720.73 20722.53
20720.78 20722.72
20720.78 20722.72
20722.33 20724.42
20722.33 20724.42
20722.28 20724.23
20723.03 20724.97
20723.03 20724.97
20722.78 20724.73
20722.78 20724.73
20725.33 20727.42
20724.97 20726.78
20724.97 20726.78
20724.90 20726.60
20724.90 20726.60
20726.06 20726.69
20726.06 20726.69
20724.03 20725.98
20724.03 20725.98
20724.03 20725.98
20723.22 20725.03
20723.22 20725.03
20723.78 20725.72
20723.78 20725.72
20726.48 20728.28
20724.33 20726.42
20724.33 20726.42
20724.23 20726.03
20724.23 20726.03
20722.53 20724.47
20722.53 20724.47
20723.15 20724.85
20723.15 20724.85
20722.28 20724.23
20722.28 20724.23
20722.47 20724.28
20722.47 20724.28
20723.08 20725.17
20722.03 20723.98
20722.03 20723.98
20722.48 20724.28
20722.48 20724.28
20721.03 20722.97
20721.03 20722.97
20720.78 20722.73
20720.97 20722.78
20720.97 20722.78
20723.28 20725.22
20726.33 20728.42
20726.33 20728.42
20726.98 20728.78
20727.72 20729.53
20727.72 20729.53
20726.33 20728.42
20724.83 20726.92
20724.83 20726.92
20724.66 20726.35
20724.66 20726.35
20724.96 20726.79
20724.96 20726.79
20723.98 20725.78
20723.22 20725.03
20723.22 20725.03
20723.22 20725.03
20723.22 20725.03
20722.53 20724.48
20721.03 20722.97
20721.03 20722.97
20721.91 20723.60
20721.91 20723.60
20722.22 20724.03
20722.22 20724.03
20721.13 20723.37
20721.13 20723.37
20722.03 20723.98
20721.78 20723.73
20721.78 20723.73
20720.65 20722.35
20720.65 20722.35
20720.53 20722.47
20720.53 20722.47
20720.53 20722.47
20720.90 20722.61
20720.90 20722.60
20720.90 20722.60
