20994.67 20995.83
20994.67 20995.83
20994.67 20995.83
20994.14 20995.61
20994.16 20995.35
20994.16 20995.35
20993.64 20995.11
20993.64 20995.11
20992.88 20994.37
20992.88 20994.37
20993.16 20994.35
20993.16 20994.35
20991.91 20993.09
20991.91 20993.09
20992.06 20992.69
20991.66 20992.85
20991.66 20992.85
20991.63 20993.12
20991.63 20993.12
20991.67 20992.83
20991.67 20992.83
20993.41 20994.59
20993.41 20994.59
20994.38 20995.87
20995.06 20995.69
20995.06 20995.69
20995.06 20995.69
20994.66 20995.84
20994.66 20995.84
20994.66 20995.84
20993.91 20995.10
20993.91 20995.10
20993.39 20994.86
20993.39 20994.86
20993.67 20994.83
20993.66 20994.84
20993.66 20994.84
20993.42 20994.59
20993.42 20994.59
20993.42 20994.58
20993.42 20994.58
20993.81 20994.44
20993.81 20994.44
20993.81 20994.44
20993.66 20994.84
20993.66 20994.84
20993.91 20995.09
20993.42 20994.58
20993.42 20994.58
20993.66 20994.84
20993.66 20994.84
20993.66 20994.84
20993.89 20995.36
20993.89 20995.36
20993.91 20995.09
20993.91 20995.09
20994.30 20994.95
20993.38 20994.87
20993.38 20994.87
20993.66 20994.84
20993.66 20994.84
20993.66 20994.84
20993.66 20994.84
20994.31 20994.94
20993.91 20995.09
20993.91 20995.09
20993.91 20995.09
20994.16 20995.34
20993.89 20995.36
20993.89 20995.36
20993.89 20995.36
20993.91 20995.10
20993.91 20995.10
20993.91 20995.10
20993.88 20995.37
20993.88 20995.37
20994.17 20995.33
20993.87 20995.38
20993.87 20995.38
20993.87 20995.38
20993.87 20995.38
20994.17 20995.33
20994.17 20995.33
20993.67 20994.83
20993.67 20994.83
20993.42 20994.58
20993.42 20994.58
20993.66 20994.84
20993.66 20994.84
20993.67 20994.83
20993.67 20994.83
20993.67 20994.83
20993.66 20994.84
20993.66 20994.84
20994.05 20994.70
20993.66 20994.84
20993.66 20994.84
20993.41 20994.59
20993.41 20994.59
20993.15 20994.35
20993.15 20994.35
20993.15 20994.35
20992.87 20994.38
20992.87 20994.38
20992.41 20993.59
20992.41 20993.59
20992.17 20993.33
20992.17 20993.33
20991.88 20993.37
20991.88 20993.37
20991.88 20993.37
20991.63 20993.12
20992.13 20993.62
20992.13 20993.62
20992.37 20993.88
20992.37 20993.88
20992.37 20993.88
20992.67 20993.83
20992.67 20993.83
20992.67 20993.83
20991.88 20993.37
20991.88 20993.37
20992.30 20992.95
20991.88 20993.37
20991.88 20993.37
20991.88 20993.37
20991.88 20993.37
20991.14 20992.61
20991.14 20992.61
20991.39 20992.86
20991.39 20992.86
20991.41 20992.59
20991.41 20992.59
20991.41 20992.59
20991.41 20992.59
20991.67 20992.83
20991.63 20992.38
20991.63 20992.38
20991.63 20992.38
20991.91 20993.09
20991.67 20992.83
20991.67 20992.83
20991.67 20992.83
20991.63 20993.12
20991.63 20993.12
20991.63 20993.12
20991.67 20992.84
20991.67 20992.84
20992.41 20993.59
20992.66 20993.84
20992.66 20993.84
20992.92 20994.08
20992.92 20994.08
20993.17 20994.33
20993.17 20994.33
20993.17 20994.33
20993.55 20994.20
20993.55 20994.20
20992.89 20994.36
20992.89 20994.36
20993.06 20993.69
20993.06 20993.69
20992.13 20993.62
20992.13 20993.62
20992.42 20993.58
20992.42 20993.58
20992.41 20993.59
20992.41 20993.59
20993.31 20993.94
20993.31 20993.94
20992.42 20993.58
20992.42 20993.58
20992.42 20993.58
20992.42 20993.58
20992.56 20993.19
20992.56 20993.19
20992.17 20993.34
20992.17 20993.34
20991.88 20993.37
20991.88 20993.37
20991.88 20993.37
20991.88 20993.37
20992.41 20993.59
20992.41 20993.59
20992.38 20993.87
20992.38 20993.87
20992.56 20993.19
20992.56 20993.19
20992.17 20993.33
20992.41 20993.59
20992.41 20993.59
20992.91 20994.09
20992.91 20994.09
20992.80 20993.45
20992.41 20993.59
20992.41 20993.59
20992.41 20993.59
20992.16 20993.34
20991.91 20993.09
20991.91 20993.09
20991.91 20993.09
20991.64 20993.11
20991.64 20993.11
20992.67 20993.84
20993.89 20995.36
20992.67 20993.83
20992.67 20993.83
20992.91 20994.09
20992.91 20994.09
20993.05 20993.70
20993.05 20993.70
20992.92 20994.08
20992.92 20994.08
20993.42 20994.59
20993.42 20994.59
20993.17 20994.34
20993.17 20994.34
20992.88 20994.37
20992.88 20994.37
20992.88 20994.37
20992.88 20994.37
20992.88 20994.37
20993.17 20994.33
20993.17 20994.33
20992.88 20994.37
20993.17 20994.33
20993.17 20994.33
20992.63 20994.12
20992.63 20994.12
20993.17 20994.33
20993.16 20994.34
20993.16 20994.34
20993.16 20994.34
20993.16 20994.34
20993.16 20994.34
20993.56 20994.19
20994.91 20996.59
20994.91 20996.59
20995.16 20996.34
20994.17 20995.34
20994.17 20995.34
20994.17 20995.34
20994.17 20995.34
20994.17 20995.34
20994.55 20995.20
20994.55 20995.20
20995.16 20996.34
20995.16 20996.34
20995.31 20995.94
20995.31 20995.94
20994.91 20996.09
20994.91 20996.09
20993.67 20994.83
20993.67 20994.83
20993.66 20994.84
20993.66 20994.84
20993.66 20994.84
20993.41 20994.59
20993.41 20994.59
20993.41 20994.59
20993.38 20994.87
20993.38 20994.87
20993.66 20994.84
20993.31 20993.94
21000.13 21001.62
21000.13 21001.62
20999.91 21001.10
20999.91 21001.10
20996.88 20998.37
20996.88 20998.37
20997.16 20998.35
20997.16 20998.34
20997.16 20998.34
20998.63 21000.12
20998.63 21000.12
21000.17 21001.34
21000.16 21001.35
21000.16 21001.35
20998.66 20999.84
20998.66 20999.84
20999.16 21000.34
20999.16 21000.34
20999.16 21000.34
20999.17 21000.34
20999.17 21000.34
20997.66 20998.84
20996.13 20997.62
20996.13 20997.62
20995.66 20996.85
20995.66 20996.85
20995.66 20996.84
20996.91 20998.09
20996.91 20998.09
20997.42 20998.58
20997.42 20998.58
20997.89 20999.36
20997.89 20999.36
20998.16 20999.34
20998.16 20999.34
20997.13 20998.62
20995.14 20996.61
20995.14 20996.61
