20819.38 20820.87
20819.38 20820.87
20819.91 20821.59
20819.14 20820.86
20819.14 20820.86
20819.87 20821.38
20819.87 20821.38
20819.63 20821.12
20821.13 20822.62
20821.13 20822.62
20821.41 20823.09
20821.64 20823.36
20821.64 20823.36
20820.63 20822.13
20819.40 20821.10
20819.40 20821.10
20820.64 20822.11
20820.64 20822.11
20821.37 20822.88
20822.39 20823.86
20822.39 20823.86
20821.63 20823.12
20820.41 20822.10
20820.41 20822.10
20821.14 20822.61
20821.14 20822.61
20822.13 20823.62
20822.13 20823.62
20822.16 20823.85
20821.40 20823.10
20821.40 20823.10
20821.41 20823.10
20821.41 20823.10
20821.48 20823.28
20819.87 20821.38
20819.87 20821.38
20819.66 20821.35
20820.13 20821.63
20820.13 20821.63
20821.16 20822.84
20821.15 20822.86
20821.15 20822.86
20821.15 20822.86
20821.90 20823.61
20821.88 20823.38
20821.88 20823.38
20821.16 20822.85
20821.16 20822.85
20821.63 20823.12
20821.63 20823.12
20821.88 20823.37
20822.39 20823.86
20822.39 20823.86
20821.64 20823.36
20821.64 20823.36
20821.40 20823.11
20821.40 20823.11
20822.16 20823.85
20821.89 20823.36
20821.89 20823.36
20821.40 20823.10
20818.41 20820.09
20818.41 20820.09
20817.89 20819.61
20817.88 20819.37
20817.88 20819.37
20819.12 20820.63
20820.65 20822.35
20820.65 20822.35
20820.65 20822.35
20819.91 20821.59
20819.91 20821.59
20819.88 20821.37
20819.39 20820.86
20819.39 20820.86
20820.42 20821.58
20820.42 20821.58
20819.40 20821.11
20819.40 20821.11
20820.16 20821.85
20820.16 20821.85
20820.12 20821.63
20820.12 20821.63
20820.92 20822.08
20820.92 20822.08
20820.14 20821.61
20820.14 20821.61
20819.41 20821.09
20819.41 20821.09
20820.66 20822.35
20820.13 20821.62
20820.13 20821.62
20820.39 20821.86
20820.39 20821.86
20820.38 20821.87
20820.38 20821.87
20820.39 20821.86
20820.39 20821.86
20820.89 20822.36
20820.89 20822.36
20821.16 20822.85
20821.16 20822.85
20820.15 20821.86
20821.88 20823.37
20821.88 20823.37
20821.88 20823.37
20820.38 20821.87
20820.38 20821.87
20822.14 20823.86
20822.39 20823.86
20822.39 20823.86
20822.38 20823.88
20822.38 20823.88
20822.39 20823.86
20825.37 20826.88
20825.37 20826.88
20824.64 20826.11
20824.64 20826.11
20824.64 20826.11
20824.64 20826.11
20825.39 20826.86
20825.39 20826.86
20824.40 20826.10
20824.40 20826.10
20824.39 20825.86
20824.16 20825.85
20824.16 20825.85
20827.12 20828.63
20827.12 20828.63
20826.89 20828.36
20826.37 20827.88
20826.37 20827.88
20826.88 20828.37
20827.39 20828.86
20827.39 20828.86
20827.38 20828.88
20828.14 20829.86
20828.14 20829.86
20827.91 20829.09
20827.89 20829.36
20827.89 20829.36
20826.97 20828.78
20827.40 20829.11
20827.40 20829.11
20827.90 20829.61
20827.90 20829.61
20829.38 20830.87
20830.12 20831.63
20830.12 20831.63
20831.64 20833.36
20832.16 20833.84
20832.16 20833.84
20831.17 20832.33
20834.90 20836.61
20834.90 20836.61
20835.38 20836.87
20835.13 20836.62
20835.13 20836.62
20834.14 20835.86
20833.65 20835.35
20833.65 20835.35
20833.38 20834.88
20833.38 20834.88
20832.15 20833.86
20830.89 20832.36
20830.89 20832.36
20831.15 20832.86
20831.40 20833.11
20831.40 20833.11
20831.62 20833.13
20832.13 20833.62
20832.13 20833.62
20831.64 20833.11
20831.63 20833.12
20831.63 20833.12
20831.65 20833.36
20831.65 20833.36
20832.41 20834.10
20832.41 20834.10
20832.87 20834.38
20833.38 20834.87
20833.38 20834.87
20835.14 20836.86
20835.14 20836.86
20833.16 20834.34
20834.62 20836.13
20834.62 20836.13
20834.92 20836.09
20833.89 20835.61
20833.89 20835.61
20833.66 20835.35
20833.66 20835.35
20833.38 20834.88
20833.21 20835.04
20833.21 20835.04
20833.21 20835.04
20833.41 20835.10
20833.40 20835.11
20833.40 20835.11
20833.16 20834.84
20833.16 20834.84
20833.14 20834.86
20833.39 20834.86
20833.39 20834.86
20832.90 20834.60
20833.64 20835.11
20833.64 20835.11
20834.66 20836.35
20834.90 20836.61
20834.90 20836.61
20834.13 20835.62
20834.13 20835.62
20834.16 20835.84
20834.16 20835.84
20834.66 20836.34
20834.38 20835.87
20834.38 20835.87
20833.91 20835.10
20832.12 20833.63
20832.12 20833.63
20831.16 20832.85
20831.16 20832.85
20832.91 20834.59
20833.91 20835.09
20833.91 20835.09
20834.90 20836.60
20834.90 20836.60
20835.91 20837.59
20835.91 20837.59
20836.56 20837.19
20835.38 20836.88
20835.38 20836.88
20835.91 20837.09
20834.41 20836.09
20834.41 20836.09
20834.39 20835.86
20839.16 20840.34
20839.16 20840.34
20839.46 20841.29
20839.46 20841.29
20840.12 20841.63
20837.91 20839.59
20837.91 20839.59
20838.39 20840.11
20836.38 20837.87
20836.38 20837.87
20836.40 20838.10
20834.64 20836.11
20834.64 20836.11
20833.64 20835.11
20832.88 20834.37
20832.88 20834.37
20831.66 20833.35
20832.40 20834.11
20832.40 20834.11
20831.38 20832.87
20830.89 20832.36
20830.89 20832.36
20827.91 20829.59
20829.62 20831.13
20829.62 20831.13
20828.89 20830.36
20827.90 20829.61
20827.90 20829.61
20829.41 20830.59
20829.41 20830.59
20828.64 20830.36
20827.13 20828.62
20827.13 20828.62
20827.41 20828.60
20827.41 20828.60
20826.88 20828.38
20825.64 20827.11
20825.64 20827.11
20824.39 20825.86
20825.38 20826.87
20825.38 20826.87
20822.40 20824.10
20821.66 20823.35
20821.66 20823.35
20820.14 20821.61
20820.14 20821.61
20822.38 20823.87
20822.14 20823.61
20822.14 20823.61
20823.88 20825.37
20822.90 20824.61
20822.90 20824.61
20823.16 20824.34
20823.63 20825.13
20823.63 20825.13
20823.88 20825.37
20825.14 20826.61
20825.14 20826.61
20823.91 20825.60
20822.87 20824.38
20822.87 20824.38
20822.40 20823.60
20822.40 20823.60
20822.13 20823.62
20820.66 20821.85
20820.66 20821.85
20820.15 20821.86
20819.46 20821.29
20819.46 20821.29
20820.17 20821.34
20818.40 20820.11
20818.40 20820.11
20817.66 20819.35
20815.90 20817.61
20815.90 20817.61
20815.91 20817.59
20815.89 20817.61
20815.89 20817.61
20815.91 20817.60
20815.40 20817.11
20815.40 20817.11
20817.16 20818.84
20818.15 20819.86
20818.15 20819.86
20816.14 20817.86
20817.38 20818.87
20817.38 20818.87
20816.41 20817.59
20816.41 20817.59
20817.90 20819.61
20818.15 20819.86
20818.15 20819.86
20816.66 20818.35
20816.63 20818.12
20816.63 20818.12
20817.31 20817.94
20816.66 20818.34
20816.66 20818.34
20816.63 20818.12
20816.43 20817.58
20816.43 20817.58
20816.65 20818.36
20815.93 20817.08
20815.93 20817.08
20817.91 20819.59
20818.38 20819.88
20818.38 20819.88
20818.65 20820.35
20819.39 20820.86
20819.39 20820.86
20819.14 20820.61
20819.39 20820.86
20819.39 20820.86
20818.91 20820.59
20818.13 20819.62
20818.13 20819.62
20817.12 20818.63
20816.38 20817.87
20816.38 20817.87
20816.38 20817.87
20816.90 20818.60
20817.13 20818.63
20817.13 20818.63
20817.41 20819.10
20818.16 20819.85
20818.16 20819.85
20815.91 20817.09
20815.91 20817.09
20815.66 20817.35
20815.66 20817.35
20816.65 20818.36
20815.89 20817.61
20815.89 20817.61
20815.89 20817.61
20817.42 20818.58
20818.64 20820.11
20818.64 20820.11
20818.64 20820.11
20819.16 20820.35
20819.91 20821.60
20819.91 20821.60
20820.88 20822.38
20821.64 20823.11
20821.64 20823.11
20820.89 20822.36
20820.89 20822.36
20820.38 20821.87
20820.38 20821.87
20819.87 20821.38
20819.87 20821.38
20820.39 20821.86
20820.39 20821.86
20818.62 20820.13
20817.90 20819.61
20817.90 20819.61
20817.63 20819.12
20817.41 20819.10
20817.41 20819.10
20817.64 20819.11
20817.64 20819.11
20817.64 20819.11
20816.40 20818.11
20814.14 20815.61
20814.14 20815.61
20817.16 20818.84
20817.37 20818.88
20817.37 20818.88
20817.66 20818.84
20816.66 20817.84
20816.66 20817.84
20816.66 20817.84
20816.42 20817.59
20816.42 20817.59
20817.13 20818.62
20816.65 20818.36
20816.65 20818.36
20819.17 20820.33
20819.17 20820.33
20821.93 20823.08
20822.89 20824.36
20822.89 20824.36
20822.88 20824.37
20822.89 20824.36
20822.89 20824.36
20821.40 20823.11
20819.66 20821.35
20819.66 20821.35
20820.40 20822.11
20819.91 20821.60
20819.91 20821.60
20818.41 20820.09
20817.39 20818.86
20817.39 20818.86
20819.40 20821.10
20819.12 20820.63
20819.12 20820.63
20819.12 20820.63
20818.40 20820.11
20817.40 20819.11
20817.40 20819.11
20817.88 20819.37
20817.88 20819.37
20818.90 20820.61
20818.90 20820.61
20819.37 20820.88
20819.37 20820.88
20819.40 20821.11
20819.40 20821.11
20823.88 20825.38
20823.64 20825.11
20823.64 20825.11
20826.88 20828.38
20826.88 20828.38
20829.16 20830.34
20829.14 20830.61
20829.14 20830.61
20829.88 20831.38
20830.64 20832.11
20830.64 20832.11
20829.90 20831.10
20831.63 20833.13
20831.63 20833.13
20831.15 20832.86
20832.66 20833.84
20832.66 20833.84
20831.89 20833.36
20831.89 20833.36
20830.88 20832.37
20830.66 20832.34
20830.66 20832.34
20830.63 20832.13
20830.12 20831.63
20830.12 20831.63
20829.66 20830.84
20830.13 20831.63
20830.13 20831.63
20830.14 20831.61
20830.56 20831.19
20830.56 20831.19
20831.66 20832.84
20831.38 20832.88
20831.38 20832.88
20831.64 20833.11
20832.16 20833.34
20832.16 20833.34
20831.89 20833.36
20831.89 20833.36
20832.62 20834.13
20833.91 20835.09
20833.91 20835.09
20833.64 20835.36
20834.13 20835.62
20834.13 20835.62
20833.63 20835.13
20832.15 20833.85
20832.15 20833.85
20832.16 20833.35
20832.16 20833.35
20830.90 20832.61
20829.89 20831.61
20829.89 20831.61
20830.14 20831.86
20829.66 20831.35
20829.66 20831.35
20829.13 20830.63
20825.91 20827.60
20825.91 20827.60
20825.66 20826.85
20825.66 20826.85
20824.66 20826.34
20823.13 20824.62
20823.13 20824.62
20823.64 20825.11
20823.64 20825.11
20825.39 20827.11
20825.39 20827.11
20825.39 20827.11
20825.39 20826.86
20823.15 20824.86
20823.15 20824.86
20821.66 20823.35
20822.31 20822.94
20822.31 20822.94
20823.63 20825.13
20822.90 20824.61
20822.90 20824.61
20822.91 20824.60
20822.91 20824.60
20823.13 20824.62
20823.13 20824.62
20823.38 20824.87
20823.38 20824.87
20822.16 20823.85
20824.40 20826.11
20824.40 20826.11
20824.40 20826.10
20824.40 20826.10
20824.81 20825.44
20824.81 20825.44
20824.39 20825.86
20826.14 20827.86
20826.14 20827.86
20826.91 20828.59
20826.16 20827.85
20826.16 20827.85
20825.41 20827.09
20825.41 20827.09
20825.41 20827.09
20825.38 20826.87
20822.39 20824.11
20822.39 20824.11
20822.39 20823.86
20822.39 20823.86
20822.42 20823.59
20822.38 20823.88
20822.38 20823.88
20822.16 20823.85
20820.89 20822.36
20820.89 20822.36
20820.16 20821.84
20820.16 20821.84
20821.12 20822.63
20820.13 20821.62
20820.13 20821.62
20819.63 20821.13
20819.64 20821.36
20819.64 20821.36
20819.64 20821.36
20819.66 20821.35
20819.12 20820.63
20819.12 20820.63
20818.91 20820.60
20818.91 20820.60
20819.13 20820.62
20817.90 20819.61
20817.90 20819.61
20818.15 20819.86
20818.15 20819.86
20817.65 20819.36
20817.96 20819.79
20817.96 20819.79
20817.38 20818.87
20817.38 20818.87
20817.12 20818.63
20814.96 20816.79
20814.96 20816.79
20813.96 20815.79
20815.66 20817.35
20815.66 20817.35
20816.64 20818.11
20816.91 20818.60
20816.91 20818.60
20815.96 20817.79
20816.63 20818.12
20816.63 20818.12
20816.14 20817.61
20815.89 20817.61
20815.89 20817.61
20814.88 20816.37
20812.62 20814.13
20812.62 20814.13
20812.62 20814.13
20812.90 20814.61
20814.38 20815.87
20814.38 20815.87
20815.48 20817.28
20816.46 20818.29
20816.46 20818.29
20818.13 20819.62
20818.89 20820.61
20818.89 20820.61
20818.63 20820.12
20818.63 20820.12
20817.65 20819.36
20817.65 20819.36
20816.91 20818.59
20817.15 20818.86
20817.15 20818.86
20817.13 20818.62
20817.67 20818.83
20817.67 20818.83
20817.65 20819.35
20817.65 20819.35
20817.89 20819.61
20817.89 20819.61
20818.63 20820.12
20821.39 20822.86
20821.39 20822.86
