20963.14 20964.61
20963.14 20964.61
20963.14 20964.61
20963.14 20964.61
20963.42 20964.58
20963.90 20965.10
20963.90 20965.10
20963.88 20965.38
20963.88 20965.38
20965.40 20966.60
20967.17 20968.33
20967.17 20968.33
20966.92 20968.08
20966.92 20968.08
20967.31 20967.94
20966.41 20967.59
20966.41 20967.59
20967.92 20969.08
20967.16 20968.35
20967.16 20968.35
20968.18 20969.33
20966.91 20968.09
20966.91 20968.09
20967.37 20968.88
20967.16 20968.34
20967.16 20968.34
20968.16 20969.34
20968.16 20969.34
20969.91 20971.09
20969.92 20971.08
20969.92 20971.08
20970.42 20971.58
20970.42 20971.58
20969.92 20971.08
20970.38 20971.87
20970.38 20971.87
20971.92 20973.08
20973.91 20975.09
20973.91 20975.09
20974.66 20975.84
20974.66 20975.84
20974.66 20975.84
20975.67 20976.83
20975.16 20976.34
20975.16 20976.34
20975.42 20976.58
20976.37 20977.88
20976.37 20977.88
20976.13 20977.62
20976.30 20976.95
20976.30 20976.95
20975.67 20976.83
20975.91 20977.09
20975.91 20977.09
20973.15 20974.35
20972.64 20974.11
20972.64 20974.11
20973.66 20974.85
20973.87 20975.38
20973.87 20975.38
20973.14 20974.61
20972.66 20973.85
20972.66 20973.85
20972.67 20973.83
20972.91 20974.09
20972.91 20974.09
20973.66 20974.84
20975.05 20975.70
20975.05 20975.70
20975.39 20976.86
20975.39 20976.86
20975.67 20976.83
20975.66 20976.84
20975.66 20976.84
20975.39 20976.86
20975.06 20975.69
20975.06 20975.69
20974.91 20976.09
20974.91 20976.09
20974.14 20975.61
20974.17 20975.33
20974.17 20975.33
20974.14 20975.61
20971.39 20972.86
20971.39 20972.86
20970.91 20972.09
20971.16 20972.34
20971.16 20972.34
20972.42 20973.59
20972.38 20973.87
20972.38 20973.87
20969.89 20971.36
20970.42 20971.58
20970.42 20971.58
20970.80 20971.45
20970.80 20971.45
20973.41 20974.59
20972.88 20974.38
20972.88 20974.38
20971.64 20973.11
20971.92 20973.09
20971.92 20973.09
20971.14 20972.61
20970.87 20972.38
20970.87 20972.38
20969.89 20971.36
20970.16 20971.34
20970.16 20971.34
20970.16 20971.34
20968.63 20970.13
20968.63 20970.13
20967.64 20969.11
20965.43 20966.58
20965.43 20966.58
20964.64 20966.11
20963.43 20964.58
20963.43 20964.58
20964.37 20965.88
20964.39 20965.86
20964.39 20965.86
20962.88 20964.37
20962.39 20963.86
20962.39 20963.86
20965.05 20965.70
20963.66 20964.84
20963.66 20964.84
20965.66 20966.84
20965.66 20966.84
20965.39 20966.86
20965.39 20966.86
20964.89 20966.36
20965.81 20966.44
20965.81 20966.44
20965.89 20967.36
20965.93 20967.08
20965.93 20967.08
20965.17 20966.34
20965.17 20966.34
20965.17 20966.34
20965.15 20966.35
20965.15 20966.35
20965.41 20966.59
20965.41 20966.59
20964.16 20965.34
20964.92 20966.09
20964.64 20966.11
20964.64 20966.11
20964.63 20966.12
20964.63 20966.12
20964.66 20965.84
20965.18 20966.33
20965.18 20966.33
20965.43 20966.58
20965.43 20966.58
20965.06 20965.69
20964.39 20965.86
20964.88 20966.37
20964.88 20966.37
20964.66 20965.84
20964.66 20965.84
20964.91 20966.10
20964.92 20966.08
20964.92 20966.08
20964.64 20966.11
20964.66 20965.84
20964.66 20965.84
20962.81 20963.44
20961.43 20962.58
20961.43 20962.58
20961.38 20962.87
20959.88 20961.37
20958.64 20960.11
20958.64 20960.11
20958.68 20959.83
20958.68 20959.83
20959.91 20961.09
20958.88 20960.37
20958.88 20960.37
20960.06 20960.69
20958.63 20960.12
20958.63 20960.12
20958.37 20959.88
20959.66 20960.84
20959.66 20960.84
20959.64 20961.11
20959.64 20961.11
20957.87 20959.38
20957.87 20959.38
20956.88 20958.37
20958.38 20959.87
20958.38 20959.87
20960.88 20962.38
20960.66 20961.84
20960.66 20961.84
20959.66 20960.84
20959.66 20960.84
20958.88 20960.37
20958.68 20959.83
20956.91 20958.09
20956.91 20958.09
20956.41 20957.59
20956.41 20957.59
20956.66 20957.85
20956.91 20958.09
20956.91 20958.09
20957.92 20959.09
20957.66 20958.84
20957.66 20958.84
20957.39 20958.86
20957.16 20958.34
20957.16 20958.34
20958.37 20959.88
20958.37 20959.88
20958.64 20960.11
20958.64 20960.11
20958.66 20959.85
20959.81 20960.44
20959.81 20960.44
20960.06 20960.69
20960.06 20960.69
20960.91 20962.10
20960.91 20962.10
20961.38 20962.88
20962.13 20963.62
20962.13 20963.62
20961.88 20963.37
20963.67 20964.84
20963.67 20964.84
20964.40 20965.60
20964.40 20965.60
20964.16 20965.34
20964.41 20965.59
20964.41 20965.59
20962.91 20964.09
20962.91 20964.09
20961.91 20963.10
20961.91 20963.09
20961.91 20963.09
20962.17 20963.34
20962.17 20963.34
20961.42 20962.59
20961.68 20962.83
20961.68 20962.83
20960.87 20962.38
20960.87 20962.38
20960.39 20961.86
20961.39 20962.86
20961.39 20962.86
20961.66 20962.85
20962.42 20963.58
20962.42 20963.58
20962.81 20963.44
20961.13 20962.62
20961.13 20962.62
20961.14 20962.61
20961.14 20962.61
20961.66 20962.84
20961.66 20962.84
20961.39 20962.86
20961.91 20963.09
20961.91 20963.09
20962.68 20963.83
20962.66 20963.84
20962.66 20963.84
20963.41 20964.59
20963.41 20964.59
20962.88 20964.37
20963.66 20964.84
20963.41 20964.59
20963.41 20964.59
20965.30 20965.95
20965.30 20965.95
20964.93 20966.08
20964.93 20966.08
20964.66 20965.84
20964.65 20965.85
20964.65 20965.85
20965.05 20965.70
20964.68 20965.83
20964.68 20965.83
20966.31 20966.94
20966.31 20966.94
20966.81 20967.44
20966.12 20967.63
20965.89 20967.36
20965.89 20967.36
20964.68 20965.83
20964.68 20965.83
20962.91 20964.09
20964.64 20966.11
20964.64 20966.11
20964.64 20966.11
20964.89 20966.36
20964.89 20966.36
20965.18 20966.33
20965.18 20966.33
20965.18 20966.33
20965.56 20966.19
20965.56 20966.19
20964.91 20966.09
20964.41 20965.60
20964.41 20965.60
20964.14 20965.61
20964.66 20965.84
20964.66 20965.84
20964.13 20965.62
20964.13 20965.62
20964.13 20965.62
20964.13 20965.62
20964.16 20965.35
20964.14 20965.61
20964.14 20965.61
20963.64 20965.11
20963.91 20965.09
20963.91 20965.09
20964.06 20964.69
20964.06 20964.69
20963.41 20964.60
20963.41 20964.60
20963.66 20964.84
20963.66 20964.84
20962.31 20962.94
20962.63 20964.13
20962.63 20964.13
20962.80 20963.45
20961.92 20963.08
20961.92 20963.08
20961.66 20962.84
20961.88 20963.37
20961.88 20963.37
20962.39 20963.86
20962.56 20963.19
20962.56 20963.19
20961.64 20963.11
20960.92 20962.09
20960.92 20962.09
20961.16 20962.34
20962.12 20963.63
20962.12 20963.63
20961.91 20963.09
20961.91 20963.09
20962.81 20963.44
20964.56 20965.20
20964.56 20965.20
20963.88 20965.37
20963.88 20965.37
20963.62 20965.13
20962.62 20964.13
20963.16 20964.34
20963.16 20964.34
20963.18 20964.33
20963.18 20964.33
20963.64 20965.11
20963.64 20965.11
20963.67 20964.84
20964.06 20964.69
20964.06 20964.69
20964.88 20966.37
20966.93 20968.08
20966.93 20968.08
20968.55 20969.20
20968.55 20969.20
20969.39 20970.86
20969.39 20970.86
20967.89 20969.36
20969.31 20969.94
20969.31 20969.94
20967.39 20968.86
20967.39 20968.86
20967.68 20968.83
20967.68 20968.83
20968.65 20969.85
20968.88 20970.37
20968.88 20970.37
20968.41 20969.59
20968.41 20969.59
20967.16 20968.34
20965.41 20966.60
20965.41 20966.60
20965.66 20966.84
20965.66 20966.84
20964.91 20966.09
20964.91 20966.09
20963.88 20965.37
20964.16 20965.34
20964.16 20965.34
20964.42 20965.59
20964.42 20965.59
20966.14 20967.61
20966.38 20967.88
20966.38 20967.88
20966.41 20967.59
20968.16 20969.34
20968.16 20969.34
20967.88 20969.37
20967.88 20969.37
20968.42 20969.58
20969.31 20969.94
20969.31 20969.94
20969.56 20970.19
20969.41 20970.60
20969.41 20970.60
20969.89 20971.36
20969.41 20970.59
20969.41 20970.59
20969.64 20971.11
20969.64 20971.11
20969.66 20970.84
20970.31 20970.94
20970.31 20970.94
20972.56 20973.19
20972.56 20973.19
20971.41 20972.59
20971.41 20972.59
20971.41 20972.59
20968.39 20969.86
20967.87 20969.38
20967.87 20969.38
20968.16 20969.34
20968.16 20969.34
20968.16 20969.34
20968.16 20969.34
20967.66 20968.85
20968.66 20969.84
20968.66 20969.84
20969.92 20971.09
20969.92 20971.09
20969.39 20970.86
20969.92 20971.09
20969.92 20971.09
20971.06 20971.69
20971.06 20971.69
20971.30 20971.95
20970.64 20972.11
20970.64 20972.11
20970.38 20971.87
20970.12 20971.63
20970.12 20971.63
20970.13 20971.63
20969.66 20970.84
20969.66 20970.84
20969.41 20970.59
20969.41 20970.59
20969.12 20970.63
20969.12 20970.63
20969.89 20971.36
20969.89 20971.36
20969.66 20970.84
20969.66 20970.84
20969.91 20971.10
20969.91 20971.10
20969.91 20971.09
20969.91 20971.09
20969.91 20971.09
20969.91 20971.09
20969.91 20971.09
20969.66 20970.84
20969.88 20971.38
20969.88 20971.38
20970.65 20971.85
20970.65 20971.85
20969.89 20971.36
20970.38 20971.87
20970.38 20971.87
20970.39 20971.86
20970.39 20971.86
20970.41 20971.59
20970.41 20971.59
20969.67 20970.84
20970.30 20970.95
20970.30 20970.95
20970.30 20970.95
20969.39 20970.86
20969.39 20970.86
20971.15 20972.35
20971.64 20973.11
20971.64 20973.11
20971.92 20973.09
20971.92 20973.09
20971.66 20972.84
20972.66 20973.84
20972.66 20973.84
20972.42 20973.59
20972.42 20973.59
20974.31 20974.94
20973.66 20974.84
20973.66 20974.84
20974.40 20975.60
20974.40 20975.60
20973.92 20975.08
20972.67 20973.84
20972.67 20973.84
20972.67 20973.84
20971.41 20972.59
20971.80 20972.45
20971.80 20972.45
20971.93 20973.08
20971.93 20973.08
20969.41 20970.60
20968.41 20969.59
20968.41 20969.59
20968.64 20970.11
20968.06 20968.70
20968.06 20968.70
20968.91 20970.09
20968.91 20970.09
20967.81 20968.44
20967.42 20968.58
20967.42 20968.58
20967.18 20968.33
20967.92 20969.09
20967.92 20969.09
20967.81 20968.44
20968.42 20969.58
20968.42 20969.58
20968.42 20969.59
20968.16 20969.34
20968.16 20969.34
20968.92 20970.09
20968.92 20970.09
20968.92 20970.09
20970.05 20970.70
20970.05 20970.70
20970.91 20972.09
20970.91 20972.09
20971.17 20972.34
20970.91 20972.09
20970.91 20972.09
20970.16 20971.35
20970.16 20971.34
20970.16 20971.34
20970.38 20971.87
20970.38 20971.87
20970.81 20971.44
20972.13 20973.62
20972.13 20973.62
20972.41 20973.59
20972.88 20974.37
20972.88 20974.37
20973.67 20974.84
20973.14 20974.61
20973.14 20974.61
20973.17 20974.34
20973.64 20975.11
20973.64 20975.11
20973.31 20973.94
20973.31 20973.94
20973.89 20975.36
20973.89 20975.36
20973.66 20974.84
20973.66 20974.84
20973.90 20975.10
20973.90 20975.10
20973.91 20975.09
20973.91 20975.09
20974.06 20974.69
20974.66 20975.84
20974.66 20975.84
20974.41 20975.59
20973.66 20974.84
20973.66 20974.84
20971.89 20973.36
20971.89 20973.36
20971.06 20971.69
20970.92 20972.09
20970.92 20972.09
20971.05 20971.70
20971.05 20971.70
20969.47 20971.28
20969.47 20971.28
20969.56 20970.19
20969.56 20970.19
20969.17 20970.34
20969.16 20970.34
20969.16 20970.34
20969.17 20970.34
20969.17 20970.34
20968.87 20970.38
20968.87 20970.38
20969.42 20970.59
20969.39 20970.86
20969.39 20970.86
20969.56 20970.19
20969.56 20970.19
20969.48 20971.28
20971.42 20972.58
20970.39 20971.86
20970.39 20971.86
20970.91 20972.09
20970.91 20972.09
20970.17 20971.34
20968.91 20970.09
20968.91 20970.09
20969.16 20970.34
20969.16 20970.34
20968.63 20970.12
20968.63 20970.12
20969.30 20969.95
20969.30 20969.95
20969.65 20970.85
20969.89 20971.36
20969.89 20971.36
20969.67 20970.83
20969.67 20970.83
20969.13 20970.62
20969.13 20970.62
20968.90 20970.10
20969.31 20969.95
20969.31 20969.95
20968.67 20969.83
20968.43 20969.58
20968.43 20969.58
20969.12 20970.63
20969.12 20970.63
20969.63 20971.13
20969.63 20971.13
20968.88 20970.38
20967.66 20968.84
20967.66 20968.84
20968.89 20970.36
20968.89 20970.36
20969.16 20970.34
20969.16 20970.34
20968.64 20970.11
