20889.17 20890.33
20889.17 20890.33
20889.63 20891.13
20890.17 20891.33
20890.17 20891.33
20890.90 20892.10
20890.90 20892.10
20893.15 20894.35
20893.62 20895.13
20893.62 20895.13
20897.41 20898.59
20897.06 20897.69
20897.06 20897.69
20898.42 20899.58
20898.42 20899.59
20898.42 20899.59
20896.67 20897.84
20896.17 20897.33
20896.17 20897.33
20895.67 20896.84
20897.63 20899.12
20897.63 20899.12
20897.88 20899.37
20897.88 20899.37
20897.40 20898.60
20896.39 20897.86
20896.39 20897.86
20896.64 20898.11
20896.18 20897.33
20896.18 20897.33
20896.88 20898.38
20896.88 20898.38
20897.17 20898.33
20898.41 20899.59
20898.41 20899.59
20897.92 20899.08
20895.65 20896.85
20895.65 20896.85
20896.13 20897.62
20895.38 20896.88
20895.38 20896.88
20896.92 20898.08
20896.64 20898.11
20896.64 20898.11
20896.67 20897.84
20896.67 20897.84
20897.17 20898.34
20896.65 20897.85
20896.65 20897.85
20895.31 20895.94
20895.90 20897.10
20895.90 20897.10
20893.88 20895.38
20891.43 20892.58
20891.43 20892.58
20890.16 20891.34
20889.17 20890.33
20889.17 20890.33
20888.64 20890.11
20888.41 20889.59
20888.41 20889.59
20888.67 20889.83
20888.64 20890.11
20888.64 20890.11
20887.90 20889.10
20887.90 20889.10
20888.63 20890.12
20887.42 20888.59
20888.39 20889.86
20888.39 20889.86
20889.14 20890.61
20889.14 20890.61
20888.91 20890.09
20889.92 20891.08
20889.92 20891.08
20890.92 20892.08
20892.38 20893.88
20892.38 20893.88
20890.38 20891.87
20888.39 20889.86
20888.39 20889.86
20888.93 20890.08
20887.13 20888.62
20887.13 20888.62
20887.88 20889.38
20887.88 20889.38
20887.41 20888.60
20886.92 20888.08
20886.92 20888.08
20884.63 20886.12
20886.37 20887.88
20886.37 20887.88
20885.42 20886.58
20883.16 20884.34
20883.16 20884.34
20885.42 20886.59
20885.42 20886.59
20885.16 20886.34
20885.17 20886.34
20885.17 20886.34
20884.38 20885.87
20884.38 20885.87
20884.67 20885.84
20884.68 20885.83
20884.68 20885.83
20884.91 20886.09
20884.91 20886.09
20887.12 20888.63
20887.14 20888.61
20887.14 20888.61
20887.41 20888.59
20885.37 20886.88
20885.37 20886.88
20883.87 20885.38
20882.64 20884.11
20882.64 20884.11
20881.14 20882.61
20881.14 20882.61
20878.62 20880.13
20879.63 20881.12
20879.63 20881.12
20878.16 20879.34
20879.87 20881.38
20879.87 20881.38
20880.89 20882.36
20879.88 20881.38
20879.88 20881.38
20877.88 20879.38
20878.90 20880.61
20878.90 20880.61
20877.90 20879.10
20877.12 20878.63
20877.12 20878.63
20876.63 20878.12
20873.39 20874.86
20873.39 20874.86
20873.92 20875.08
20873.56 20874.19
20873.56 20874.19
20870.87 20872.38
20870.67 20871.83
20870.67 20871.83
20870.42 20871.59
20870.42 20871.59
20870.91 20872.09
20869.13 20870.62
20869.13 20870.62
20869.14 20870.61
20870.66 20871.84
20870.66 20871.84
20872.12 20873.63
20871.81 20872.45
20871.81 20872.45
20871.41 20872.59
20871.63 20873.12
20871.63 20873.12
20870.91 20872.09
20872.43 20873.58
20872.43 20873.58
20879.17 20880.33
20878.67 20879.84
20878.67 20879.84
20878.81 20879.44
20877.68 20878.83
20877.68 20878.83
20876.42 20877.58
20876.42 20877.58
20876.62 20878.13
20877.64 20879.11
20877.64 20879.11
20878.39 20879.86
20878.90 20880.10
20878.90 20880.10
20879.91 20881.09
20880.38 20881.87
20880.38 20881.87
20879.92 20881.08
20881.13 20882.62
20881.13 20882.62
20881.12 20882.63
20880.89 20882.36
20880.89 20882.36
20880.38 20881.87
20880.15 20881.35
20880.15 20881.35
20881.87 20883.38
20878.67 20879.83
20878.67 20879.83
20878.63 20880.12
20878.89 20880.36
20878.89 20880.36
20878.90 20880.10
20878.41 20879.59
20878.41 20879.59
20877.39 20878.86
20877.39 20878.86
20878.92 20880.08
20878.92 20880.08
20880.14 20881.61
20880.14 20881.61
20879.87 20881.38
20880.63 20882.13
20880.63 20882.13
20882.88 20884.37
20882.88 20884.37
20881.67 20882.84
20881.13 20882.63
20881.13 20882.63
20881.38 20882.87
20883.42 20884.58
20883.42 20884.58
20886.06 20886.69
20886.13 20887.62
20886.13 20887.62
20886.18 20887.33
20886.18 20887.33
20886.13 20887.63
20885.89 20887.36
20885.89 20887.36
20887.12 20888.63
20886.89 20888.36
20886.89 20888.36
20886.89 20888.36
20884.12 20885.63
20884.12 20885.63
20884.92 20886.08
20882.13 20883.62
20882.13 20883.62
20883.90 20885.10
20882.63 20884.13
20882.63 20884.13
20879.91 20881.10
20879.66 20880.84
20879.66 20880.84
20880.37 20881.88
20880.37 20881.88
20882.31 20882.95
20882.31 20882.95
20882.88 20884.38
20882.38 20883.87
20882.12 20883.63
20882.12 20883.63
20882.66 20883.84
20882.66 20883.84
20882.41 20883.59
20883.41 20884.59
20883.41 20884.59
20883.87 20885.38
20883.41 20884.59
20883.41 20884.59
20883.67 20884.83
20883.67 20884.83
20883.67 20884.83
20885.12 20886.63
20885.89 20887.36
20885.89 20887.36
20887.42 20888.59
20887.13 20888.63
20887.13 20888.63
20888.13 20889.63
20888.13 20889.63
20888.18 20889.33
20887.92 20889.09
20887.92 20889.09
20888.66 20889.84
20888.67 20889.83
20888.67 20889.83
20889.13 20890.62
20891.17 20892.33
20891.17 20892.33
20892.91 20894.09
20892.91 20894.09
20893.30 20893.95
20892.67 20893.83
20892.67 20893.83
20891.06 20891.69
20891.39 20892.86
20891.39 20892.86
20892.12 20893.63
20892.88 20894.38
20892.88 20894.38
20891.66 20892.84
20891.66 20892.84
20891.88 20893.38
20892.12 20893.63
20890.38 20891.88
20890.38 20891.88
20892.81 20893.44
20892.81 20893.44
20893.65 20894.85
20893.92 20895.08
20893.92 20895.08
20893.63 20895.13
20892.66 20893.85
20892.66 20893.85
20892.13 20893.63
20892.13 20893.62
20892.13 20893.62
20892.18 20893.33
20891.89 20893.36
20891.89 20893.36
20891.67 20892.84
20890.66 20891.84
20890.66 20891.84
20891.14 20892.61
20891.89 20893.36
20891.89 20893.36
20892.14 20893.61
20892.14 20893.61
20892.38 20893.88
20892.38 20893.88
20891.38 20892.88
20891.38 20892.88
20893.56 20894.19
20893.56 20894.19
20892.15 20893.35
20893.41 20894.59
20893.41 20894.59
20894.91 20896.09
20893.62 20895.13
20893.62 20895.13
20892.39 20893.86
20892.41 20893.59
20892.41 20893.59
20890.92 20892.08
20891.39 20892.86
20891.39 20892.86
20889.56 20890.19
20888.41 20889.59
20888.41 20889.59
20887.42 20888.58
20887.42 20888.58
20885.87 20887.38
20885.88 20887.37
20885.88 20887.37
20884.92 20886.08
20883.87 20885.38
20883.87 20885.38
20882.90 20884.10
20882.38 20883.87
20882.38 20883.87
20884.13 20885.63
20884.17 20885.33
20884.17 20885.33
20882.66 20883.85
20882.41 20883.59
20882.41 20883.59
20882.67 20883.83
20882.67 20883.83
20881.66 20882.84
20881.17 20882.33
20881.17 20882.33
20880.88 20882.37
20881.65 20882.85
20881.65 20882.85
20882.16 20883.34
20883.37 20884.88
20883.37 20884.88
20883.38 20884.87
20883.38 20884.87
20882.67 20883.83
20881.91 20883.09
20881.91 20883.09
20879.66 20880.84
20879.39 20880.86
20879.39 20880.86
20880.42 20881.59
20880.41 20881.59
20880.41 20881.59
20879.39 20880.86
20879.39 20880.86
20877.42 20878.59
20878.38 20879.88
20878.38 20879.88
20880.06 20880.69
20880.89 20882.36
20880.89 20882.36
20880.38 20881.87
20880.13 20881.63
20880.13 20881.63
20878.64 20880.11
20878.42 20879.58
20878.42 20879.58
20879.63 20881.12
20879.63 20881.13
20879.63 20881.13
20878.38 20879.87
20878.38 20879.87
20879.17 20880.34
20879.14 20880.61
20879.14 20880.61
20880.16 20881.34
20880.87 20882.38
20880.87 20882.38
20882.05 20882.70
20884.16 20885.34
20884.16 20885.34
20885.67 20886.84
20885.17 20886.34
20885.17 20886.34
20883.66 20884.84
20884.37 20885.88
20884.37 20885.88
20884.14 20885.61
20884.67 20885.84
20884.67 20885.84
20884.88 20886.37
20884.88 20886.37
20885.37 20886.88
20886.14 20887.61
20886.14 20887.61
20886.12 20887.63
20885.92 20887.08
20885.92 20887.08
20886.66 20887.84
20885.38 20886.87
20885.38 20886.87
20886.63 20888.13
20886.63 20888.13
20886.64 20888.11
20886.64 20888.11
20886.92 20888.09
20886.92 20888.09
20887.17 20888.34
20887.42 20888.59
20887.42 20888.59
20888.16 20889.35
20889.81 20890.44
20889.81 20890.44
20891.17 20892.33
20891.93 20893.08
20891.93 20893.08
20892.92 20894.08
20892.92 20894.08
20892.41 20893.59
20893.64 20895.11
20893.64 20895.11
20895.67 20896.83
20894.92 20896.09
20894.92 20896.09
20896.91 20898.09
20896.41 20897.59
20896.41 20897.59
20898.17 20899.34
20897.63 20899.12
20897.63 20899.12
20896.66 20897.84
20896.66 20897.84
20896.42 20897.58
20893.63 20895.13
20893.63 20895.13
20893.67 20894.83
20893.42 20894.59
20893.42 20894.59
20891.38 20892.87
20893.91 20895.09
20893.91 20895.09
20894.39 20895.86
20894.16 20895.34
20894.16 20895.34
20893.67 20894.84
20894.14 20895.61
20894.14 20895.61
20894.64 20896.11
20892.16 20893.34
20892.16 20893.34
20892.37 20893.88
20892.42 20893.58
20892.42 20893.58
20892.66 20893.84
20890.64 20892.11
20890.64 20892.11
20890.37 20891.88
20892.41 20893.60
20892.41 20893.60
20892.63 20894.12
20892.18 20893.33
20892.18 20893.33
20892.68 20893.83
20892.62 20894.13
20892.62 20894.13
20890.42 20891.59
20888.16 20889.35
20888.16 20889.35
20888.91 20890.09
20891.43 20892.58
20891.43 20892.58
20890.63 20892.13
20890.39 20891.86
20890.39 20891.86
20892.17 20893.33
20892.17 20893.33
20891.63 20893.12
20892.63 20894.13
20891.40 20892.60
20891.40 20892.60
20891.38 20892.88
20891.38 20892.88
20891.39 20893.11
20891.39 20893.11
20891.89 20893.36
20890.42 20891.58
20890.42 20891.58
20890.37 20891.88
20891.16 20892.34
20891.16 20892.34
20891.67 20892.84
20891.67 20892.84
20891.63 20893.12
20891.12 20892.63
20891.12 20892.63
20892.13 20893.63
20891.43 20892.58
20891.43 20892.58
20889.93 20891.08
20891.12 20892.63
20891.12 20892.63
20890.16 20891.34
20885.89 20887.36
20885.89 20887.36
20887.66 20888.84
20888.63 20890.12
20888.63 20890.12
20887.67 20888.83
20887.13 20888.63
20887.13 20888.63
20886.88 20888.37
20887.16 20888.35
20887.16 20888.35
20886.68 20887.83
20886.68 20887.83
20887.67 20888.84
20887.12 20888.63
20887.12 20888.63
20887.62 20889.13
20885.13 20886.62
20885.13 20886.62
20882.13 20883.62
20882.42 20883.59
20882.42 20883.59
20884.63 20886.13
20886.92 20888.08
20886.92 20888.08
20887.88 20889.38
20887.92 20889.09
20887.92 20889.09
20888.13 20889.63
20888.13 20889.63
20888.81 20889.44
20889.14 20890.61
20889.14 20890.61
20888.67 20889.83
20888.17 20889.34
20888.17 20889.34
20888.66 20889.84
20888.66 20889.84
20889.31 20889.95
20892.17 20893.33
20892.17 20893.33
20890.62 20892.13
20892.14 20893.61
20892.14 20893.61
20893.40 20894.60
20893.41 20894.59
20893.41 20894.59
20893.14 20894.61
20893.41 20894.59
20893.41 20894.59
20893.17 20894.33
20893.17 20894.33
20894.68 20895.83
20896.42 20897.58
20896.42 20897.58
20893.16 20894.34
20894.41 20895.59
20894.41 20895.59
20894.42 20895.59
20894.42 20895.59
20892.91 20894.09
20891.93 20893.08
20891.93 20893.08
20892.63 20894.12
20892.63 20894.12
20893.88 20895.38
20892.37 20893.88
20892.37 20893.88
20893.42 20894.58
20892.88 20894.38
20892.88 20894.38
20891.67 20892.83
20892.14 20893.61
20892.14 20893.61
20892.14 20893.61
20891.87 20893.38
20891.87 20893.38
20892.64 20894.11
20892.66 20893.84
20892.66 20893.84
20892.88 20894.38
20894.67 20895.84
20894.67 20895.84
20894.39 20895.86
20894.39 20895.86
20895.15 20896.35
20894.37 20895.88
20894.37 20895.88
20894.88 20896.37
20894.88 20896.37
20894.67 20895.84
20894.67 20895.84
20895.16 20896.34
20894.67 20895.84
20894.67 20895.84
20893.88 20895.38
20893.88 20895.38
20894.17 20895.33
20895.16 20896.34
20895.16 20896.34
20893.37 20894.88
20891.38 20892.88
20891.63 20893.12
20891.63 20893.12
20891.38 20892.88
20891.38 20892.88
