20758.13 20759.63
20758.13 20759.63
20760.15 20761.85
20760.15 20761.85
20762.38 20763.88
20760.89 20762.61
20760.89 20762.61
20761.90 20763.60
20764.38 20765.87
20764.38 20765.87
20765.63 20767.13
20763.38 20764.87
20763.38 20764.87
20767.89 20769.36
20769.88 20771.38
20769.88 20771.38
20767.66 20769.34
20767.66 20769.34
20767.87 20769.38
20768.38 20769.87
20768.38 20769.87
20765.62 20767.13
20766.63 20768.12
20766.63 20768.12
20760.39 20761.86
20756.38 20757.87
20756.38 20757.87
20757.12 20758.63
20756.63 20758.12
20756.63 20758.12
20758.14 20759.61
20761.13 20762.63
20761.13 20762.63
20764.62 20766.13
20767.16 20768.34
20767.16 20768.34
20769.64 20771.11
20766.37 20767.88
20766.37 20767.88
20768.88 20770.37
20773.64 20775.11
20773.64 20775.11
20779.38 20780.88
20779.38 20780.87
20779.38 20780.87
20779.14 20780.61
20776.38 20777.87
20776.38 20777.87
20775.37 20776.88
20772.64 20774.11
20772.64 20774.11
20773.87 20775.38
20771.88 20773.38
20771.88 20773.38
20772.91 20774.60
20770.88 20772.38
20770.88 20772.38
20774.91 20776.60
20775.89 20777.36
20775.89 20777.36
20776.66 20778.35
20775.63 20777.13
20775.63 20777.13
20771.88 20773.37
20771.39 20772.86
20771.39 20772.86
20772.13 20773.62
20776.38 20777.88
20776.38 20777.88
20774.63 20776.12
20774.12 20775.63
20774.12 20775.63
20775.16 20776.85
20772.16 20773.85
20772.16 20773.85
20773.38 20774.88
20774.90 20776.60
20774.90 20776.60
20771.15 20772.85
20767.13 20768.63
20767.13 20768.63
20764.63 20766.12
20764.39 20766.11
20764.39 20766.11
20767.13 20768.63
20767.63 20769.12
20767.63 20769.12
20771.37 20772.88
20771.37 20772.88
20767.38 20768.87
20765.88 20767.38
20765.88 20767.38
20767.13 20768.62
20768.37 20769.88
20768.37 20769.88
20768.13 20769.63
20768.13 20769.62
20768.13 20769.62
20766.13 20767.63
20767.13 20768.63
20767.13 20768.63
20770.42 20771.58
20767.87 20769.38
20767.87 20769.38
20766.67 20767.83
20766.67 20767.83
20767.66 20768.85
20767.17 20768.34
20767.17 20768.34
20767.63 20769.12
20773.40 20774.60
20773.40 20774.60
20769.39 20771.11
20769.64 20771.11
20769.64 20771.11
20765.66 20767.34
20768.38 20769.88
20768.38 20769.88
20766.37 20767.88
20768.88 20770.38
20768.88 20770.38
20769.62 20771.13
20771.89 20773.36
20771.89 20773.36
20767.15 20768.35
20767.87 20769.38
20767.87 20769.38
20772.41 20774.10
20769.91 20771.09
20769.91 20771.09
20772.41 20773.59
20772.63 20774.12
20772.63 20774.12
20771.88 20773.38
20773.17 20774.34
20773.17 20774.34
20774.39 20775.86
20777.87 20779.38
20777.87 20779.38
20786.41 20787.59
20785.91 20787.09
20785.91 20787.09
20782.91 20784.60
20782.39 20783.86
20782.39 20783.86
20782.65 20784.35
20780.89 20782.36
20780.89 20782.36
20782.16 20783.34
20781.12 20782.63
20781.12 20782.63
20780.16 20781.34
20782.38 20783.87
20782.38 20783.87
20777.66 20778.84
20778.37 20779.88
20778.37 20779.88
20776.39 20777.86
20782.63 20784.12
20782.63 20784.12
20780.40 20782.10
20780.39 20782.11
20780.39 20782.11
20785.41 20786.59
20787.40 20789.10
20787.40 20789.10
20791.38 20792.88
20789.38 20790.87
20789.38 20790.87
20789.14 20790.61
20790.89 20792.36
20790.89 20792.36
20792.63 20794.12
20800.14 20801.61
20800.14 20801.61
20800.14 20801.61
20799.38 20800.87
20799.38 20800.87
20802.62 20804.13
20805.41 20807.10
20805.41 20807.10
20806.39 20807.86
20807.13 20808.63
20807.13 20808.63
20804.14 20805.61
20808.16 20809.34
20808.16 20809.34
20810.14 20811.61
20810.16 20811.85
20810.16 20811.85
20812.15 20813.35
20815.64 20817.36
20815.64 20817.36
20817.13 20818.63
20818.39 20819.86
20818.39 20819.86
20823.66 20824.84
20821.38 20822.87
20821.38 20822.87
20820.66 20821.84
20820.66 20821.84
20819.62 20821.13
20822.66 20823.85
20822.66 20823.85
20821.40 20822.60
20819.41 20820.59
20819.41 20820.59
20817.38 20818.87
20820.37 20821.88
20820.37 20821.88
20816.88 20818.37
20812.37 20813.88
20812.37 20813.88
20816.39 20817.86
20816.39 20817.86
20815.87 20817.38
20811.87 20813.38
20814.14 20815.61
20814.14 20815.61
20815.64 20817.36
20815.64 20817.36
20814.63 20816.12
20808.87 20810.38
20808.87 20810.38
20808.67 20809.83
20805.89 20807.36
20805.89 20807.36
20809.92 20811.08
20809.91 20811.59
20809.91 20811.59
20808.66 20810.34
20808.38 20809.88
20808.38 20809.88
20808.14 20809.61
20806.91 20808.09
20806.91 20808.09
20805.13 20806.63
20804.38 20805.87
20804.38 20805.87
20806.88 20808.38
20812.39 20813.86
20812.39 20813.86
20812.14 20813.61
20814.88 20816.37
20814.88 20816.37
20812.63 20814.13
20815.06 20815.69
20815.06 20815.69
20816.12 20817.63
20814.39 20815.86
20814.39 20815.86
20816.39 20817.86
20816.38 20817.88
20816.38 20817.88
20813.64 20815.11
20812.38 20813.88
20812.38 20813.88
20814.88 20816.37
20810.13 20811.62
20810.13 20811.62
20806.88 20808.38
20815.14 20816.61
20815.14 20816.61
20817.13 20818.63
20821.14 20822.61
20821.14 20822.61
20816.38 20817.88
20816.38 20817.88
20815.62 20817.13
20815.91 20817.60
20815.91 20817.60
20815.13 20816.62
20816.62 20818.13
20816.62 20818.13
20817.14 20818.61
20815.13 20816.62
20815.13 20816.62
20814.62 20816.13
20814.63 20816.12
20814.63 20816.12
20818.39 20819.86
20818.39 20819.86
20818.37 20819.88
20818.38 20819.87
20818.38 20819.87
20820.40 20822.10
20820.40 20822.11
20820.40 20822.11
20820.63 20822.12
20820.90 20822.60
20820.90 20822.60
20820.38 20821.88
20816.64 20818.11
20816.64 20818.11
20815.14 20816.61
20817.41 20818.59
20817.41 20818.59
20823.13 20824.62
20821.88 20823.37
20821.88 20823.37
20822.39 20823.86
20822.38 20823.87
20822.38 20823.87
20823.88 20825.38
20826.63 20828.12
20826.63 20828.12
20827.90 20829.10
20824.91 20826.59
20824.91 20826.59
20824.66 20826.35
20825.88 20827.37
20825.88 20827.37
20831.66 20833.35
20832.91 20834.09
20832.91 20834.09
20831.37 20832.88
20828.89 20830.36
20828.89 20830.36
20830.91 20832.60
20833.87 20835.38
20833.87 20835.38
20836.38 20837.88
20833.13 20834.62
20833.13 20834.62
20834.14 20835.61
20833.38 20834.87
20833.38 20834.87
20833.12 20834.63
20830.88 20832.37
20830.88 20832.37
20831.92 20833.08
20833.39 20834.86
20833.39 20834.86
20832.63 20834.12
20832.63 20834.12
20835.66 20836.84
20838.39 20839.86
20838.39 20839.86
20839.64 20841.11
20840.39 20841.86
20840.39 20841.86
20839.39 20840.86
20837.68 20838.83
20837.68 20838.83
20833.13 20834.62
20835.12 20836.63
20835.12 20836.63
20831.14 20832.61
20829.37 20830.88
20829.37 20830.88
20828.38 20829.87
20830.38 20831.88
20830.38 20831.88
20824.88 20826.37
20824.12 20825.63
20824.12 20825.63
20823.88 20825.37
20821.88 20823.38
20821.88 20823.38
20827.13 20828.62
20826.87 20828.38
20826.87 20828.38
20828.66 20829.84
20826.65 20828.36
20826.65 20828.36
20825.14 20826.61
20821.38 20822.88
20821.38 20822.88
20821.87 20823.38
20817.39 20818.86
20817.39 20818.86
20816.37 20817.88
20817.62 20819.13
20817.62 20819.13
20817.63 20819.12
20817.39 20818.86
20817.39 20818.86
20816.17 20817.33
20813.89 20815.36
20813.89 20815.36
20810.13 20811.62
20815.13 20816.62
20815.13 20816.62
20813.89 20815.36
20814.39 20815.86
20814.39 20815.86
20811.89 20813.36
20811.12 20812.63
20811.12 20812.63
20811.14 20812.61
20812.41 20813.59
20812.41 20813.59
20813.63 20815.13
20813.63 20815.13
20812.88 20814.38
20810.88 20812.38
20810.88 20812.38
20809.64 20811.11
20807.89 20809.36
20807.89 20809.36
20809.14 20810.61
20810.12 20811.63
20810.12 20811.63
20806.64 20808.11
20810.42 20811.58
20810.42 20811.58
20809.92 20811.08
20809.92 20811.08
20808.89 20810.36
20806.88 20808.37
20806.88 20808.37
20805.38 20806.87
20809.13 20810.63
20809.13 20810.63
20813.12 20814.63
20812.40 20813.60
20812.40 20813.60
20806.38 20807.87
20802.67 20803.83
20802.67 20803.83
20812.15 20813.85
20808.87 20810.38
20808.87 20810.38
20809.91 20811.09
20810.88 20812.38
20810.88 20812.38
20814.62 20816.13
20811.14 20812.61
20811.14 20812.61
20809.13 20810.62
20813.37 20814.88
20813.37 20814.88
20810.39 20811.86
20805.39 20806.86
20805.39 20806.86
20803.88 20805.38
20803.88 20805.38
20807.13 20808.62
20808.64 20810.11
20808.64 20810.11
20808.37 20809.88
20809.64 20811.36
20809.64 20811.36
20805.15 20806.85
20805.63 20807.13
20805.63 20807.13
20804.64 20806.11
20806.13 20807.62
20806.13 20807.62
20806.37 20807.88
20805.13 20806.63
20805.13 20806.63
20806.14 20807.61
20807.63 20809.13
20807.63 20809.13
20804.92 20806.09
20798.88 20800.37
20798.88 20800.37
20798.62 20800.13
20796.88 20798.37
20796.88 20798.37
20792.13 20793.63
20792.63 20794.13
20792.63 20794.13
20792.14 20793.61
20793.88 20795.38
20793.88 20795.38
20797.63 20799.12
20800.92 20802.09
20800.92 20802.09
20801.88 20803.38
20800.64 20802.11
20800.64 20802.11
20804.13 20805.63
20805.62 20807.13
20805.62 20807.13
20807.13 20808.63
20808.38 20809.87
20808.38 20809.87
20804.16 20805.34
20802.41 20804.09
20802.41 20804.09
20797.89 20799.36
20793.89 20795.36
20793.89 20795.36
20795.91 20797.09
20792.88 20794.37
20792.88 20794.37
20792.13 20793.62
20791.39 20792.86
20791.39 20792.86
20792.37 20793.88
20792.37 20793.88
20792.88 20794.38
20792.89 20794.36
20792.41 20794.09
20792.41 20794.09
20792.39 20793.86
20793.38 20794.87
20793.38 20794.87
20794.16 20795.85
20794.16 20795.85
20796.13 20797.62
20797.66 20799.34
20797.66 20799.34
20801.15 20802.35
20801.90 20803.61
20801.90 20803.61
20802.14 20803.61
20798.38 20799.87
20798.38 20799.87
20798.65 20800.36
20798.63 20800.13
20798.63 20800.13
20798.15 20799.86
20796.13 20797.62
20796.13 20797.62
20793.41 20795.09
20792.92 20794.09
20792.92 20794.09
20796.87 20798.38
20797.88 20799.38
20797.88 20799.38
20798.37 20799.88
20798.14 20799.61
20798.14 20799.61
20798.39 20799.86
20798.66 20800.35
20798.66 20800.35
20801.14 20802.61
20801.14 20802.61
20800.89 20802.36
20798.63 20800.12
20798.63 20800.12
20796.64 20798.11
20795.38 20796.88
20795.38 20796.88
20791.88 20793.37
20787.93 20789.08
20787.93 20789.08
20785.88 20787.38
20787.14 20788.61
20787.14 20788.61
20785.38 20786.88
20783.89 20785.36
20783.89 20785.36
20784.39 20785.86
20783.88 20785.37
20783.88 20785.37
20783.87 20785.38
20787.42 20788.58
20787.42 20788.58
20788.39 20789.86
20788.15 20789.85
20788.15 20789.85
20790.37 20791.88
20791.89 20793.36
20791.89 20793.36
20788.13 20789.62
20784.13 20785.63
20784.13 20785.63
20787.12 20788.63
20787.12 20788.63
20788.16 20789.34
20788.38 20789.87
20788.38 20789.87
20794.89 20796.36
20795.13 20796.63
20795.13 20796.63
20789.63 20791.12
20787.16 20788.34
20787.16 20788.34
20787.66 20789.34
20786.88 20788.38
20786.88 20788.38
20782.38 20783.88
20785.37 20786.88
20785.37 20786.88
20785.12 20786.63
20788.64 20790.11
20788.64 20790.11
20790.88 20792.38
20790.88 20792.37
20790.88 20792.37
20791.89 20793.36
20793.88 20795.38
20793.88 20795.38
20794.67 20795.83
20792.38 20793.87
20792.38 20793.87
20784.41 20786.09
20789.14 20790.61
20789.14 20790.61
20789.16 20790.84
20793.41 20795.10
20793.41 20795.10
20791.88 20793.37
20789.91 20791.60
20789.91 20791.60
20792.13 20793.62
20791.88 20793.38
20791.88 20793.38
20788.62 20790.13
20790.38 20791.88
20790.38 20791.88
20790.89 20792.36
20791.89 20793.36
20791.89 20793.36
20791.12 20792.63
20794.42 20795.59
20794.42 20795.59
20792.64 20794.11
20785.14 20786.61
20785.14 20786.61
20785.15 20786.85
20787.38 20788.88
20787.38 20788.88
20784.88 20786.38
20784.64 20786.11
20784.64 20786.11
20785.88 20787.38
20785.16 20786.84
20785.16 20786.84
20787.39 20788.86
