20897.66 20899.35
20897.66 20899.35
20897.66 20899.35
20896.91 20898.60
20896.91 20898.60
20897.15 20898.85
20897.15 20898.85
20896.38 20897.87
20896.16 20897.85
20896.16 20897.85
20895.16 20896.84
20895.47 20897.28
20895.47 20897.28
20895.53 20897.47
20895.53 20897.47
20895.78 20897.72
20895.48 20897.28
20895.48 20897.28
20895.53 20897.47
20895.53 20897.47
20895.40 20897.11
20895.40 20897.11
20894.96 20896.79
20894.96 20896.79
20894.72 20896.53
20894.72 20896.53
20895.53 20897.47
20895.53 20897.47
20896.78 20898.73
20896.78 20898.73
20896.96 20898.79
20897.15 20898.85
20897.15 20898.85
20897.14 20898.86
20897.14 20898.86
20897.13 20898.63
20897.13 20898.63
20897.13 20898.63
20897.13 20898.63
20897.66 20898.84
20897.66 20898.84
20897.66 20898.84
20899.14 20900.61
20899.14 20900.61
20899.16 20900.85
20899.16 20900.85
20899.16 20900.85
20899.15 20900.86
20899.90 20901.60
20899.90 20901.60
20900.14 20901.61
20900.14 20901.61
20900.14 20901.61
20899.72 20901.53
20899.72 20901.53
20899.63 20901.12
20899.63 20901.12
20899.63 20901.12
20899.63 20901.12
20899.63 20901.12
20898.96 20900.79
20898.96 20900.79
20899.15 20900.85
20899.66 20901.34
20899.66 20901.34
20899.91 20901.60
20899.91 20901.60
20899.91 20901.60
20899.66 20901.34
20899.66 20901.34
20899.66 20901.34
20899.66 20901.34
20899.64 20901.36
20899.64 20901.36
20897.66 20899.35
20897.66 20899.35
20898.17 20899.34
20898.39 20900.11
20898.39 20900.11
20898.38 20899.87
20898.38 20899.87
20898.38 20899.87
20898.38 20899.87
20898.38 20899.87
20898.40 20899.60
20898.40 20899.60
20897.89 20899.61
20897.15 20898.86
20897.15 20898.86
20899.38 20900.87
20900.91 20902.60
20900.91 20902.60
20900.39 20902.11
20900.39 20902.11
20900.39 20902.11
20900.14 20901.86
20900.14 20901.86
20900.13 20901.63
20899.66 20901.34
20899.66 20901.34
20900.15 20901.85
20900.15 20901.85
20900.15 20901.85
20900.38 20901.88
20900.38 20901.88
20900.38 20901.88
20900.38 20901.88
20899.90 20901.61
20899.90 20901.61
20900.39 20901.86
20900.39 20901.86
20900.13 20901.63
20900.13 20901.63
20900.13 20901.63
20900.13 20901.63
20900.13 20901.63
20899.90 20901.60
20899.90 20901.60
20899.90 20901.60
20900.40 20901.60
20900.42 20901.59
20900.42 20901.59
20900.42 20901.59
20900.41 20902.10
20900.41 20902.10
20900.41 20902.10
20901.13 20902.62
20901.13 20902.62
20902.14 20903.86
20902.14 20903.86
20903.37 20904.88
20903.37 20904.88
20903.38 20904.88
20903.66 20905.34
20903.66 20905.34
20905.16 20906.34
20905.16 20906.34
20905.47 20907.28
20905.88 20907.38
20905.88 20907.38
20906.22 20908.03
20906.22 20908.03
20906.22 20908.03
20906.90 20908.60
20906.90 20908.60
20907.23 20909.03
20906.16 20907.84
20906.16 20907.84
20903.63 20905.12
20903.63 20905.12
20903.13 20904.62
20903.13 20904.62
20903.39 20904.86
20903.39 20904.86
20904.39 20905.86
20905.64 20907.36
20905.64 20907.36
20905.62 20907.13
20905.62 20907.13
20905.89 20907.36
20905.89 20907.36
20905.40 20907.10
20905.40 20907.10
20905.63 20907.12
20905.63 20907.12
20905.63 20907.12
20905.91 20907.60
20906.15 20907.86
20906.15 20907.86
20906.90 20908.60
20906.90 20908.60
20906.90 20908.60
20906.14 20907.86
20906.14 20907.86
20905.88 20907.38
20906.13 20907.62
20906.13 20907.62
20906.14 20907.86
20905.63 20907.12
20905.63 20907.12
20906.15 20907.85
20905.98 20907.78
20905.98 20907.78
20905.98 20907.78
20906.14 20907.61
20906.56 20907.19
20906.56 20907.19
20905.88 20907.37
20905.88 20907.37
20905.88 20907.37
20905.88 20907.38
20904.41 20906.10
20904.41 20906.10
20904.90 20906.60
20904.90 20906.60
20905.13 20906.63
20905.13 20906.63
20904.64 20906.11
20904.64 20906.11
20904.65 20906.35
20904.65 20906.35
20904.65 20906.35
20904.65 20905.85
20903.41 20905.10
20903.41 20905.10
20902.39 20903.86
20902.39 20903.86
20903.16 20904.84
20903.16 20904.84
20903.16 20904.84
20903.66 20905.34
20903.66 20905.34
20904.38 20905.88
20904.38 20905.88
20904.38 20905.88
20904.65 20906.36
20906.41 20908.10
20906.41 20908.10
20906.63 20908.13
20906.63 20908.13
20906.14 20907.86
20906.14 20907.86
20905.33 20907.42
20905.63 20907.13
20905.63 20907.13
20905.63 20907.13
20905.71 20907.54
20905.71 20907.54
20905.88 20907.37
20905.73 20907.53
20905.73 20907.53
20905.72 20907.53
20905.72 20907.53
20905.66 20907.35
20905.66 20907.35
20905.66 20907.35
20905.65 20907.36
20905.22 20907.03
20905.22 20907.03
20906.89 20908.36
20908.66 20910.35
20908.66 20910.35
20908.88 20910.37
20908.88 20910.37
20908.41 20910.09
20908.41 20910.09
20908.16 20909.85
20908.13 20909.62
20908.13 20909.62
20908.13 20909.62
20908.16 20909.84
20908.16 20909.84
20909.56 20910.19
20909.56 20910.19
20909.72 20911.53
20909.63 20911.13
20909.63 20911.13
20910.98 20912.78
20912.46 20914.29
20912.46 20914.29
20910.93 20912.08
20910.93 20912.08
20910.17 20911.33
20910.17 20911.33
20910.38 20911.88
20910.38 20911.88
20910.63 20912.12
20910.63 20912.12
20910.64 20912.11
20910.38 20911.87
20910.38 20911.87
20910.16 20911.34
20910.16 20911.85
20910.16 20911.85
20910.16 20911.85
20910.16 20911.85
20910.41 20912.10
20910.16 20911.85
20910.16 20911.85
20910.41 20911.60
20910.41 20911.60
20910.16 20911.34
20909.66 20911.34
20909.66 20911.34
20909.66 20911.34
20909.66 20911.34
20910.14 20911.61
20910.14 20911.61
20910.48 20912.28
20910.48 20912.28
20912.13 20913.62
20912.65 20914.36
20912.65 20914.36
20913.13 20914.62
20913.13 20914.62
20913.13 20914.62
20913.13 20914.62
20913.14 20914.61
20913.14 20914.61
20912.47 20914.28
20912.66 20914.35
20912.66 20914.35
20912.16 20913.84
20912.16 20913.84
20910.88 20912.38
20910.88 20912.38
20911.13 20912.63
20911.41 20913.09
20911.41 20913.09
20912.18 20913.33
20912.18 20913.33
20912.46 20914.29
20912.46 20914.29
20913.41 20915.10
20913.41 20915.10
20913.39 20914.86
20913.39 20914.86
20913.39 20915.11
20913.39 20915.11
20913.92 20915.09
20913.15 20914.86
20913.15 20914.86
20912.96 20914.79
20912.96 20914.79
20914.39 20915.86
20914.39 20915.86
20913.63 20915.13
20913.63 20915.13
20913.13 20914.62
20913.13 20914.62
20913.41 20915.09
20913.39 20914.86
20913.39 20914.86
20913.14 20914.61
20913.14 20914.61
20912.89 20914.61
20912.89 20914.61
20913.65 20915.36
20913.65 20915.36
20914.13 20915.62
20914.91 20916.60
20914.91 20916.60
20913.89 20915.61
20912.21 20914.04
20912.21 20914.04
20911.66 20913.34
20911.66 20913.34
20910.65 20912.35
20910.91 20912.60
20910.91 20912.60
20911.65 20913.36
20911.65 20913.36
20913.16 20914.85
20913.16 20914.85
20912.88 20914.37
20912.88 20914.37
20912.64 20914.11
20912.64 20914.11
20912.39 20914.11
20912.39 20914.11
20912.22 20914.03
20912.22 20914.03
20912.53 20914.47
20912.53 20914.47
20912.53 20914.47
20913.40 20915.10
20913.40 20915.10
20913.63 20915.12
20913.63 20915.12
20913.16 20914.84
20913.16 20914.84
20913.16 20914.84
20913.48 20915.28
20913.48 20915.28
20913.48 20915.28
20913.41 20915.10
20913.41 20915.10
20913.41 20915.10
20913.14 20914.61
20913.14 20914.61
20913.13 20914.62
20912.89 20914.36
20912.89 20914.36
20912.65 20914.36
20912.38 20913.88
20912.38 20913.88
20912.38 20913.88
20912.63 20914.13
20912.63 20914.13
20913.42 20914.58
20913.42 20914.58
20913.42 20914.58
20913.42 20914.58
20913.42 20914.58
20913.39 20914.86
20913.39 20914.86
20913.41 20915.10
20913.41 20915.10
20912.97 20914.78
20912.97 20914.78
20913.31 20913.94
20913.31 20913.94
20912.64 20914.11
20912.39 20913.86
20912.39 20913.86
20916.48 20918.28
20916.48 20918.28
20916.63 20918.12
20916.16 20917.85
20916.16 20917.85
20915.39 20917.11
20915.39 20917.11
20915.63 20917.13
20915.63 20917.13
20915.72 20917.53
20915.72 20917.53
20916.91 20918.59
20916.92 20918.08
20916.92 20918.08
20916.90 20918.61
20916.90 20918.60
20916.90 20918.60
20916.96 20918.79
20916.96 20918.79
20918.38 20919.87
20918.38 20919.87
20920.38 20921.87
20920.91 20922.59
20920.91 20922.59
20920.63 20922.13
20918.88 20920.37
20918.88 20920.37
20919.13 20920.62
20918.64 20920.11
20918.64 20920.11
20918.66 20919.85
20918.66 20919.85
20918.41 20920.09
20918.41 20920.09
20918.14 20919.61
20918.14 20919.61
20918.67 20919.83
20917.65 20919.35
20917.65 20919.35
20917.65 20919.35
20917.65 20919.35
20917.64 20919.36
20916.38 20917.87
20916.38 20917.87
20916.14 20917.86
20916.14 20917.86
20916.66 20918.34
20916.66 20918.34
20917.39 20918.86
20917.40 20919.10
20917.40 20919.10
20917.40 20919.10
20917.40 20919.11
20917.40 20919.11
20917.16 20918.85
20917.16 20918.85
20917.16 20918.85
20917.16 20918.85
20916.88 20918.37
20917.14 20918.61
20917.14 20918.61
20916.66 20918.35
20916.66 20918.35
20916.88 20918.37
20916.90 20918.61
20916.90 20918.61
20916.90 20918.61
20916.66 20918.34
20916.64 20918.11
20916.64 20918.11
20917.13 20918.62
20917.13 20918.62
20917.13 20918.62
20916.66 20918.35
20916.66 20918.35
20916.66 20918.35
20916.66 20918.35
20915.88 20917.37
20915.88 20917.37
20915.63 20917.12
20915.63 20917.12
20915.63 20917.12
20915.67 20916.83
20915.22 20917.03
20915.22 20917.03
20915.38 20916.88
20915.38 20916.88
20915.91 20917.59
20915.64 20917.36
20915.64 20917.36
20915.65 20917.35
20915.65 20917.35
20915.66 20917.35
20915.66 20917.35
20915.65 20917.36
20915.65 20917.36
20916.03 20917.97
20916.03 20917.97
20916.03 20917.97
20916.03 20917.97
20916.03 20917.97
20916.63 20918.12
20916.63 20918.12
20916.91 20918.60
20916.91 20918.60
20916.47 20918.28
20916.47 20918.28
20916.47 20918.28
20915.48 20917.28
20915.48 20917.28
20915.63 20917.12
20915.63 20917.12
20916.63 20918.12
20916.63 20918.12
20916.63 20918.12
20916.64 20918.11
20916.64 20918.11
20916.65 20918.36
20916.65 20918.35
20916.65 20918.35
20916.13 20917.63
20916.13 20917.63
20915.89 20917.61
20915.89 20917.61
20915.89 20917.61
20915.66 20917.35
20915.66 20917.35
20915.65 20917.35
20915.65 20917.35
20915.22 20917.03
20915.22 20917.03
20914.98 20916.78
20914.98 20916.78
20915.67 20916.83
20915.67 20916.83
20915.88 20917.37
20915.88 20917.37
20915.16 20916.85
20915.16 20916.85
20916.31 20916.94
20916.31 20916.94
20915.63 20917.12
20915.63 20917.12
20915.63 20917.12
20915.13 20916.62
20915.13 20916.62
20915.13 20916.62
20915.16 20916.85
20915.16 20916.85
20915.15 20916.85
20915.15 20916.85
20915.38 20916.88
20915.39 20916.86
20915.39 20916.86
20915.14 20916.86
20915.14 20916.86
20915.14 20916.86
20915.14 20916.86
20915.14 20916.86
20915.53 20917.48
20915.53 20917.48
20915.88 20917.37
20915.89 20917.36
20915.89 20917.36
20915.41 20917.09
20915.41 20917.09
20915.39 20917.11
20915.39 20917.11
20915.39 20917.11
20915.40 20917.11
20915.40 20917.10
20915.40 20917.10
20914.91 20916.59
20914.91 20916.59
20914.91 20916.59
20914.97 20916.78
20914.65 20916.36
20914.65 20916.36
20914.65 20916.36
20914.66 20916.34
20914.66 20916.34
20915.13 20916.62
20915.13 20916.62
20915.38 20916.87
20915.38 20916.87
20915.38 20916.87
20914.81 20915.44
20914.81 20915.44
20914.90 20916.60
20914.64 20916.36
20914.64 20916.36
20914.64 20916.36
20914.64 20916.36
20914.63 20916.12
20914.63 20916.12
20913.90 20915.61
20913.90 20915.61
20913.63 20915.12
20913.63 20915.12
20913.65 20915.36
20913.91 20915.60
20913.91 20915.60
20913.72 20915.53
20913.72 20915.53
20913.72 20915.53
20913.72 20915.53
20913.71 20915.54
20913.71 20915.54
20913.88 20915.37
20913.89 20915.36
20913.89 20915.36
20913.89 20915.36
20913.89 20915.36
20913.66 20915.35
20913.66 20915.35
20913.66 20915.35
20913.66 20915.35
20913.88 20915.38
