20769.17 20770.33
20769.17 20770.33
20769.92 20771.08
20769.92 20771.08
20769.13 20770.63
20770.89 20772.36
20770.89 20772.36
20770.41 20771.59
20771.41 20772.59
20771.41 20772.59
20769.41 20770.60
20769.41 20770.59
20769.41 20770.59
20768.39 20769.86
20766.92 20768.08
20766.92 20768.08
20767.92 20769.08
20764.91 20766.09
20764.91 20766.09
20764.66 20765.84
20764.38 20765.88
20764.38 20765.88
20765.16 20766.34
20765.87 20767.38
20765.87 20767.38
20767.39 20768.86
20766.88 20768.38
20766.88 20768.38
20766.64 20768.11
20765.87 20767.38
20765.87 20767.38
20763.64 20765.11
20762.17 20763.34
20762.17 20763.34
20762.67 20763.83
20762.14 20763.61
20762.14 20763.61
20760.12 20761.63
20757.12 20758.63
20757.12 20758.63
20755.66 20756.84
20755.66 20756.84
20754.89 20756.36
20755.63 20757.12
20755.63 20757.12
20753.13 20754.62
20753.89 20755.36
20753.89 20755.36
20754.39 20755.86
20753.38 20754.87
20753.38 20754.87
20751.66 20752.85
20751.66 20752.85
20749.17 20750.33
20750.15 20751.35
20750.15 20751.35
20751.16 20752.34
20751.92 20753.08
20751.92 20753.08
20754.15 20755.35
20756.92 20758.09
20756.92 20758.09
20757.88 20759.37
20758.67 20759.84
20758.67 20759.84
20759.63 20761.13
20757.91 20759.09
20760.41 20761.59
20760.41 20761.59
20759.41 20760.59
20754.88 20756.38
20754.88 20756.38
20752.16 20753.35
20750.66 20751.84
20750.66 20751.84
20751.63 20753.13
20753.14 20754.61
20753.14 20754.61
20753.38 20754.88
20754.39 20755.86
20754.39 20755.86
20752.63 20754.12
20752.63 20754.12
20751.37 20752.88
20752.65 20753.85
20752.65 20753.85
20752.37 20753.88
20753.87 20755.38
20753.87 20755.38
20755.16 20756.34
20755.16 20756.34
20755.16 20756.34
20755.63 20757.12
20755.41 20756.59
20755.41 20756.59
20756.91 20758.09
20757.89 20759.36
20757.89 20759.36
20756.92 20758.08
20756.87 20758.38
20756.87 20758.38
20759.13 20760.63
20759.13 20760.63
20757.41 20758.60
20756.12 20757.63
20756.12 20757.63
20757.89 20759.36
20758.13 20759.62
20758.13 20759.62
20757.67 20758.84
20758.16 20759.35
20758.16 20759.35
20755.89 20757.36
20755.64 20757.11
20755.64 20757.11
20758.13 20759.63
20759.91 20761.10
20759.91 20761.10
20759.91 20761.09
20759.38 20760.88
20759.38 20760.88
20758.17 20759.33
20758.41 20759.59
20758.41 20759.59
20756.88 20758.38
20759.39 20760.86
20759.39 20760.86
20760.66 20761.85
20760.14 20761.61
20760.14 20761.61
20759.62 20761.13
20759.62 20761.13
20755.63 20757.12
20753.39 20754.86
20753.39 20754.86
20753.92 20755.08
20755.63 20757.12
20755.63 20757.12
20756.64 20758.11
20757.38 20758.87
20757.38 20758.87
20756.37 20757.88
20757.64 20759.11
20757.64 20759.11
20757.88 20759.37
20757.88 20759.38
20757.88 20759.38
20757.89 20759.36
20758.66 20759.84
20758.66 20759.84
20758.62 20760.13
20758.62 20760.13
20756.91 20758.09
20757.14 20758.61
20757.14 20758.61
20756.89 20758.36
20757.17 20758.33
20757.17 20758.33
20757.16 20758.34
20760.63 20762.12
20760.63 20762.12
20762.88 20764.37
20762.66 20763.84
20762.66 20763.84
20759.66 20760.85
20759.66 20760.85
20761.88 20763.37
20761.63 20763.13
20761.63 20763.13
20760.91 20762.09
20762.42 20763.59
20762.42 20763.59
20761.16 20762.34
20760.64 20762.11
20760.64 20762.11
20760.37 20761.88
20760.13 20761.63
20760.13 20761.63
20760.62 20762.13
20762.62 20764.13
20762.62 20764.13
20765.13 20766.63
20761.88 20763.37
20761.88 20763.37
20761.63 20763.12
20760.89 20762.36
20760.89 20762.36
20761.13 20762.62
20759.13 20760.63
20759.13 20760.63
20756.64 20758.11
20753.67 20754.83
20753.67 20754.83
20752.88 20754.38
20752.66 20753.85
20752.66 20753.85
20754.12 20755.63
20754.14 20755.61
20754.14 20755.61
20755.63 20757.12
20755.13 20756.63
20755.13 20756.63
20753.66 20754.84
20753.87 20755.38
20753.87 20755.38
20754.42 20755.59
20754.16 20755.34
20754.16 20755.34
20758.66 20759.84
20758.66 20759.84
20756.41 20757.59
20756.13 20757.63
20756.13 20757.63
20757.88 20759.37
20757.88 20759.37
20761.91 20763.09
20761.91 20763.09
20762.63 20764.13
20762.42 20763.58
20762.42 20763.58
20762.39 20763.86
20760.14 20761.61
20760.14 20761.61
20757.12 20758.63
20757.12 20758.63
20757.62 20759.13
20758.13 20759.63
20759.66 20760.84
20759.66 20760.84
20758.41 20759.59
20758.41 20759.59
20759.64 20761.11
20759.64 20761.11
20758.63 20760.13
20758.63 20760.13
20758.63 20760.13
20757.67 20758.83
20757.67 20758.83
20758.87 20760.38
20758.63 20760.13
20758.63 20760.13
20756.64 20758.11
20756.89 20758.36
20756.89 20758.36
20755.41 20756.60
20754.14 20755.61
20754.14 20755.61
20751.62 20753.13
20751.81 20752.44
20751.81 20752.44
20751.41 20752.59
20749.67 20750.83
20749.67 20750.83
20748.66 20749.84
20747.91 20749.09
20747.91 20749.09
20744.89 20746.36
20744.88 20746.37
20744.88 20746.37
20747.41 20748.59
20745.66 20746.84
20745.66 20746.84
20745.88 20747.37
20745.12 20746.63
20745.12 20746.63
20749.13 20750.63
20750.37 20751.88
20750.37 20751.88
20752.91 20754.09
20751.92 20753.08
20751.92 20753.08
20753.41 20754.59
20752.67 20753.84
20752.67 20753.84
20754.12 20755.63
20752.89 20754.36
20752.89 20754.36
20753.66 20754.84
20752.37 20753.88
20752.37 20753.88
20752.42 20753.59
20753.16 20754.35
20753.16 20754.35
20749.80 20750.45
20749.80 20750.45
20748.89 20750.36
20749.88 20751.38
20749.88 20751.38
20750.67 20751.84
20753.64 20755.11
20753.64 20755.11
20752.66 20753.85
20752.66 20753.85
20753.88 20755.38
20756.65 20757.85
20757.41 20758.59
20757.41 20758.59
20757.63 20759.13
20756.16 20757.35
20756.16 20757.35
20756.13 20757.62
20756.13 20757.62
20757.91 20759.09
20759.17 20760.33
20759.17 20760.33
20757.17 20758.34
20757.15 20758.35
20757.15 20758.35
20757.14 20758.61
20757.38 20758.87
20757.38 20758.87
20759.91 20761.09
20760.13 20761.63
20760.13 20761.63
20758.64 20760.11
20759.16 20760.34
20759.16 20760.34
20758.63 20760.13
20761.14 20762.61
20761.14 20762.61
20761.38 20762.87
20761.41 20762.59
20761.41 20762.59
20763.42 20764.59
20763.67 20764.84
20763.67 20764.84
20759.88 20761.38
20760.91 20762.09
20760.91 20762.09
20760.12 20761.63
20764.13 20765.63
20764.13 20765.63
20763.66 20764.84
20764.17 20765.33
20764.17 20765.33
20762.14 20763.61
20762.91 20764.09
20762.91 20764.09
20762.38 20763.88
20765.39 20766.86
20765.39 20766.86
20766.62 20768.13
20763.92 20765.09
20763.92 20765.09
20764.13 20765.62
20764.91 20766.09
20764.91 20766.09
20765.63 20767.13
20763.64 20765.11
20763.64 20765.11
20764.88 20766.37
20765.13 20766.63
20765.13 20766.63
20765.39 20766.86
20770.64 20772.11
20770.64 20772.11
20771.13 20772.62
20771.42 20772.58
20771.42 20772.58
20773.41 20774.59
20775.66 20776.84
20775.66 20776.84
20774.41 20775.59
20774.41 20775.59
20775.39 20776.86
20774.66 20775.84
20774.66 20775.84
20772.42 20773.58
20772.39 20773.86
20772.39 20773.86
20770.39 20771.86
20769.88 20771.38
20769.88 20771.38
20772.92 20774.08
20775.37 20776.88
20775.37 20776.88
20773.39 20774.86
20773.39 20774.86
20773.66 20774.84
20773.40 20774.60
20773.40 20774.60
20771.39 20772.86
20771.64 20773.11
20771.64 20773.11
20771.13 20772.63
20769.66 20770.84
20769.66 20770.84
20770.16 20771.34
20769.91 20771.09
20770.89 20772.36
20770.89 20772.36
20770.14 20771.61
20769.63 20771.13
20769.63 20771.13
20770.39 20771.86
20770.39 20771.86
20771.88 20773.37
20772.92 20774.09
20772.92 20774.09
20771.65 20772.85
20773.16 20774.34
20773.16 20774.34
20773.39 20774.86
20775.16 20776.34
20775.16 20776.34
20772.64 20774.11
20772.64 20774.11
20773.38 20774.87
20771.38 20772.88
20771.38 20772.88
20770.89 20772.36
20770.14 20771.61
20770.14 20771.61
20770.13 20771.62
20770.92 20772.08
20770.92 20772.08
20772.13 20773.62
20772.12 20773.63
20772.12 20773.63
20771.42 20772.59
20775.66 20776.84
20775.66 20776.84
20775.12 20776.63
20775.12 20776.63
20775.12 20776.63
20774.91 20776.09
20772.17 20773.33
20772.17 20773.33
20772.67 20773.84
20773.62 20775.13
20773.62 20775.13
20771.64 20773.11
20771.14 20772.61
20771.14 20772.61
20769.66 20770.84
20770.89 20772.36
20770.89 20772.36
20772.39 20773.86
20775.66 20776.84
20775.66 20776.84
20771.39 20772.86
20770.16 20771.34
20770.16 20771.34
20772.88 20774.37
20772.88 20774.37
20766.17 20767.33
20766.17 20767.33
20766.17 20767.33
20764.87 20766.38
20764.64 20766.11
20764.64 20766.11
20762.41 20763.60
20761.13 20762.62
20761.13 20762.62
20761.64 20763.11
20761.64 20763.11
20761.63 20763.12
20761.12 20762.63
20761.12 20762.63
20760.63 20762.13
20759.16 20760.34
20759.16 20760.34
20757.67 20758.83
20757.16 20758.34
20757.16 20758.34
20756.13 20757.62
20755.64 20757.11
20755.64 20757.11
20755.91 20757.09
20755.91 20757.09
20754.67 20755.84
20755.38 20756.88
20755.38 20756.88
20754.81 20755.44
20753.56 20754.19
20753.56 20754.19
20756.17 20757.34
20754.17 20755.33
20754.17 20755.33
20758.14 20759.61
20758.39 20759.86
20758.39 20759.86
20757.87 20759.38
20757.87 20759.38
20757.14 20758.61
20758.89 20760.36
20758.89 20760.36
20759.91 20761.10
20761.39 20762.86
20761.39 20762.86
20760.89 20762.36
20760.89 20762.36
20763.56 20764.19
20763.41 20764.59
20763.41 20764.59
20760.92 20762.08
20760.92 20762.08
20759.14 20760.61
20759.14 20760.61
20761.56 20762.19
20762.91 20764.09
20762.91 20764.09
20760.87 20762.38
20760.14 20761.61
20760.14 20761.61
20760.15 20761.35
20762.13 20763.63
20762.13 20763.63
20762.39 20763.86
20762.39 20763.86
20763.63 20765.12
20761.90 20763.10
20761.90 20763.10
20761.64 20763.11
20761.64 20763.11
20762.66 20763.84
20760.63 20762.13
20760.63 20762.13
20763.62 20765.13
20762.87 20764.38
20762.87 20764.38
20764.38 20765.88
20764.38 20765.88
20761.30 20761.95
20759.92 20761.08
20759.92 20761.08
20760.91 20762.09
20761.39 20762.86
20761.39 20762.86
20765.42 20766.58
20765.41 20766.59
20765.41 20766.59
20766.41 20767.59
20765.39 20766.86
20765.39 20766.86
20766.12 20767.63
20766.16 20767.34
20766.16 20767.34
20765.92 20767.08
20766.63 20768.12
20766.63 20768.12
20768.89 20770.36
20768.89 20770.36
20769.88 20771.37
20770.87 20772.38
20770.87 20772.38
20770.41 20771.59
20771.38 20772.87
20771.38 20772.87
20769.63 20771.13
20765.31 20765.94
20765.31 20765.94
20764.38 20765.87
20764.38 20765.87
20764.66 20765.84
20764.16 20765.34
20764.16 20765.34
20765.41 20766.60
20764.39 20765.86
20764.39 20765.86
20763.89 20765.36
20764.39 20765.86
20764.39 20765.86
20764.89 20766.36
20764.89 20766.36
20764.38 20765.87
20762.88 20764.37
20762.88 20764.37
20762.14 20763.61
20760.13 20761.62
20760.13 20761.62
20758.88 20760.38
20754.89 20756.36
20754.89 20756.36
20755.64 20757.11
20755.64 20757.11
20756.89 20758.36
20755.91 20757.09
20755.91 20757.09
20754.87 20756.38
20754.88 20756.38
20754.88 20756.38
20756.16 20757.35
20758.87 20760.38
20758.87 20760.38
20759.92 20761.08
20759.31 20759.94
20759.31 20759.94
20757.14 20758.61
20757.12 20758.63
20757.12 20758.63
20757.64 20759.11
20758.89 20760.36
20758.89 20760.36
20758.40 20759.60
20756.62 20758.13
20756.62 20758.13
20753.62 20755.13
20754.41 20755.59
20754.41 20755.59
20754.89 20756.36
20758.64 20760.11
20758.64 20760.11
20758.62 20760.13
20760.89 20762.36
20760.89 20762.36
20760.14 20761.61
20760.14 20761.61
20761.41 20762.59
20762.62 20764.13
20762.62 20764.13
20760.66 20761.85
20760.14 20761.61
20760.14 20761.61
20761.87 20763.38
20762.41 20763.59
20762.41 20763.59
20762.64 20764.11
20762.13 20763.62
20762.13 20763.62
