21063.39 21064.86
21063.39 21064.86
21064.88 21066.37
21064.88 21066.37
21064.91 21066.09
21064.38 21065.87
21064.38 21065.87
21066.42 21067.58
21066.39 21067.86
21066.39 21067.86
21066.13 21067.62
21066.92 21068.08
21066.92 21068.08
21068.80 21069.45
21068.80 21069.45
21067.89 21069.36
21068.15 21069.35
21066.13 21067.62
21066.13 21067.62
21065.39 21066.86
21066.13 21067.62
21066.13 21067.62
21066.41 21067.59
21066.41 21067.59
21066.41 21067.60
21065.42 21066.58
21065.42 21066.58
21064.88 21066.38
21064.63 21066.12
21064.63 21066.12
21064.14 21065.61
21063.31 21063.94
21063.31 21063.94
21065.13 21066.62
21065.13 21066.62
21064.66 21065.84
21062.92 21064.08
21062.92 21064.08
21063.42 21064.58
21063.42 21064.58
21061.38 21062.87
21061.17 21062.33
21061.17 21062.33
21061.62 21063.13
21061.66 21062.84
21060.66 21061.84
21060.66 21061.84
21060.63 21062.12
21060.63 21062.12
21061.14 21062.61
21061.39 21062.86
21061.39 21062.86
21062.39 21063.86
21064.63 21066.12
21064.63 21066.12
21065.92 21067.08
21065.92 21067.08
21066.91 21068.09
21066.92 21068.08
21066.92 21068.08
21066.14 21067.61
21066.65 21067.85
21066.65 21067.85
21069.14 21070.61
21071.17 21072.34
21071.17 21072.34
21072.12 21073.63
21071.13 21072.63
21071.13 21072.63
21073.42 21074.58
21075.12 21076.63
21075.12 21076.63
21074.88 21076.37
21075.62 21077.13
21075.62 21077.13
21073.78 21075.72
21075.89 21077.36
21075.89 21077.36
21076.16 21077.34
21077.90 21079.10
21077.90 21079.10
21075.41 21076.59
21075.64 21077.11
21075.64 21077.11
21077.38 21078.88
21075.16 21076.35
21075.16 21076.35
21073.64 21075.11
21074.65 21075.85
21074.65 21075.85
21075.16 21076.35
21075.16 21076.35
21076.42 21077.58
21077.39 21078.86
21077.39 21078.86
21075.63 21077.12
21076.14 21077.61
21076.14 21077.61
21077.17 21078.33
21077.14 21078.61
21078.87 21080.38
21078.87 21080.38
21078.42 21079.58
21078.42 21079.58
21078.62 21080.13
21077.89 21079.36
21077.89 21079.36
21074.16 21075.34
21071.90 21073.10
21071.90 21073.10
21069.65 21070.85
21069.92 21071.08
21069.92 21071.08
21070.88 21072.37
21072.39 21073.86
21072.39 21073.86
21072.89 21074.36
21073.67 21074.83
21073.67 21074.83
21073.41 21074.59
21073.41 21074.59
21071.67 21072.84
21072.12 21073.63
21072.12 21073.63
21071.12 21072.63
21071.92 21073.08
21071.92 21073.08
21072.38 21073.87
21071.87 21073.38
21071.87 21073.38
21072.66 21073.84
21073.17 21074.33
21073.15 21074.35
21073.15 21074.35
21074.17 21075.33
21074.17 21075.33
21074.62 21076.13
21074.17 21075.34
21074.17 21075.34
21074.17 21075.33
21075.13 21076.63
21075.13 21076.63
21075.14 21076.61
21074.87 21076.38
21074.87 21076.38
21077.39 21078.86
21077.39 21078.86
21076.89 21078.36
21076.63 21078.12
21076.63 21078.12
21076.37 21077.88
21076.37 21077.88
21077.17 21078.33
21078.16 21079.34
21078.16 21079.34
21078.66 21079.84
21081.39 21082.86
21081.39 21082.86
21080.62 21082.13
21078.87 21080.38
21078.87 21080.38
21078.39 21079.86
21080.13 21081.62
21080.13 21081.62
21081.12 21082.63
21082.17 21083.33
21082.17 21083.33
21082.91 21084.10
21082.91 21084.10
21082.64 21084.11
21083.63 21085.12
21083.63 21085.12
21084.14 21085.61
21083.14 21084.61
21083.14 21084.61
21082.63 21084.13
21082.63 21084.13
21081.89 21083.36
21081.12 21082.63
21081.12 21082.63
21082.89 21084.36
21081.38 21082.88
21081.38 21082.88
21082.17 21083.34
21081.87 21083.38
21081.87 21083.38
21082.12 21083.63
21082.12 21083.63
21083.64 21085.11
21083.89 21085.36
21083.89 21085.36
21083.65 21084.85
21082.89 21084.36
21082.89 21084.36
21083.16 21084.34
21083.16 21084.34
21084.14 21085.61
21081.13 21082.62
21081.13 21082.62
21083.13 21084.62
21082.66 21083.84
21082.66 21083.84
21082.37 21083.88
21082.91 21084.10
21082.91 21084.10
21083.67 21084.83
21081.38 21082.87
21081.38 21082.87
21081.64 21083.11
21080.41 21081.60
21080.41 21081.60
21079.67 21080.84
21079.67 21080.84
21078.66 21079.84
21079.91 21081.10
21079.91 21081.10
21080.17 21081.33
21081.16 21082.34
21081.16 21082.34
21084.16 21085.34
21085.42 21086.58
21085.42 21086.58
21089.16 21090.34
21089.64 21091.11
21089.64 21091.11
21090.14 21091.61
21089.63 21091.13
21089.63 21091.13
21087.14 21088.61
21087.16 21088.35
21087.16 21088.35
21087.66 21088.84
21087.66 21088.84
21091.16 21092.35
21090.42 21091.58
21090.42 21091.58
21089.92 21091.08
21088.39 21089.86
21088.39 21089.86
21087.63 21089.12
21089.67 21090.83
21089.67 21090.83
21091.17 21092.33
21093.16 21094.34
21093.16 21094.34
21090.91 21092.09
21090.37 21091.88
21090.37 21091.88
21090.88 21092.37
21090.88 21092.37
21090.65 21091.85
21090.14 21091.61
21090.14 21091.61
21091.38 21092.87
21090.68 21091.83
21090.68 21091.83
21090.63 21092.12
21089.64 21091.11
21089.64 21091.11
21091.63 21093.12
21089.39 21090.86
21089.39 21090.86
21091.41 21092.59
21092.66 21093.84
21092.66 21093.84
21090.64 21092.11
21089.64 21091.11
21089.64 21091.11
21091.63 21093.12
21091.37 21092.88
21091.37 21092.88
21091.16 21092.34
21090.14 21091.61
21090.14 21091.61
21090.38 21091.87
21091.67 21092.83
21091.67 21092.83
21091.14 21092.61
21091.14 21092.61
21090.38 21091.88
21091.40 21092.60
21091.40 21092.60
21090.13 21091.62
21088.64 21090.11
21088.64 21090.11
