21018.09 21021.17
21018.09 21021.17
21018.03 21019.97
21018.03 21019.97
21021.33 21023.42
21019.37 21020.88
21019.37 21020.88
21019.47 21021.28
21017.97 21019.78
21017.97 21019.78
21018.47 21020.28
21019.33 21021.42
21019.33 21021.42
21020.98 21022.78
21024.13 21026.37
21024.13 21026.37
21025.23 21027.03
21025.23 21027.03
21024.90 21026.60
21024.33 21026.42
21024.33 21026.42
21023.12 21025.64
21024.28 21026.23
21024.28 21026.23
21025.08 21027.17
21025.08 21027.17
21025.08 21027.17
21025.08 21027.17
21024.72 21026.53
21024.13 21026.37
21024.13 21026.37
21024.38 21026.62
21023.13 21025.37
21023.13 21025.37
21022.78 21024.72
21022.78 21024.72
21023.88 21026.12
21023.88 21026.12
21024.03 21025.98
21024.03 21025.98
21025.08 21027.17
21025.08 21027.17
21025.58 21027.67
21025.58 21027.67
21027.39 21028.86
21027.39 21028.86
21027.62 21030.14
21027.62 21030.14
21027.62 21030.14
21027.60 21030.40
21027.60 21030.40
21027.60 21030.40
21027.58 21029.67
21028.88 21030.37
21028.88 21030.37
21028.88 21030.37
21028.33 21030.42
21028.33 21030.42
21028.33 21030.42
21028.28 21030.23
21028.28 21030.23
21028.40 21030.10
21027.87 21030.39
21027.87 21030.39
21026.88 21029.12
21026.88 21029.12
21024.53 21026.48
21024.53 21026.48
21024.53 21026.48
21023.08 21025.17
21024.28 21026.23
21024.28 21026.23
21024.13 21026.37
21024.13 21026.37
21024.62 21027.14
21024.63 21026.87
21024.63 21026.87
21024.63 21026.87
21023.83 21025.92
21022.83 21024.92
21022.83 21024.92
21023.15 21024.85
21023.15 21024.85
21017.03 21018.97
21016.48 21018.28
21016.48 21018.28
21016.48 21018.28
21015.34 21018.42
21013.97 21015.78
21013.97 21015.78
21012.58 21014.67
21013.13 21015.37
21013.13 21015.37
21013.47 21015.28
21013.47 21015.28
21012.47 21014.28
21012.53 21014.48
21012.53 21014.48
21012.08 21014.17
21011.83 21013.92
21011.83 21013.92
21013.08 21015.17
21012.73 21014.53
21012.73 21014.53
21012.73 21014.53
21012.64 21014.36
21012.64 21014.36
21012.64 21014.36
21012.91 21014.60
21012.91 21014.60
21013.53 21015.48
21013.53 21015.48
21014.03 21015.98
21014.03 21015.98
21016.03 21017.98
21016.03 21017.98
21016.03 21017.98
21014.87 21017.39
21014.87 21017.39
21014.87 21017.39
21014.37 21016.89
21014.37 21016.89
21014.37 21016.89
21013.87 21016.39
21013.87 21016.39
21013.37 21015.89
21013.37 21015.89
21013.37 21015.89
21012.34 21015.42
21013.63 21015.87
21013.63 21015.87
21012.62 21015.14
21012.62 21015.14
21013.35 21016.15
21013.60 21016.40
21013.60 21016.40
21013.60 21016.40
21013.60 21016.40
21014.58 21016.67
21014.58 21016.67
21012.56 21016.20
21013.63 21015.87
21013.63 21015.87
21013.63 21015.87
21012.12 21014.64
21012.12 21014.64
21012.84 21015.92
21012.84 21015.92
21013.62 21016.14
21013.62 21016.14
21015.08 21017.17
21015.08 21017.17
21013.62 21016.14
21013.62 21016.14
21014.13 21016.37
21014.13 21016.37
21014.13 21016.37
21015.13 21017.37
21015.13 21017.37
21018.13 21020.37
21018.13 21020.37
21018.28 21020.22
21018.28 21020.22
21018.63 21020.87
21018.63 21020.87
21018.63 21020.87
21018.63 21020.87
21018.63 21020.87
21018.63 21020.87
21018.08 21020.17
21018.08 21020.17
21015.82 21019.18
21015.82 21019.18
21015.82 21019.18
21015.82 21019.18
21015.88 21018.12
21015.88 21018.12
21015.88 21018.12
21015.88 21018.12
21015.84 21018.92
21015.84 21018.92
21015.09 21018.17
21015.10 21017.90
21015.10 21017.90
21015.13 21017.37
21015.13 21017.37
21014.08 21016.17
21014.08 21016.17
21014.08 21016.17
21014.62 21016.13
21014.62 21016.13
21012.63 21014.87
21012.63 21014.87
21012.13 21014.37
21012.13 21014.37
21013.12 21015.64
21013.12 21015.64
21013.08 21015.17
21013.08 21015.17
21012.80 21013.45
21012.80 21013.45
21012.83 21014.92
21012.83 21014.92
21012.83 21014.92
21012.83 21014.92
21013.58 21015.67
21013.58 21015.67
21015.63 21017.87
21015.63 21017.87
21015.12 21017.64
21015.12 21017.64
21014.88 21017.12
21014.88 21017.12
21014.88 21017.12
21014.83 21016.92
21014.37 21016.89
21014.37 21016.89
21014.37 21016.89
21014.63 21016.87
21014.63 21016.87
21014.63 21016.87
21015.08 21017.17
21016.08 21018.17
21016.08 21018.17
21016.08 21018.17
21016.62 21019.14
21016.62 21019.14
21017.08 21019.17
21017.08 21019.17
21016.08 21018.17
21016.08 21018.17
21016.33 21018.42
21016.33 21018.42
21015.87 21018.39
21016.13 21018.37
21016.13 21018.37
21016.13 21018.37
21017.08 21019.17
21017.08 21019.17
21017.08 21019.17
21017.88 21020.12
21017.88 21020.12
21017.88 21020.12
21018.53 21020.47
21018.53 21020.47
21019.81 21020.45
21019.81 21020.45
21019.13 21021.37
21019.13 21021.37
21018.87 21021.39
21019.13 21021.37
21019.13 21021.37
21018.88 21021.12
21019.90 21021.10
21019.90 21021.10
21018.64 21020.36
21018.65 21020.36
21018.65 21020.36
21018.65 21020.36
21018.15 21019.86
21018.15 21019.86
21018.15 21019.86
21018.15 21019.86
21017.38 21019.62
21017.38 21019.62
21017.28 21019.22
21017.28 21019.22
21016.33 21018.42
21016.33 21018.42
21016.13 21018.37
21015.63 21017.87
21015.63 21017.87
21016.53 21018.47
21016.53 21018.47
21016.37 21018.89
21016.37 21018.89
21016.10 21018.90
21016.10 21018.90
21016.10 21018.90
21017.21 21019.04
21017.21 21019.04
21017.21 21019.04
21017.58 21019.67
21017.58 21019.67
21017.58 21019.67
21017.58 21019.67
21017.58 21019.67
21017.39 21018.86
21018.88 21021.12
21018.88 21021.12
21019.08 21021.17
21021.08 21023.17
21021.08 21023.17
21020.88 21023.12
21020.88 21023.12
21020.88 21023.12
21020.88 21023.12
21021.08 21023.17
21020.13 21022.37
21020.13 21022.37
21020.12 21022.64
21020.83 21022.92
21020.83 21022.92
21019.87 21022.39
21019.87 21022.39
21020.12 21022.64
21020.12 21022.64
21022.17 21023.34
21022.17 21023.34
21022.97 21024.78
21022.97 21024.78
21023.03 21024.97
21024.08 21026.17
21024.08 21026.17
21024.53 21026.47
21025.08 21027.17
21025.08 21027.17
21024.64 21026.36
21024.64 21026.36
21024.64 21026.36
21025.22 21027.03
21025.22 21027.03
21026.78 21028.73
21028.08 21030.17
21028.08 21030.17
21028.96 21030.79
21028.89 21030.36
21028.89 21030.36
21029.12 21030.63
21029.12 21030.63
21029.90 21031.10
21029.90 21031.10
21029.72 21031.53
21027.97 21029.78
21027.97 21029.78
21027.78 21029.72
21027.78 21029.72
21027.33 21029.42
21027.33 21029.42
21027.71 21029.54
21027.71 21029.54
