21033.16 21034.35
21033.16 21034.35
21033.39 21034.86
21033.39 21034.86
21032.89 21034.36
21033.16 21034.34
21033.16 21034.34
21032.16 21033.34
21032.39 21033.86
21032.39 21033.86
21030.13 21031.62
21029.64 21031.11
21029.64 21031.11
21030.14 21031.61
21031.65 21032.85
21031.65 21032.85
21033.38 21034.87
21035.92 21037.08
21035.92 21037.08
21034.38 21035.87
21034.88 21036.37
21034.88 21036.37
21037.13 21038.62
21035.88 21037.37
21035.88 21037.37
21038.38 21039.88
21036.14 21037.61
21036.14 21037.61
21034.37 21035.88
21034.37 21035.88
21034.63 21036.13
21036.38 21037.87
21036.38 21037.87
21035.64 21037.11
21033.89 21035.36
21033.89 21035.36
21033.89 21035.36
21028.17 21029.33
21028.17 21029.33
21031.66 21032.84
21032.63 21034.12
21032.63 21034.12
21034.88 21036.37
21034.88 21036.37
21034.88 21036.37
21033.91 21035.09
21034.13 21035.62
21034.13 21035.62
21041.41 21042.60
21040.38 21041.87
21040.38 21041.87
21040.13 21041.62
21040.13 21041.62
21042.43 21043.58
21042.92 21044.08
21042.92 21044.08
21044.14 21045.61
21032.91 21034.60
21029.65 21031.36
21029.65 21031.36
21032.38 21033.87
21026.39 21027.86
21026.39 21027.86
21030.89 21032.36
21030.63 21032.12
21030.63 21032.12
21031.64 21033.11
21032.92 21034.08
21032.92 21034.08
21030.13 21031.63
21030.13 21031.63
21027.14 21028.61
21022.38 21023.87
21022.38 21023.87
21024.68 21025.83
21022.66 21023.85
21022.66 21023.85
21020.38 21021.88
21017.14 21018.61
21017.14 21018.61
21015.39 21016.86
21014.38 21015.87
21014.38 21015.87
21015.39 21016.86
21015.88 21017.37
21015.88 21017.37
21015.88 21017.38
21018.39 21019.86
21018.39 21019.86
21018.17 21019.33
21016.89 21018.36
21016.89 21018.36
21015.64 21017.11
21019.16 21020.35
21019.16 21020.35
21020.38 21021.87
21020.63 21022.12
21020.63 21022.12
21022.91 21024.10
21024.13 21025.62
21024.13 21025.62
21027.39 21028.86
21025.42 21026.58
21025.42 21026.58
21025.14 21026.61
21022.66 21023.84
21022.66 21023.84
21023.63 21025.12
21029.06 21029.70
21029.06 21029.70
21027.64 21029.11
21027.64 21029.11
21025.40 21026.60
21026.39 21027.86
21026.39 21027.86
21026.38 21027.87
21026.12 21027.63
21026.12 21027.63
21028.13 21029.63
21030.66 21031.85
21030.66 21031.85
21028.41 21029.59
21025.66 21026.85
21025.66 21026.85
21023.38 21024.87
21021.89 21023.36
21021.89 21023.36
21021.38 21022.87
21023.38 21024.87
21023.38 21024.87
21021.67 21022.83
21021.38 21022.87
21021.38 21022.87
21019.92 21021.08
21023.41 21024.60
21023.41 21024.60
21026.39 21027.86
21025.40 21026.60
21025.40 21026.60
21025.38 21026.87
21025.92 21027.08
21025.92 21027.08
21025.63 21027.12
21024.63 21026.12
21024.63 21026.12
21021.88 21023.37
21024.38 21025.87
21024.38 21025.87
21026.15 21027.35
21026.68 21027.83
21026.68 21027.83
21027.88 21029.37
21027.88 21029.38
21027.88 21029.38
21027.89 21029.36
21027.89 21029.36
21029.17 21030.33
21028.91 21030.10
21028.91 21030.10
21030.16 21031.34
21032.42 21033.58
21032.42 21033.58
21032.88 21034.37
21034.38 21035.87
21034.38 21035.87
21034.93 21036.08
21029.41 21030.59
21029.41 21030.59
21031.18 21032.33
21031.18 21032.33
21031.16 21032.34
21031.13 21032.63
21031.13 21032.63
21031.90 21033.10
21033.68 21034.83
21033.68 21034.83
21033.93 21035.08
21035.16 21036.35
21035.16 21036.35
21036.90 21038.10
21036.64 21038.11
21036.64 21038.11
21035.38 21036.87
21034.65 21035.85
21034.65 21035.85
21033.66 21034.85
21033.66 21034.85
21037.65 21038.85
21037.42 21038.58
21037.42 21038.58
21038.66 21039.84
21033.88 21035.37
21034.91 21036.09
21034.91 21036.09
21037.17 21038.33
21037.17 21038.33
21037.38 21038.87
21037.18 21038.33
21037.18 21038.33
21037.64 21039.11
21035.91 21037.09
21035.91 21037.09
21033.89 21035.36
21032.42 21033.58
21032.42 21033.58
21030.92 21032.08
21030.67 21031.83
21028.17 21029.33
21028.17 21029.33
21028.89 21030.36
21028.92 21030.08
21028.92 21030.08
21028.91 21030.10
21027.14 21028.61
21027.14 21028.61
21027.67 21028.83
21027.67 21028.83
21029.18 21030.33
21031.14 21032.61
21031.14 21032.61
21033.88 21035.37
21035.66 21036.84
21035.66 21036.84
21035.67 21036.83
21037.88 21039.37
21037.88 21039.37
21039.17 21040.33
21039.39 21040.86
21039.39 21040.86
21038.37 21039.88
21038.17 21039.33
21038.17 21039.33
21036.91 21038.09
21039.90 21041.10
21039.90 21041.10
21039.16 21040.34
21038.66 21039.85
21038.66 21039.85
21034.38 21035.87
21034.38 21035.87
21035.40 21036.60
21034.42 21035.58
21034.42 21035.58
21034.89 21036.36
21034.39 21035.86
21034.39 21035.86
21035.40 21036.60
21033.91 21035.09
21033.91 21035.09
21035.40 21036.60
21034.65 21035.85
21034.65 21035.85
21034.38 21035.87
21034.88 21036.37
21034.88 21036.37
21033.18 21034.33
21033.67 21034.83
21033.67 21034.83
21033.63 21035.12
21037.81 21038.45
21037.81 21038.45
21036.14 21037.61
21036.64 21038.11
21036.64 21038.11
21037.41 21038.60
21037.91 21039.09
21037.91 21039.09
21038.17 21039.33
21037.63 21039.13
21037.63 21039.13
21038.38 21039.87
21037.91 21039.10
21037.91 21039.10
21038.31 21038.94
21038.67 21039.83
21038.67 21039.83
21037.67 21038.83
21037.38 21038.87
21037.38 21038.87
21037.68 21038.83
21036.17 21037.33
21036.17 21037.33
21035.56 21036.19
21034.92 21036.08
21034.92 21036.08
21033.88 21035.37
21032.39 21033.86
21032.39 21033.86
21031.41 21032.59
21030.90 21032.10
21030.90 21032.10
21030.39 21031.86
21029.16 21030.35
21029.16 21030.35
21030.66 21031.85
21030.18 21031.33
21030.18 21031.33
21025.56 21026.19
21027.92 21029.08
21027.92 21029.08
21028.16 21029.34
21028.16 21029.35
21028.16 21029.35
21025.92 21027.08
