20893.89 20895.36
20893.89 20895.36
20892.62 20894.13
20892.62 20894.13
20892.15 20893.35
20892.88 20894.38
20892.88 20894.38
20893.42 20894.58
20892.89 20894.36
20892.89 20894.36
20893.39 20894.86
20892.89 20894.36
20892.89 20894.36
20890.67 20891.83
20890.92 20892.08
20890.92 20892.08
20889.92 20891.08
20890.17 20891.33
20890.17 20891.33
20890.41 20891.60
20890.41 20891.60
20891.64 20893.11
20891.40 20892.60
20891.40 20892.60
20891.42 20892.58
20892.38 20893.87
20892.38 20893.87
20891.67 20892.83
20892.66 20893.84
20892.66 20893.84
20892.13 20893.62
20892.15 20893.35
20892.15 20893.35
20892.15 20893.35
20891.88 20893.37
20892.63 20894.12
20892.63 20894.12
20893.65 20894.85
20892.17 20893.33
20892.17 20893.33
20892.40 20893.60
20892.62 20894.13
20892.62 20894.13
20892.90 20894.10
20894.92 20896.08
20894.92 20896.08
20894.39 20895.86
20894.39 20895.86
20892.91 20894.09
20894.88 20896.37
20894.88 20896.37
20896.15 20897.35
20896.15 20897.35
20895.89 20897.36
20894.67 20895.83
20894.67 20895.83
20894.37 20895.88
20893.41 20894.59
20893.41 20894.59
20892.92 20894.08
20892.92 20894.08
20894.68 20895.83
20892.91 20894.09
20892.91 20894.09
20893.66 20894.85
20892.38 20893.87
20892.38 20893.87
20893.17 20894.33
20893.17 20894.33
20891.65 20893.36
20891.14 20892.61
20891.14 20892.61
20889.12 20890.63
20891.63 20893.12
20891.63 20893.12
20891.89 20893.36
20891.62 20893.13
20891.62 20893.13
20891.63 20893.13
20892.91 20894.09
20892.91 20894.09
20891.88 20893.37
20892.16 20893.34
20892.16 20893.34
20893.37 20894.88
20891.91 20893.09
20891.91 20893.09
20892.88 20894.37
20892.88 20894.37
20893.38 20894.87
20892.38 20893.87
20892.38 20893.87
20892.40 20893.60
20892.16 20893.34
20892.16 20893.34
20893.17 20894.33
20893.88 20895.37
20893.88 20895.37
20891.62 20893.13
20892.68 20893.83
20892.68 20893.83
20892.43 20893.58
20892.43 20893.58
20892.17 20893.33
20889.67 20890.83
20889.67 20890.83
20889.89 20891.36
20891.63 20893.12
20891.63 20893.12
20890.13 20891.63
20889.63 20891.12
20889.63 20891.12
20891.39 20892.86
20891.62 20893.13
20891.62 20893.13
20892.39 20893.86
20892.39 20893.86
20890.67 20891.83
20890.91 20892.10
20890.91 20892.10
20890.38 20891.87
20891.64 20893.11
20891.64 20893.11
20892.89 20894.36
20892.89 20894.36
20889.37 20890.88
20889.16 20890.34
20889.16 20890.34
20888.67 20889.83
20888.90 20890.10
20888.90 20890.10
20890.42 20891.58
20889.63 20891.13
20889.63 20891.13
20888.64 20890.11
20888.14 20889.61
20888.14 20889.61
20888.63 20890.12
20889.92 20891.08
20889.92 20891.08
20890.91 20892.09
20890.14 20891.61
20890.14 20891.61
20889.40 20890.60
20887.87 20889.38
20887.87 20889.38
20887.67 20888.83
20886.39 20887.86
20886.39 20887.86
20887.65 20888.85
20887.91 20889.09
20887.91 20889.09
20887.65 20888.85
20890.66 20891.84
20890.66 20891.84
20892.39 20893.86
20892.13 20893.62
20892.13 20893.62
20893.17 20894.33
20893.17 20894.33
20893.65 20894.85
20893.81 20894.44
20893.81 20894.44
20892.41 20893.60
20891.17 20892.33
20891.17 20892.33
20892.42 20893.58
20891.67 20892.83
20891.67 20892.83
20891.05 20891.70
20892.42 20893.58
20892.42 20893.58
20890.93 20892.08
20890.05 20890.70
20890.05 20890.70
20891.40 20892.60
20891.40 20892.60
20892.66 20893.84
20892.40 20893.60
20892.40 20893.60
20891.16 20892.35
20891.67 20892.83
20891.67 20892.83
20890.39 20891.86
20890.39 20891.86
20895.05 20895.70
20893.62 20895.13
20896.12 20897.63
20896.12 20897.63
20896.68 20897.83
20896.15 20897.35
20896.15 20897.35
20896.64 20898.11
20896.64 20898.11
20894.17 20895.33
20892.89 20894.36
20892.89 20894.36
20892.68 20893.83
20893.66 20894.84
20893.66 20894.84
20893.66 20894.84
20893.14 20894.61
20893.14 20894.61
20893.91 20895.10
20894.89 20896.36
20894.89 20896.36
20895.91 20897.10
20895.91 20897.10
20896.06 20896.69
20895.88 20897.37
20895.88 20897.37
20896.16 20897.35
20896.16 20897.34
20896.16 20897.34
20896.55 20897.20
20898.17 20899.33
20898.17 20899.33
20897.90 20899.10
20897.89 20899.36
20897.89 20899.36
20897.88 20899.37
20897.88 20899.37
20897.41 20898.59
20897.80 20898.45
20897.80 20898.45
20897.16 20898.35
20897.16 20898.35
20895.64 20897.11
20895.89 20897.36
20895.89 20897.36
20896.91 20898.09
20895.37 20896.88
20895.37 20896.88
20896.13 20897.62
20895.14 20896.61
20895.14 20896.61
20895.17 20896.33
20895.62 20897.13
20895.62 20897.13
20896.37 20897.88
20896.37 20897.88
20896.88 20898.37
20899.64 20901.11
20899.64 20901.11
20899.89 20901.36
20898.68 20899.83
20898.68 20899.83
20899.13 20900.62
20898.63 20900.12
20898.63 20900.12
20897.64 20899.11
20898.14 20899.61
20898.14 20899.61
20897.16 20898.34
20897.16 20898.34
20897.13 20898.62
20895.38 20896.88
20895.38 20896.88
20895.39 20896.86
20894.88 20896.37
20894.88 20896.37
20893.63 20895.12
20894.17 20895.33
20894.17 20895.33
20894.66 20895.85
20894.89 20896.36
20894.89 20896.36
20893.55 20894.20
20893.55 20894.20
20892.62 20894.13
20892.62 20894.13
20892.63 20894.13
20892.64 20894.11
20892.64 20894.11
20893.67 20894.83
20894.12 20895.63
20894.12 20895.63
20894.13 20895.62
20893.64 20895.11
20893.64 20895.11
20890.42 20891.58
20890.42 20891.58
20891.12 20892.63
20893.63 20895.12
20893.63 20895.12
20894.17 20895.33
20894.40 20895.60
20894.40 20895.60
20893.64 20895.11
20892.92 20894.08
20892.92 20894.08
20893.38 20894.87
20894.41 20895.59
20894.41 20895.59
20895.14 20896.61
20894.38 20895.87
20894.38 20895.87
20895.13 20896.62
20895.13 20896.62
20895.05 20895.70
20894.14 20895.61
20894.14 20895.61
20894.38 20895.87
20895.41 20896.59
20895.41 20896.59
20892.65 20893.85
20891.93 20893.08
20891.93 20893.08
20892.15 20893.35
20891.89 20893.36
20891.89 20893.36
20889.17 20890.33
20889.39 20890.86
20889.39 20890.86
20890.39 20891.86
20890.39 20891.86
20890.66 20891.84
20890.66 20891.84
20890.67 20891.83
20888.65 20889.85
20888.65 20889.85
20889.16 20890.35
20891.42 20892.58
20891.42 20892.58
20889.91 20891.09
20889.91 20891.09
20890.80 20891.45
20890.14 20891.61
20890.14 20891.61
20892.06 20892.69
20892.06 20892.69
20891.18 20892.33
20890.37 20891.88
20890.37 20891.88
20891.63 20893.12
20892.14 20893.61
20892.14 20893.61
20892.92 20894.08
20891.92 20893.08
20891.92 20893.08
20892.31 20892.94
20892.31 20892.94
20891.16 20892.34
20891.16 20892.35
20890.17 20891.33
20890.17 20891.33
20887.66 20888.85
20887.66 20888.85
20891.66 20892.84
20893.65 20894.85
20893.65 20894.85
20892.93 20894.08
20891.91 20893.09
20891.91 20893.09
20890.92 20892.08
20890.63 20892.13
20890.63 20892.13
20888.41 20889.59
20889.15 20890.35
20889.15 20890.35
20889.41 20890.60
20889.41 20890.60
20889.93 20891.08
20888.91 20890.09
20888.91 20890.09
20890.18 20891.33
20889.89 20891.36
20889.89 20891.36
20890.42 20891.58
20890.42 20891.58
20893.67 20894.83
20893.42 20894.58
20893.42 20894.58
20894.17 20895.33
20893.64 20895.11
20893.64 20895.11
20895.17 20896.33
20898.16 20899.34
20898.16 20899.34
20898.66 20899.84
20898.66 20899.84
20899.16 20900.34
20898.68 20899.83
20898.68 20899.83
20897.93 20899.08
20899.67 20900.83
20899.67 20900.83
20900.14 20901.61
20899.89 20901.36
20899.89 20901.36
20900.18 20901.33
20902.06 20902.69
20902.06 20902.69
20901.67 20902.83
20901.67 20902.83
20901.39 20902.86
20903.06 20903.69
20903.06 20903.69
20902.89 20904.36
20904.42 20905.58
20904.42 20905.58
20904.40 20905.60
20903.13 20904.62
20903.13 20904.62
20902.43 20903.58
20903.88 20905.37
20903.88 20905.37
20902.38 20903.87
20900.16 20901.34
20900.16 20901.34
20899.89 20901.36
20896.12 20897.63
20896.12 20897.63
20895.91 20897.10
20897.39 20898.86
20897.39 20898.86
20897.38 20898.87
20897.38 20898.87
20897.16 20898.34
20896.16 20897.34
20896.16 20897.34
20896.90 20898.10
20898.13 20899.62
20898.13 20899.62
20899.15 20900.35
20899.15 20900.35
20899.13 20900.62
20899.42 20900.58
20899.42 20900.58
20897.93 20899.08
20899.66 20900.85
20899.66 20900.85
20900.40 20901.60
20901.91 20903.09
20901.91 20903.09
20903.65 20904.85
20903.65 20904.85
20903.55 20904.20
20903.55 20904.20
20904.06 20904.69
20903.42 20904.58
20903.42 20904.58
20905.40 20906.60
20908.17 20909.33
20908.17 20909.33
20907.92 20909.08
20908.41 20909.59
20908.41 20909.59
20908.15 20909.35
20908.14 20909.61
20908.14 20909.61
20905.14 20906.61
20903.91 20905.10
20903.91 20905.10
20902.92 20904.08
20901.62 20903.13
20901.62 20903.13
20901.66 20902.84
20901.66 20902.84
20903.68 20904.83
20904.41 20905.60
20903.42 20904.58
20903.42 20904.58
20903.12 20904.63
20903.12 20904.63
20903.13 20904.63
20904.14 20905.61
20904.14 20905.61
20905.13 20906.62
20905.12 20906.63
20905.12 20906.63
20904.92 20906.08
20904.92 20906.08
20905.43 20906.58
20909.42 20910.58
20909.42 20910.58
20908.63 20910.12
20909.66 20910.84
20909.66 20910.84
20908.67 20909.83
20908.91 20910.10
20908.91 20910.10
20908.42 20909.58
20908.42 20909.58
20907.65 20908.85
20908.39 20909.86
20908.39 20909.86
20907.66 20908.84
20907.16 20908.35
20907.16 20908.35
20907.05 20907.70
20905.43 20906.58
20905.43 20906.58
20905.41 20906.60
20906.42 20907.58
20906.42 20907.58
20905.91 20907.09
20905.91 20907.09
20905.89 20907.36
20906.17 20907.33
20906.17 20907.33
20906.16 20907.34
20906.16 20907.34
20906.63 20908.12
20907.93 20909.08
20907.93 20909.08
20907.41 20908.59
20905.67 20906.83
20905.67 20906.83
20905.16 20906.34
20906.16 20907.34
20906.16 20907.34
20905.67 20906.83
20905.17 20906.33
20905.17 20906.33
20905.41 20906.59
20904.13 20905.62
20904.13 20905.62
20904.63 20906.12
20907.13 20908.62
20907.13 20908.62
20906.41 20907.59
20906.92 20908.08
20906.92 20908.08
20907.92 20909.08
20907.62 20909.13
20907.62 20909.13
20907.38 20908.87
20907.38 20908.87
20908.63 20910.12
20911.68 20912.83
20911.68 20912.83
20912.92 20914.08
20915.39 20916.86
20915.39 20916.86
20915.42 20916.58
20913.91 20915.09
20913.91 20915.09
20914.17 20915.33
20913.42 20914.58
20913.42 20914.58
20912.90 20914.10
20912.90 20914.10
20911.89 20913.36
20911.89 20913.36
20911.89 20913.36
20912.18 20913.33
20912.18 20913.33
20911.63 20913.13
20911.89 20913.36
20911.89 20913.36
20911.89 20913.36
20911.89 20913.36
20913.87 20915.38
20915.40 20916.60
20915.40 20916.60
20914.13 20915.62
20914.39 20915.86
20914.39 20915.86
20913.66 20914.85
20913.37 20914.88
20914.12 20915.63
20914.12 20915.63
20913.16 20914.34
20913.16 20914.34
20912.88 20914.37
20912.67 20913.83
20912.67 20913.83
20911.63 20913.12
20912.38 20913.87
20912.38 20913.87
20912.88 20914.37
20914.39 20915.86
20914.39 20915.86
20912.88 20914.37
20914.16 20915.34
20914.16 20915.34
20914.16 20915.34
20912.67 20913.83
20913.15 20914.35
20913.15 20914.35
20912.88 20914.37
20913.13 20914.62
20913.13 20914.62
20913.16 20914.34
20912.90 20914.10
20912.90 20914.10
20913.17 20914.33
20913.64 20915.11
20913.64 20915.11
20913.62 20915.13
20911.17 20912.33
20911.17 20912.33
20910.56 20911.19
20908.88 20910.37
20908.88 20910.37
20910.87 20912.38
20910.43 20911.58
20910.43 20911.58
20911.16 20912.34
20912.42 20913.58
20912.42 20913.58
20912.38 20913.87
20912.38 20913.87
20912.12 20913.63
20912.12 20913.63
20914.66 20915.84
20914.14 20915.61
20914.14 20915.61
20914.41 20915.59
20915.64 20917.11
20915.64 20917.11
20914.43 20915.58
20912.16 20913.34
20912.16 20913.34
20912.90 20914.10
20912.90 20914.10
20913.41 20914.59
20913.41 20914.59
20912.90 20914.10
20913.31 20913.94
20913.31 20913.94
20912.88 20914.37
20912.88 20914.37
