20930.22 20932.03
20930.22 20932.03
20930.15 20931.85
20930.15 20931.85
20931.03 20932.98
20932.53 20934.47
20932.53 20934.47
20932.73 20934.53
20932.73 20934.53
20931.73 20933.53
20931.64 20933.11
20931.64 20933.11
20932.53 20934.48
20932.47 20934.28
20932.47 20934.28
20932.90 20934.61
20932.03 20933.97
20932.03 20933.97
20931.71 20933.54
20932.28 20934.22
20932.28 20934.22
20931.47 20933.28
20931.47 20933.28
20931.47 20933.28
20932.28 20934.22
20932.28 20934.22
20932.22 20934.03
20932.22 20934.03
20931.72 20933.53
20931.21 20933.04
20931.21 20933.04
20931.53 20933.47
20931.21 20933.04
20931.21 20933.04
20931.28 20933.22
20931.28 20933.22
20932.03 20933.97
20932.03 20933.97
20933.89 20935.61
20933.89 20935.61
20934.58 20936.67
20934.65 20936.36
20934.65 20936.36
20934.65 20936.36
20934.65 20936.36
20934.90 20936.61
20934.91 20936.60
20934.91 20936.60
20934.03 20935.97
20933.46 20935.29
20933.46 20935.29
20933.78 20935.73
20933.78 20935.73
20933.65 20935.35
20934.58 20936.67
20934.58 20936.67
20935.56 20936.19
20935.56 20936.19
20934.78 20936.72
20934.78 20936.72
20935.15 20936.86
20935.15 20936.86
20935.03 20936.98
20935.03 20936.98
20935.03 20936.98
20934.96 20936.79
20934.96 20936.79
20936.31 20936.94
20936.31 20936.94
20935.03 20936.98
20935.03 20936.98
20934.89 20936.36
20934.91 20936.60
20934.91 20936.60
20934.23 20936.03
20934.28 20936.22
20934.28 20936.22
20933.46 20935.29
20933.46 20935.29
20930.78 20932.73
20930.78 20932.73
20930.96 20932.79
20930.96 20932.79
20929.71 20931.54
20929.71 20931.54
20929.71 20931.54
20929.78 20931.72
20929.78 20931.72
20929.78 20931.72
20929.78 20931.72
20929.78 20931.72
20930.38 20931.87
20930.38 20931.87
20930.39 20931.86
20930.53 20932.47
20930.53 20932.47
20927.22 20929.03
20927.22 20929.03
20925.78 20927.73
20925.78 20927.73
20928.72 20930.53
20928.72 20930.53
20928.71 20930.54
20928.71 20930.54
20928.65 20930.36
20928.65 20930.36
20928.73 20930.53
20928.73 20930.53
20928.71 20930.54
20928.71 20930.54
20930.48 20932.28
20930.48 20932.28
20930.83 20932.92
20930.83 20932.92
20930.53 20932.48
20930.46 20932.29
20930.46 20932.29
20930.46 20932.29
20930.42 20931.59
20930.42 20931.59
20929.71 20931.54
20929.71 20931.54
20929.71 20931.54
20929.71 20931.54
20929.90 20931.61
20929.90 20931.61
20930.15 20931.86
20930.15 20931.86
20929.97 20931.78
20929.98 20931.78
20929.98 20931.78
20931.22 20933.03
20931.22 20933.03
20931.22 20933.03
20931.03 20932.98
20931.03 20932.98
20931.28 20933.23
20931.28 20933.23
20931.28 20933.23
20931.64 20933.11
20931.64 20933.11
20931.91 20933.59
20931.91 20933.60
20931.91 20933.60
20931.65 20933.35
20931.47 20933.28
20931.47 20933.28
20931.53 20933.47
20931.53 20933.47
20931.53 20933.47
20931.90 20933.60
20931.91 20933.59
20931.91 20933.59
20931.91 20933.59
20931.91 20933.59
20931.91 20933.59
20931.48 20933.28
20931.48 20933.28
20931.40 20933.10
20931.40 20933.10
20931.40 20933.10
20931.28 20933.22
20931.28 20933.22
20931.21 20933.04
20931.21 20933.04
20931.65 20933.36
20931.03 20932.97
20931.03 20932.97
20929.73 20931.53
20929.73 20931.53
20929.78 20931.72
20929.78 20931.72
20929.97 20931.78
20929.97 20931.78
20931.90 20933.61
20931.90 20933.61
20931.90 20933.61
20931.90 20933.61
20931.90 20933.61
20931.48 20933.28
20931.48 20933.28
20931.48 20933.28
20931.48 20933.28
20931.90 20933.61
20931.66 20933.35
20931.66 20933.35
20931.84 20934.92
20931.84 20934.92
20932.78 20934.73
20932.46 20934.29
20932.46 20934.29
20932.46 20934.29
20932.73 20934.53
20932.73 20934.53
20932.73 20934.53
20932.91 20934.60
20932.91 20934.60
20933.65 20935.35
20933.65 20935.35
20933.90 20935.60
20933.90 20935.60
20934.88 20936.37
20935.48 20937.28
20935.48 20937.28
20934.96 20936.79
20934.96 20936.79
20935.47 20937.28
20935.47 20937.28
20935.14 20936.86
20934.98 20936.78
20934.98 20936.78
20933.91 20935.59
20933.91 20935.59
20934.03 20935.98
20934.03 20935.98
20934.03 20935.98
20934.71 20936.54
20934.71 20936.54
20934.71 20936.54
20934.71 20936.54
20934.89 20936.61
20934.89 20936.61
20934.89 20936.61
20934.91 20936.59
20934.91 20936.59
20934.90 20936.61
20934.90 20936.61
20934.73 20936.53
20934.73 20936.53
20934.71 20936.54
20934.73 20936.53
20934.73 20936.53
20933.41 20935.10
20933.41 20935.10
20933.64 20935.11
20933.64 20935.11
20932.64 20934.36
20932.40 20934.10
20932.40 20934.10
20932.40 20934.10
20932.39 20934.11
20932.39 20934.11
20932.39 20934.11
20932.40 20934.11
20932.40 20934.11
20932.41 20934.10
20932.41 20934.10
20932.22 20934.03
20932.22 20934.03
20932.03 20933.98
20932.03 20933.98
20931.72 20933.53
20931.65 20933.36
20931.65 20933.36
20931.65 20933.36
20931.65 20933.36
20931.65 20933.36
20931.66 20933.35
20931.66 20933.35
20931.66 20933.35
20931.66 20933.35
20931.64 20933.11
20931.64 20933.11
20931.64 20933.11
20931.64 20933.11
20931.21 20933.04
20931.21 20933.04
20931.21 20933.04
20931.21 20933.04
20931.21 20933.04
20931.21 20933.04
20931.40 20933.11
20931.40 20933.11
20931.23 20933.03
20931.23 20933.03
20930.78 20932.72
20930.78 20932.72
20930.78 20932.72
20930.78 20932.72
20931.56 20932.19
20931.56 20932.19
20932.23 20934.03
20932.23 20934.03
20932.28 20934.22
20932.28 20934.22
20932.21 20934.04
20932.21 20934.04
20932.73 20934.53
20933.72 20935.53
20933.72 20935.53
20933.73 20935.53
20933.73 20935.53
20933.98 20935.78
20933.98 20935.78
20933.98 20935.78
20934.16 20935.84
20934.16 20935.84
20935.17 20936.34
20935.17 20936.34
20934.87 20936.38
20934.87 20936.38
20935.80 20936.45
20935.80 20936.45
20935.14 20936.61
20935.41 20937.10
20935.41 20937.10
20934.46 20936.29
20934.46 20936.29
20934.46 20936.29
20934.46 20936.29
20934.71 20936.54
20934.71 20936.54
20934.90 20936.61
20934.90 20936.61
20934.40 20936.10
20934.40 20936.10
20934.28 20936.23
20934.28 20936.23
20934.28 20936.23
20934.28 20936.23
20934.28 20936.23
20934.13 20935.62
20934.13 20935.62
20933.71 20935.54
20933.71 20935.54
20933.71 20935.54
20932.90 20934.61
20932.90 20934.61
20933.53 20935.48
20933.53 20935.48
20933.48 20935.28
20933.48 20935.28
20933.46 20935.29
20933.72 20935.53
20933.72 20935.53
20933.72 20935.53
20933.47 20935.28
20933.47 20935.28
20933.28 20935.23
20933.28 20935.23
20933.46 20935.29
20933.46 20935.29
20933.46 20935.29
20933.46 20935.29
20933.46 20935.29
20933.46 20935.29
20933.46 20935.29
20933.46 20935.29
20933.48 20935.28
20933.48 20935.28
20932.28 20934.23
20932.28 20934.23
20932.17 20933.34
20931.37 20932.88
20931.37 20932.88
20930.73 20932.53
20930.73 20932.53
20930.91 20932.60
20930.91 20932.60
20930.91 20932.60
20927.96 20929.79
20927.96 20929.79
20928.89 20930.61
20928.89 20930.61
20928.96 20930.79
20929.98 20931.78
20929.98 20931.78
20929.98 20931.78
20930.23 20932.03
20930.23 20932.03
20930.65 20932.35
20930.65 20932.35
20930.65 20932.36
20930.65 20932.36
20930.22 20932.03
20930.22 20932.03
20930.15 20931.86
20930.15 20931.86
20929.39 20931.11
20929.39 20931.11
20929.64 20931.11
20929.41 20931.09
20929.41 20931.09
20930.66 20932.34
20930.66 20932.34
20930.97 20932.78
20930.97 20932.78
20930.40 20932.10
20930.40 20932.10
20930.46 20932.29
20930.46 20932.29
20930.41 20932.10
20930.53 20932.47
20930.53 20932.47
20930.28 20932.22
20930.28 20932.22
20930.28 20932.22
20930.28 20932.22
20930.46 20932.29
20930.46 20932.29
20930.46 20932.29
20930.58 20932.67
20930.58 20932.67
20930.78 20932.73
20930.78 20932.73
20931.41 20933.09
20931.41 20933.09
20931.41 20933.09
20932.87 20934.38
20932.87 20934.38
20932.89 20934.36
20932.89 20934.36
20932.64 20934.36
20932.64 20934.36
20932.64 20934.36
20932.64 20934.36
20932.92 20934.09
20932.92 20934.09
20932.92 20934.09
20932.90 20934.61
20932.90 20934.61
20932.89 20934.61
20932.88 20934.37
20932.88 20934.37
20932.88 20934.37
20932.96 20934.79
20932.96 20934.79
20932.96 20934.79
20932.91 20934.60
20932.91 20934.59
20932.91 20934.59
20932.91 20934.59
20932.91 20934.59
20932.96 20934.79
20932.96 20934.79
20932.96 20934.79
20932.98 20934.78
20932.98 20934.78
20932.14 20933.61
20932.14 20933.61
20932.28 20934.22
20932.28 20934.22
20932.23 20934.03
20932.23 20934.03
20932.16 20933.84
20932.16 20933.84
20930.15 20931.85
20930.15 20931.85
20930.15 20931.85
20930.28 20932.23
20930.28 20932.23
20931.31 20931.94
20931.31 20931.94
20930.73 20932.53
20931.22 20933.03
20931.22 20933.03
20931.22 20933.03
20931.97 20933.78
20931.97 20933.78
20931.97 20933.78
20931.23 20933.03
20931.23 20933.03
20932.47 20934.28
20932.47 20934.28
20932.47 20934.28
20932.66 20934.35
20932.66 20934.35
20932.53 20934.47
20932.53 20934.47
20931.91 20933.60
20931.91 20933.60
20931.91 20933.60
20931.73 20933.53
20929.23 20931.03
20929.23 20931.03
20929.23 20931.03
20928.90 20930.60
20928.90 20930.60
20930.03 20931.98
20930.03 20931.98
20930.22 20932.03
20930.21 20932.04
20930.21 20932.04
20930.53 20932.47
20930.28 20932.23
20930.28 20932.23
20930.48 20932.28
20930.48 20932.28
20930.48 20932.28
20930.28 20932.22
20930.28 20932.22
20929.78 20931.73
20929.78 20931.73
20929.53 20931.48
20929.53 20931.48
20929.53 20931.48
20929.71 20931.54
20929.71 20931.54
20929.71 20931.54
20929.53 20931.48
20929.53 20931.48
20929.78 20931.72
20929.78 20931.72
20929.78 20931.73
20929.78 20931.73
20929.97 20931.78
20929.97 20931.78
20929.97 20931.78
20929.97 20931.78
20929.97 20931.78
20931.21 20933.04
20931.21 20933.04
20931.21 20933.04
20931.21 20933.04
20931.28 20933.23
20931.28 20933.23
20930.78 20932.72
20930.78 20932.72
20929.90 20931.61
20929.66 20931.35
20929.66 20931.35
20930.48 20932.28
20930.48 20932.28
20930.48 20932.28
20930.03 20931.97
20930.03 20931.97
20928.23 20930.03
20928.23 20930.03
20928.47 20930.28
20928.47 20930.28
20928.53 20930.47
20928.53 20930.47
20928.53 20930.47
20928.53 20930.48
20928.15 20929.86
20928.15 20929.86
20928.15 20929.86
20928.72 20930.53
20928.15 20929.85
20928.15 20929.85
20928.16 20929.85
20928.16 20929.85
20928.03 20929.97
20928.03 20929.97
20927.90 20929.60
20927.90 20929.60
20927.89 20929.36
20927.89 20929.36
20926.78 20928.73
20925.71 20927.54
20925.71 20927.54
20923.64 20925.36
20923.64 20925.36
20924.03 20925.97
20925.03 20926.97
20925.03 20926.97
20925.03 20926.97
20925.98 20927.78
20925.98 20927.78
20925.90 20927.61
20926.39 20928.11
20926.39 20928.11
20925.73 20927.53
20925.73 20927.53
20925.64 20927.36
20925.64 20927.36
20925.46 20927.29
20925.46 20927.29
20925.72 20927.53
20925.72 20927.53
20926.21 20928.04
20926.47 20928.28
20926.47 20928.28
20926.46 20928.29
20926.46 20928.29
20925.66 20927.35
20925.22 20927.03
20925.22 20927.03
20925.22 20927.03
20925.16 20926.84
20923.63 20925.12
20923.63 20925.12
20923.65 20925.35
20920.63 20922.12
20920.63 20922.12
20919.23 20921.03
20918.97 20920.78
20918.97 20920.78
20919.28 20921.23
20919.28 20921.23
20919.78 20921.73
20920.03 20921.98
20920.03 20921.98
20920.91 20922.60
20920.91 20922.60
20920.21 20922.04
20920.66 20922.34
20920.66 20922.34
20919.03 20920.97
20919.03 20920.97
20919.03 20920.97
20919.03 20920.97
20919.03 20920.97
20918.90 20920.60
20918.21 20920.04
20918.21 20920.04
20916.64 20918.11
20916.65 20918.35
20916.65 20918.35
20915.21 20917.04
20915.03 20916.97
20915.03 20916.97
20916.21 20918.04
20916.21 20918.04
20916.03 20917.98
20916.03 20917.98
20915.48 20917.28
20915.48 20917.28
20915.53 20917.47
20915.53 20917.47
20915.23 20917.03
20915.23 20917.03
20917.28 20919.22
