20713.90 20715.60
20713.90 20715.60
20713.98 20715.78
20713.98 20715.78
20714.97 20716.78
20711.72 20713.53
20711.72 20713.53
20709.40 20711.10
20709.40 20711.10
20708.47 20710.28
20709.16 20710.85
20709.16 20710.85
20711.03 20712.97
20711.03 20712.97
20711.40 20713.11
20711.40 20713.11
20711.39 20713.11
20709.47 20711.28
20709.47 20711.28
20709.40 20711.11
20709.40 20711.11
20708.97 20710.78
20708.97 20710.78
20708.71 20710.54
20705.89 20707.61
20705.89 20707.61
20704.98 20706.78
20708.16 20709.85
20708.16 20709.85
20707.89 20709.36
20707.89 20709.36
20706.78 20708.73
20707.88 20709.37
20707.88 20709.37
20707.21 20709.04
20707.78 20709.72
20707.78 20709.72
20710.73 20712.53
20710.73 20712.53
20709.78 20711.72
20711.23 20713.03
20711.23 20713.03
20711.33 20713.42
20711.33 20713.42
20711.28 20713.23
20711.28 20713.23
20712.78 20714.73
20712.78 20714.73
20712.47 20714.28
20712.47 20714.28
20712.53 20714.48
20712.53 20714.48
20711.66 20713.35
20711.53 20713.48
20711.53 20713.48
20712.73 20714.53
20713.65 20715.36
20713.65 20715.36
20713.28 20715.22
20710.14 20711.86
20710.14 20711.86
20708.78 20710.73
20708.78 20710.73
20708.28 20710.22
20705.66 20707.34
20705.66 20707.34
20705.91 20707.59
20709.46 20711.29
20709.46 20711.29
20708.78 20710.73
20708.78 20710.73
20708.03 20709.97
20708.03 20709.98
20708.03 20709.98
20708.03 20709.98
20707.28 20709.23
20708.22 20710.03
20708.22 20710.03
20708.65 20710.35
20708.65 20710.35
20709.98 20711.78
20709.72 20711.53
20709.72 20711.53
20709.53 20711.48
20709.53 20711.48
20707.58 20709.67
20707.58 20709.67
20707.33 20709.42
20707.33 20709.42
20707.28 20709.22
20707.03 20708.98
20707.03 20708.98
20705.83 20707.92
20705.83 20707.92
20705.97 20707.78
20706.58 20708.67
20706.58 20708.67
20706.28 20708.23
20706.28 20708.23
20706.31 20706.94
20706.31 20706.94
20706.47 20708.28
20704.22 20706.03
20704.22 20706.03
20704.03 20705.98
20704.03 20705.98
20704.66 20706.34
20704.66 20706.34
20704.66 20706.34
20707.65 20709.36
20710.15 20711.85
20710.15 20711.85
20713.73 20715.53
20712.78 20714.72
20712.78 20714.72
20713.66 20714.85
20713.66 20714.85
20711.78 20713.72
20711.78 20713.72
20711.53 20713.47
20711.53 20713.47
20710.83 20712.92
20709.98 20711.78
20709.98 20711.78
20710.72 20712.53
20710.72 20712.53
20709.78 20711.72
20710.38 20711.87
20710.38 20711.87
20710.28 20712.22
20711.53 20713.47
20711.53 20713.47
20711.53 20713.47
20712.16 20713.85
20712.16 20713.85
20712.15 20713.85
20712.15 20713.85
20712.15 20713.85
20713.65 20715.35
20718.28 20720.22
20718.28 20720.22
20716.72 20718.53
20716.47 20718.28
20716.28 20718.23
20716.28 20718.23
20716.41 20718.09
20716.41 20718.09
20713.16 20714.85
20713.16 20714.85
20714.72 20716.53
20714.72 20716.53
20714.40 20716.10
20714.40 20716.10
20714.40 20716.10
20713.97 20715.78
20713.97 20715.78
20713.66 20715.34
20713.66 20715.34
20712.15 20713.86
20710.72 20712.53
20710.72 20712.53
20710.90 20712.61
20710.90 20712.61
20711.16 20712.85
20711.16 20712.85
20710.98 20712.78
20710.98 20712.78
20709.78 20711.72
20709.78 20711.72
20709.73 20711.53
20709.53 20711.47
20709.53 20711.47
20711.97 20713.78
20706.78 20708.73
20706.78 20708.73
20709.53 20711.47
20709.53 20711.47
20709.97 20711.78
20709.47 20711.28
20709.47 20711.28
20709.47 20711.28
20710.28 20712.23
20709.53 20711.47
20709.53 20711.47
20710.15 20711.85
20710.15 20711.85
20709.14 20710.86
20709.14 20710.86
20710.31 20710.94
20710.31 20710.94
20709.72 20711.53
20711.41 20713.10
20711.41 20713.10
20712.65 20714.35
20712.65 20714.35
20713.47 20715.28
20710.28 20712.22
20710.28 20712.22
20709.53 20711.48
20708.53 20710.47
20708.53 20710.47
20711.03 20712.97
20711.03 20712.97
20711.28 20713.23
20711.28 20713.23
20711.97 20713.78
20715.03 20716.97
20715.03 20716.97
20715.15 20716.85
20718.73 20720.53
20718.73 20720.53
20717.65 20719.36
20717.28 20719.23
20717.28 20719.23
20716.66 20718.35
20716.66 20718.35
20715.83 20717.92
20713.72 20715.53
20713.72 20715.53
20713.72 20715.53
20711.23 20713.03
20711.23 20713.03
20711.16 20712.84
20711.16 20712.84
20710.47 20712.28
20710.78 20712.73
20714.23 20716.03
20714.23 20716.03
20713.63 20715.13
20713.63 20715.13
20713.40 20715.10
20713.40 20715.10
20712.53 20714.47
20712.23 20714.03
20712.23 20714.03
20708.66 20710.34
20708.66 20710.34
20709.28 20711.22
20709.23 20711.03
20709.23 20711.03
20709.22 20711.03
20710.16 20711.84
20710.16 20711.84
20707.78 20709.72
20707.78 20709.72
20707.78 20709.72
20707.53 20709.47
20706.58 20708.67
20706.58 20708.67
20706.78 20708.73
20706.78 20708.73
20706.78 20708.73
20707.53 20709.48
20707.53 20709.48
20708.65 20710.35
20708.65 20710.35
20708.46 20710.29
20710.53 20712.47
20710.53 20712.47
20709.47 20711.28
20709.21 20711.04
20709.21 20711.04
20709.21 20711.04
20709.21 20711.04
20711.13 20712.63
20710.28 20712.23
20710.28 20712.23
20709.78 20711.72
20709.78 20711.72
20709.83 20711.92
20709.83 20711.92
20709.73 20711.53
20709.73 20711.53
20709.78 20711.72
20709.78 20711.72
20709.91 20711.60
20711.03 20712.97
20711.03 20712.97
20710.28 20712.23
20710.28 20712.23
20712.72 20714.53
20712.72 20714.53
20712.78 20714.72
20712.78 20714.72
20713.53 20715.47
20712.03 20713.98
20712.03 20713.98
20712.03 20713.98
20713.03 20714.98
20713.03 20714.98
20713.78 20715.73
20713.78 20715.73
20715.66 20717.34
20715.66 20717.34
20715.53 20717.48
20715.53 20717.48
20715.91 20717.60
20717.98 20719.78
20717.98 20719.78
20713.90 20715.60
20713.90 20715.60
20713.65 20715.36
20713.78 20715.72
20713.78 20715.72
20711.78 20713.72
20712.71 20714.54
20712.71 20714.54
20713.03 20714.97
20713.03 20714.97
20713.53 20715.47
20715.63 20717.87
20715.63 20717.87
20715.33 20717.42
20715.58 20717.67
20715.58 20717.67
20715.53 20717.48
20715.53 20717.48
20716.53 20718.47
20716.53 20718.47
20715.83 20717.92
20715.83 20717.92
20717.03 20718.98
20716.83 20718.92
20716.83 20718.92
20717.16 20718.85
20718.28 20720.23
20718.28 20720.23
20718.83 20720.92
20718.88 20721.12
20718.88 20721.12
20718.83 20720.92
20718.83 20720.92
20716.22 20718.03
20716.22 20718.03
20716.66 20718.35
20716.66 20718.35
20717.28 20719.22
20718.03 20719.98
20718.03 20719.98
20718.03 20719.98
20718.48 20720.28
20719.28 20721.22
20719.28 20721.22
20717.78 20719.72
20718.83 20720.92
20718.83 20720.92
20718.58 20720.67
20718.58 20720.67
20721.80 20722.45
20721.80 20722.45
20721.53 20723.47
20721.53 20723.47
20719.38 20720.87
20717.03 20718.97
20717.03 20718.97
20716.73 20718.53
20716.73 20718.53
20716.78 20718.73
20716.78 20718.73
20716.97 20718.78
20716.97 20718.78
20716.97 20718.78
20716.97 20718.78
20717.28 20719.23
20717.28 20719.23
20717.73 20719.53
20717.73 20719.53
20717.13 20719.37
20715.53 20717.47
20715.53 20717.47
20712.15 20713.85
20712.15 20713.85
20711.65 20713.35
20711.65 20713.35
20712.08 20714.17
20713.22 20715.03
20713.78 20715.73
20713.78 20715.73
20713.78 20715.73
20713.47 20715.28
20713.47 20715.28
20713.16 20714.84
20713.16 20714.84
20713.47 20715.28
20713.78 20715.73
20713.78 20715.73
