20761.13 20762.63
20761.13 20762.63
20762.14 20763.61
20762.14 20763.61
20760.14 20761.61
20759.38 20760.88
20760.87 20762.38
20760.87 20762.38
20762.41 20763.59
20762.41 20763.59
20758.41 20759.59
20758.88 20760.37
20761.87 20763.38
20761.87 20763.38
20763.92 20765.09
20763.92 20765.09
20763.13 20764.62
20765.16 20766.34
20765.16 20766.34
20764.14 20765.61
20762.87 20764.38
20762.87 20764.38
20763.67 20764.84
20762.64 20764.11
20762.64 20764.11
20761.88 20763.38
20762.89 20764.36
20762.89 20764.36
20759.62 20761.13
20764.16 20765.34
20764.16 20765.34
20765.92 20767.09
20765.62 20767.13
20765.62 20767.13
20767.39 20768.86
20767.12 20768.63
20767.12 20768.63
20764.41 20765.60
20763.92 20765.08
20763.92 20765.08
20759.88 20761.37
20760.38 20761.88
20760.38 20761.88
20761.39 20762.86
20758.67 20759.84
20758.67 20759.84
20758.66 20759.84
20759.38 20760.88
20759.38 20760.88
20760.37 20761.88
20760.38 20761.87
20760.38 20761.87
20760.38 20761.88
20760.38 20761.88
20760.14 20761.61
20758.67 20759.84
20758.67 20759.84
20758.66 20759.84
20758.66 20759.84
20758.92 20760.08
20758.64 20760.11
20758.64 20760.11
20761.41 20762.59
20760.62 20762.13
20760.62 20762.13
20764.88 20766.37
20764.88 20766.37
20763.14 20764.61
20763.39 20764.86
20763.39 20764.86
20764.90 20766.10
20764.91 20766.09
20764.91 20766.09
20766.91 20768.09
20764.63 20766.13
20764.63 20766.13
20767.38 20768.87
20766.88 20768.38
20766.88 20768.38
20768.42 20769.58
20766.92 20768.08
20766.92 20768.08
20767.42 20768.58
20765.39 20766.86
20765.39 20766.86
20765.88 20767.38
20770.14 20771.61
20770.14 20771.61
20768.89 20770.36
20768.88 20770.38
20768.88 20770.38
20771.89 20773.36
20773.66 20774.84
20773.66 20774.84
20771.64 20773.11
20771.41 20772.59
20771.41 20772.59
20772.39 20773.86
20772.13 20773.62
20772.13 20773.62
20773.17 20774.33
20770.90 20772.10
20770.90 20772.10
20770.38 20771.87
20770.38 20771.87
20769.17 20770.33
20770.64 20772.11
20770.64 20772.11
20772.41 20773.59
20774.63 20776.12
20774.63 20776.12
20774.66 20775.84
20775.64 20777.11
20775.64 20777.11
20773.88 20775.38
20773.41 20774.59
20773.41 20774.59
20774.37 20775.88
20775.38 20776.88
20775.38 20776.88
20775.64 20777.11
20775.63 20777.12
20775.63 20777.12
20772.14 20773.61
20772.87 20774.38
20772.87 20774.38
20772.14 20773.61
20772.14 20773.61
20768.89 20770.36
20768.63 20770.13
20768.63 20770.13
20768.65 20770.36
20769.14 20770.61
20769.14 20770.61
20769.13 20770.62
20769.64 20771.11
20769.64 20771.11
20769.88 20771.37
20769.41 20770.59
20769.41 20770.59
20769.39 20770.86
20768.87 20770.38
20768.87 20770.38
20769.63 20771.13
20769.63 20771.13
20769.64 20771.11
20770.62 20772.13
20770.62 20772.13
20772.14 20773.61
20771.17 20772.34
20771.17 20772.34
20772.13 20773.62
20770.14 20771.61
20770.14 20771.61
20765.91 20767.60
20761.41 20762.59
20761.41 20762.59
20759.42 20760.58
20761.16 20762.34
20761.16 20762.34
20761.37 20762.88
20763.41 20764.59
20763.41 20764.59
20762.65 20763.85
20763.16 20764.35
20763.16 20764.35
20763.92 20765.09
20766.63 20768.12
20766.63 20768.12
20763.39 20764.86
20765.14 20766.61
20765.14 20766.61
20765.38 20766.87
20765.38 20766.87
20765.39 20766.86
20763.92 20765.08
20763.92 20765.08
20763.38 20764.87
20765.14 20766.61
20765.14 20766.61
20766.88 20768.37
20766.12 20767.63
20766.12 20767.63
20767.89 20769.36
20767.63 20769.12
20767.63 20769.12
20767.88 20769.37
20767.88 20769.37
20767.16 20768.34
20767.17 20768.33
20767.17 20768.33
20766.88 20768.38
20766.38 20767.87
20766.38 20767.87
20766.16 20767.35
20764.91 20766.09
20764.91 20766.09
20762.13 20763.62
20764.41 20765.59
20764.41 20765.59
20764.64 20766.11
20764.64 20766.11
20765.42 20766.58
20765.91 20767.09
20765.91 20767.09
20767.17 20768.34
20767.63 20769.12
20767.63 20769.12
20764.88 20766.37
20763.92 20765.08
20763.92 20765.08
20765.14 20766.61
20764.88 20766.37
20764.88 20766.37
20764.89 20766.36
20767.12 20768.63
20767.12 20768.63
20767.38 20768.88
20767.38 20768.88
20767.62 20769.13
20767.89 20769.36
20767.89 20769.36
20768.87 20770.38
20768.62 20770.13
20768.62 20770.13
20766.64 20768.11
20766.91 20768.09
20770.63 20772.13
20770.63 20772.13
20772.66 20773.85
20771.91 20773.09
20771.91 20773.09
20776.87 20778.38
20778.67 20779.83
20778.67 20779.83
20780.41 20781.59
20780.41 20781.59
20779.16 20780.34
20778.37 20779.88
20778.37 20779.88
20779.56 20780.19
20778.38 20779.87
20778.38 20779.87
20779.87 20781.38
20779.14 20780.61
20779.14 20780.61
20777.67 20778.83
20775.66 20776.84
20775.66 20776.84
20775.67 20776.83
20773.39 20774.86
20773.39 20774.86
20769.87 20771.38
20771.66 20772.85
20771.66 20772.85
20770.66 20771.84
20767.91 20769.10
20767.91 20769.10
20770.38 20771.88
20771.63 20773.13
20771.63 20773.13
20771.38 20772.87
20769.87 20771.38
20769.87 20771.38
20769.13 20770.63
20770.89 20772.36
20770.89 20772.36
20770.15 20771.35
20770.67 20771.83
20770.67 20771.83
20774.41 20775.59
20772.62 20774.13
20772.62 20774.13
20768.64 20770.11
20768.64 20770.11
20769.37 20770.88
20768.39 20769.86
20768.39 20769.86
20769.89 20771.36
20763.67 20764.83
20763.67 20764.83
20763.38 20764.88
20763.88 20765.37
20763.88 20765.37
20764.38 20765.87
20760.92 20762.08
20760.92 20762.08
20761.37 20762.88
20760.38 20761.88
20760.38 20761.88
20759.88 20761.38
20760.39 20761.86
20760.39 20761.86
20761.87 20763.38
20761.91 20763.09
20761.91 20763.09
20761.39 20762.86
20761.39 20762.86
20763.41 20764.59
20763.88 20765.37
20763.88 20765.37
20763.12 20764.63
20762.89 20764.36
20762.89 20764.36
20760.63 20762.13
20760.41 20761.59
20760.41 20761.59
20764.15 20765.35
20763.91 20765.09
20763.91 20765.09
20764.64 20766.11
20763.67 20764.83
20763.67 20764.83
20765.41 20766.59
20762.41 20763.59
20762.41 20763.59
20763.41 20764.59
20763.17 20764.34
20763.17 20764.34
20759.14 20760.61
20758.13 20759.63
20759.89 20761.36
20759.89 20761.36
20761.62 20763.13
20761.62 20763.13
20762.63 20764.13
20760.91 20762.09
20760.91 20762.09
20762.67 20763.83
20766.91 20768.09
20766.91 20768.09
20766.42 20767.59
20766.66 20767.84
20766.66 20767.84
20767.62 20769.13
20768.64 20770.11
20768.64 20770.11
20769.41 20770.59
20771.66 20772.84
20771.42 20772.58
20771.42 20772.58
20770.66 20772.34
20770.66 20772.34
20769.67 20770.84
20770.16 20771.34
20770.16 20771.34
20768.67 20769.83
20768.12 20769.63
20768.12 20769.63
20767.17 20768.33
20767.39 20768.86
20767.39 20768.86
20766.64 20768.11
20766.64 20768.11
20764.89 20766.36
20764.92 20766.08
20764.92 20766.08
20764.88 20766.37
20762.65 20763.85
20762.65 20763.85
20762.14 20763.61
20765.89 20767.36
20765.89 20767.36
20764.67 20765.83
20765.16 20766.34
20765.16 20766.34
20763.88 20765.37
20762.62 20764.13
20762.62 20764.13
20760.88 20762.38
20761.88 20763.37
20761.88 20763.37
20763.64 20765.11
20760.42 20761.58
20760.42 20761.58
20758.66 20759.84
20759.91 20761.10
20759.91 20761.10
20760.91 20762.10
20762.66 20763.84
20762.66 20763.84
20763.91 20765.09
20763.91 20765.09
20766.62 20768.13
20766.89 20768.36
20766.89 20768.36
20769.89 20771.36
20767.89 20769.36
20767.89 20769.36
20767.66 20768.84
20768.41 20769.59
20768.41 20769.59
20767.91 20769.09
20767.91 20769.09
20764.38 20765.87
20764.17 20765.34
20764.17 20765.34
20761.37 20762.88
20760.12 20761.63
20760.12 20761.63
20760.64 20762.11
20758.38 20759.87
20758.38 20759.87
20756.38 20757.87
20755.66 20756.84
20755.66 20756.84
20755.66 20756.84
20756.39 20757.86
20756.39 20757.86
20754.88 20756.38
20756.39 20757.86
20756.39 20757.86
20755.39 20756.86
20753.42 20754.58
20753.42 20754.58
20755.91 20757.09
20756.91 20758.09
20756.91 20758.09
20756.62 20758.13
20756.14 20757.61
20756.14 20757.61
20756.88 20758.37
20756.87 20758.38
20756.87 20758.38
20754.64 20756.11
20754.13 20755.62
20754.13 20755.62
20755.13 20756.63
20754.38 20755.87
20754.38 20755.87
20754.41 20755.60
20754.41 20755.60
20754.64 20756.11
20754.42 20755.59
20754.42 20755.59
20754.91 20756.09
20755.39 20756.86
20755.39 20756.86
20756.13 20757.62
20757.12 20758.63
20756.16 20757.34
20756.16 20757.34
20755.62 20757.13
20755.62 20757.13
20759.12 20760.63
20757.91 20759.09
20757.91 20759.09
20757.91 20759.09
20756.88 20758.37
20756.88 20758.37
20755.42 20756.59
20757.64 20759.11
20757.64 20759.11
20757.13 20758.63
20757.13 20758.63
20755.41 20756.59
20756.63 20758.13
20756.63 20758.13
20756.39 20757.86
20757.37 20758.88
20757.37 20758.88
20757.64 20759.11
20758.66 20760.34
20758.66 20760.34
20759.91 20761.10
20760.88 20762.38
20760.88 20762.38
20759.14 20760.61
20760.63 20762.13
20760.63 20762.13
20761.89 20763.36
20761.66 20762.84
20761.66 20762.84
20761.63 20763.13
20764.63 20766.13
20764.63 20766.13
20765.63 20767.12
20763.87 20765.38
20763.87 20765.38
20765.14 20766.61
20763.62 20765.13
20763.62 20765.13
20764.91 20766.09
20764.91 20766.09
20762.92 20764.09
20763.91 20765.09
20763.91 20765.09
20764.13 20765.63
20764.13 20765.63
20768.41 20769.60
20769.63 20771.12
20769.63 20771.12
20769.16 20770.34
20768.92 20770.08
20768.92 20770.08
20766.92 20768.08
20766.38 20767.87
20766.38 20767.87
20765.41 20766.60
20764.91 20766.09
20764.91 20766.09
20764.89 20766.36
20762.38 20763.87
20762.38 20763.87
20765.88 20767.38
20765.88 20767.38
20766.64 20768.11
20766.63 20768.12
20766.63 20768.12
20768.12 20769.63
20766.14 20767.61
20766.14 20767.61
20766.14 20767.61
20765.12 20766.63
20765.12 20766.63
20765.91 20767.09
20765.38 20766.87
20765.38 20766.87
20765.13 20766.63
20764.88 20766.37
20764.88 20766.37
20766.17 20767.34
20766.89 20768.36
20766.89 20768.36
20767.38 20768.87
20767.88 20769.38
20767.88 20769.38
20768.66 20769.84
20768.14 20769.61
20768.14 20769.61
20767.14 20768.61
20767.14 20768.61
20768.38 20769.87
20767.67 20768.84
20767.67 20768.84
20767.64 20769.11
20768.16 20769.35
20768.16 20769.35
20771.89 20773.36
20771.13 20772.63
20771.13 20772.63
20772.13 20773.63
20772.13 20773.63
20771.42 20772.59
20771.16 20772.34
20771.16 20772.34
20772.13 20773.63
20771.38 20772.88
20771.38 20772.88
20773.38 20774.87
20772.41 20773.59
20772.41 20773.59
20771.39 20772.86
20771.14 20772.61
20771.14 20772.61
20772.42 20773.58
20771.41 20772.59
20771.41 20772.59
20769.42 20770.59
20772.17 20773.33
20772.17 20773.33
20772.37 20773.88
20772.37 20773.88
20772.13 20773.63
20774.16 20775.34
20773.91 20775.10
20773.91 20775.10
20774.92 20776.09
20774.92 20776.09
20773.88 20775.38
20777.13 20778.62
20777.13 20778.62
20775.63 20777.13
20778.17 20779.33
20778.17 20779.33
20773.16 20774.34
20771.92 20773.09
20771.92 20773.09
20769.91 20771.09
20771.17 20772.33
20771.17 20772.33
20770.88 20772.37
20771.55 20772.20
20771.55 20772.20
20771.63 20773.12
20771.63 20773.12
20771.91 20773.10
20771.66 20772.84
20771.66 20772.84
20772.66 20773.84
20772.13 20773.63
20772.13 20773.63
20771.92 20773.08
20771.63 20773.12
20771.63 20773.12
20771.87 20773.38
20769.63 20771.13
20769.63 20771.13
20769.63 20771.13
20768.16 20769.34
20767.38 20768.87
20767.38 20768.87
20766.37 20767.88
20766.91 20768.09
20766.91 20768.09
20768.14 20769.61
20768.38 20769.87
20768.38 20769.87
20769.16 20770.34
20767.89 20769.36
20767.89 20769.36
20768.66 20769.84
20768.66 20769.84
20768.66 20769.85
20767.89 20769.36
20769.62 20771.13
20769.62 20771.13
20771.31 20771.94
20771.31 20771.94
20772.14 20773.61
20772.38 20773.87
20772.38 20773.87
20773.16 20774.34
