20891.64 20893.11
20891.64 20893.11
20892.39 20894.11
20892.39 20894.11
20892.39 20894.11
20892.62 20894.13
20892.62 20894.13
20892.66 20894.35
20892.66 20894.35
20892.66 20894.35
20892.66 20894.35
20892.66 20894.34
20894.48 20896.28
20894.48 20896.28
20894.65 20896.35
20894.65 20896.35
20894.96 20896.79
20894.96 20896.79
20894.96 20896.79
20894.96 20896.79
20896.39 20897.86
20896.39 20897.86
20895.91 20897.60
20895.91 20897.60
20895.91 20897.60
20895.91 20897.60
20896.14 20897.86
20896.63 20898.12
20896.63 20898.12
20895.64 20897.11
20895.63 20897.12
20895.63 20897.12
20895.63 20897.12
20894.62 20896.13
20894.62 20896.13
20894.62 20896.13
20894.62 20896.13
20892.89 20894.36
20893.13 20894.62
20893.13 20894.62
20893.13 20894.62
20892.89 20894.36
20892.89 20894.36
20892.89 20894.36
20892.89 20894.61
20892.96 20894.79
20892.96 20894.79
20892.96 20894.79
20892.88 20894.38
20892.88 20894.38
20892.88 20894.38
20892.88 20894.38
20892.88 20894.38
20892.64 20894.36
20892.64 20894.36
20892.16 20893.84
20892.16 20893.84
20892.16 20893.84
20892.64 20894.36
20892.39 20893.86
20892.39 20893.86
20892.71 20894.54
20893.48 20895.28
20893.48 20895.28
20894.12 20895.63
20894.12 20895.63
20894.12 20895.63
20894.12 20895.63
20894.39 20895.86
20894.39 20895.86
20894.39 20895.86
20894.39 20895.86
20894.39 20895.86
20894.39 20895.86
20894.39 20895.86
20893.97 20895.78
20893.97 20895.78
20893.97 20895.78
20893.39 20895.11
20893.39 20895.11
20893.39 20895.11
20893.39 20895.11
20893.39 20895.11
20893.40 20894.60
20893.40 20894.60
20893.40 20894.60
20893.40 20894.60
20893.41 20895.09
20893.41 20895.09
20893.38 20894.88
20893.38 20894.88
20893.41 20895.09
20893.41 20895.09
20893.41 20895.09
20893.40 20895.10
20893.40 20895.10
20893.38 20894.87
20893.38 20894.87
20893.22 20895.03
20893.22 20895.03
20893.22 20895.03
20893.22 20895.03
20893.16 20894.84
20893.16 20894.84
20893.16 20894.85
20893.16 20894.85
20893.15 20894.86
20893.15 20894.86
20893.14 20894.61
20893.14 20894.61
20893.14 20894.61
20893.14 20894.61
20891.98 20893.78
20891.98 20893.78
20891.98 20893.78
20891.63 20893.12
20891.63 20893.12
20891.65 20893.35
20891.65 20893.35
20891.65 20893.35
20891.65 20893.36
20891.65 20893.36
20891.91 20893.60
20891.91 20893.60
20891.91 20893.60
20891.91 20893.60
20891.89 20893.61
20891.89 20893.61
20891.91 20893.59
20891.91 20893.59
20891.91 20893.59
20891.91 20893.59
20891.89 20893.61
20891.89 20893.61
20891.65 20893.35
20891.65 20893.35
20891.66 20893.35
20891.66 20893.35
20891.66 20893.35
20891.66 20893.35
20891.66 20893.35
20891.66 20893.35
20891.66 20893.34
20891.66 20893.34
20891.66 20893.34
20891.66 20893.34
20891.66 20893.34
20891.66 20893.34
20892.38 20893.87
20892.66 20894.35
20892.66 20894.35
20892.66 20894.35
20892.66 20894.35
20892.63 20894.12
20892.63 20894.12
20891.65 20893.35
20891.65 20893.35
20891.65 20893.36
20891.65 20893.36
20891.65 20893.36
20891.96 20893.79
20891.96 20893.79
20892.14 20893.61
20892.14 20893.61
20892.13 20893.63
20892.13 20893.63
20892.13 20893.63
20892.13 20893.63
20890.41 20892.09
20890.41 20892.09
20891.14 20892.86
20891.14 20892.86
20891.23 20893.03
20891.23 20893.03
20891.38 20892.88
20891.38 20892.88
20891.38 20892.88
20891.16 20892.85
20891.16 20892.85
20891.16 20892.84
20891.16 20892.84
20890.66 20892.35
20890.92 20892.08
20890.92 20892.08
20890.92 20892.08
20890.41 20892.10
20890.41 20892.10
20890.41 20892.10
20890.41 20892.10
20890.40 20892.11
20890.37 20891.88
20890.37 20891.88
20890.37 20891.88
20890.37 20891.88
20890.37 20891.88
20890.37 20891.88
20890.37 20891.88
20890.37 20891.88
20890.37 20891.88
20890.38 20891.88
20890.38 20891.88
20890.38 20891.88
20890.38 20891.88
20891.41 20893.10
20891.41 20893.10
20891.41 20893.10
20891.41 20893.10
20891.41 20893.10
20891.38 20892.88
20891.38 20892.88
20890.89 20892.61
20890.89 20892.61
20890.89 20892.61
20891.14 20892.86
20891.14 20892.86
20890.88 20892.38
20890.88 20892.38
20890.88 20892.37
20890.88 20892.37
20890.88 20892.37
20890.87 20892.38
20891.16 20892.85
20891.16 20892.85
20891.15 20892.86
20891.13 20892.62
20891.13 20892.62
20891.13 20892.62
20890.90 20892.60
20890.88 20892.37
20890.88 20892.37
20890.88 20892.37
20890.89 20892.36
20890.89 20892.36
20890.89 20892.36
20890.89 20892.36
20890.89 20892.36
20890.89 20892.36
20890.89 20892.36
20889.98 20891.78
20889.98 20891.78
20889.66 20890.84
20890.39 20891.86
20890.39 20891.86
20890.39 20892.11
20890.39 20892.11
20890.39 20892.11
20890.63 20892.12
20890.63 20892.12
20890.41 20892.09
20890.41 20891.59
20890.41 20891.59
20890.41 20892.09
20890.41 20892.09
20890.41 20892.09
20890.41 20892.09
20890.41 20892.09
20891.06 20891.69
20891.06 20891.69
20891.42 20892.58
20892.89 20894.36
20892.89 20894.36
20892.66 20894.35
20892.66 20894.35
20892.16 20893.85
20892.16 20893.85
20890.90 20892.61
20890.90 20892.61
20890.88 20892.38
20890.88 20892.38
20890.88 20892.38
20890.40 20892.10
20890.40 20892.10
20889.66 20891.35
20889.66 20891.35
20891.14 20892.61
20891.14 20892.61
20890.89 20892.61
20890.89 20892.61
20890.89 20892.61
20891.03 20892.97
20891.03 20892.97
20891.03 20892.97
20892.47 20894.28
20892.47 20894.28
20893.66 20895.34
20894.14 20895.61
20894.14 20895.61
20893.91 20895.59
20893.66 20895.35
20893.66 20895.35
20893.63 20895.12
20893.63 20895.12
20893.40 20895.10
20893.64 20895.11
20893.64 20895.11
20894.62 20896.13
20894.62 20896.13
20894.81 20895.44
20894.81 20895.44
20893.91 20895.60
20893.88 20895.38
20893.88 20895.38
20893.46 20895.29
20893.46 20895.29
20893.41 20895.09
20893.41 20895.09
20894.16 20895.84
20894.16 20895.84
20894.41 20896.09
20894.41 20896.09
20894.21 20896.04
20894.21 20896.04
20894.91 20896.09
20894.91 20896.09
20894.40 20896.10
20894.40 20896.10
20895.40 20897.11
20895.40 20897.11
20894.16 20895.85
20894.16 20895.85
20893.40 20895.11
20893.40 20895.11
20893.40 20895.11
20893.40 20895.11
20893.40 20895.11
20893.48 20895.28
20893.48 20895.28
20893.48 20895.28
20893.48 20895.28
20893.48 20895.28
20892.33 20894.42
20892.33 20894.42
20891.40 20893.10
20891.40 20893.10
20890.63 20892.13
20890.66 20892.34
20890.66 20892.34
20890.66 20892.34
20891.17 20892.33
20891.17 20892.33
20891.15 20892.86
20891.15 20892.86
20891.15 20892.86
20890.90 20892.61
20890.90 20892.61
20890.90 20892.61
20890.90 20892.61
20890.63 20892.12
20890.66 20892.35
20890.66 20892.35
20891.12 20892.63
20891.12 20892.63
20891.12 20892.63
20891.15 20892.86
20891.15 20892.86
20891.15 20892.86
20891.15 20892.86
20891.14 20892.61
20891.14 20892.61
20891.14 20892.61
20890.88 20892.38
20890.88 20892.38
20890.88 20892.38
20890.66 20891.84
20890.66 20891.84
20890.88 20892.38
20890.88 20892.38
20890.88 20892.38
20890.88 20892.38
20890.66 20892.35
20890.66 20892.35
20891.14 20892.61
20891.14 20892.61
20891.14 20892.61
20890.89 20892.61
20890.63 20892.12
20890.63 20892.12
20890.63 20892.12
20890.63 20892.12
20890.63 20892.12
20890.62 20892.13
20890.62 20892.13
20889.89 20891.61
20889.89 20891.61
20889.89 20891.61
20890.14 20891.86
20890.14 20891.86
20890.14 20891.86
20890.14 20891.86
20890.14 20891.86
20890.42 20891.58
20890.42 20891.58
20890.13 20891.62
20888.66 20890.35
20888.66 20890.35
20887.65 20889.36
20887.65 20889.36
20887.65 20889.36
20888.13 20889.62
20888.46 20890.29
20888.46 20890.29
20888.88 20890.38
20888.88 20890.38
20888.88 20890.38
20888.66 20890.34
20888.66 20890.34
20891.42 20892.58
20891.13 20892.62
20891.13 20892.62
20891.13 20892.62
20891.13 20892.62
20891.13 20892.62
20890.89 20892.61
20891.13 20892.62
20891.13 20892.62
20891.13 20892.62
20890.38 20891.87
20889.64 20891.36
20889.64 20891.36
20890.13 20891.63
20890.13 20891.63
20890.41 20892.09
20890.41 20892.09
20890.41 20892.09
20890.21 20892.04
20890.21 20892.04
20890.41 20892.09
20890.41 20892.09
20890.41 20892.09
20890.41 20892.09
20890.15 20891.85
20890.15 20891.85
20890.62 20892.13
20890.62 20892.13
20890.62 20892.13
20891.17 20892.33
20891.39 20893.11
20891.39 20893.11
20891.39 20893.11
20890.22 20892.03
20890.22 20892.03
20890.41 20892.09
20890.41 20892.09
20890.41 20892.09
20890.41 20892.09
20890.41 20892.09
20890.38 20891.88
20890.39 20891.86
20890.39 20891.86
20890.39 20891.86
20890.41 20892.10
20890.41 20892.10
20890.40 20892.11
20890.40 20892.11
20889.40 20891.10
20889.91 20891.60
20889.91 20891.60
20890.41 20892.10
20890.41 20892.10
20890.53 20892.48
20890.53 20892.48
20890.73 20892.53
20890.73 20892.53
20890.40 20892.10
20890.40 20892.10
20890.62 20892.13
20890.62 20892.13
20890.89 20892.36
20890.89 20892.36
20890.64 20892.11
20890.64 20892.11
20890.40 20892.10
20890.40 20892.10
20890.38 20891.87
20890.38 20891.87
20890.38 20891.87
20890.73 20892.53
20890.73 20892.53
20889.89 20891.36
20890.89 20892.36
20890.89 20892.36
20890.72 20892.53
20890.72 20892.53
20890.72 20892.53
20890.66 20892.34
20890.66 20892.34
20890.66 20892.34
20890.66 20892.34
20890.66 20892.34
20890.66 20892.34
20890.63 20892.13
20890.63 20892.13
20890.88 20892.37
20890.88 20892.37
20890.48 20892.28
20890.48 20892.28
20889.96 20891.79
20889.96 20891.79
20890.21 20892.04
20890.21 20892.04
20890.16 20891.85
20890.16 20891.85
20891.66 20893.35
20891.66 20893.35
20891.62 20893.13
20891.62 20893.13
20891.63 20893.12
20891.67 20892.83
20891.67 20892.83
20891.67 20892.83
20891.67 20892.83
20891.67 20892.83
20891.67 20892.83
20891.16 20892.84
20891.16 20892.84
20891.63 20893.12
20891.63 20893.12
20891.63 20893.12
20892.17 20893.33
20891.40 20893.10
20891.40 20893.10
20891.40 20893.10
20891.40 20893.10
20891.40 20893.10
20890.39 20891.86
20890.39 20891.86
20890.39 20891.86
20890.39 20891.86
20889.88 20891.37
20889.91 20891.59
20889.91 20891.59
20889.41 20891.10
20889.41 20891.10
20889.46 20891.29
20889.88 20891.38
20889.88 20891.38
20889.15 20890.86
20889.15 20890.86
20889.14 20890.86
20889.14 20890.86
20889.38 20890.87
20889.91 20891.60
20889.91 20891.60
20889.91 20891.60
20889.62 20891.13
20889.62 20891.13
20889.62 20891.13
20889.16 20890.84
20889.14 20890.86
20889.14 20890.86
20889.13 20890.62
20889.13 20890.62
20889.89 20891.36
20889.89 20891.36
20889.66 20891.35
20889.66 20891.35
20889.66 20891.35
20889.87 20891.38
20889.87 20891.38
20889.87 20891.38
20889.87 20891.38
20890.16 20891.85
20890.16 20891.85
20890.16 20891.85
20890.16 20891.84
20890.16 20891.84
20890.16 20891.84
20890.16 20891.84
20890.38 20891.87
20890.65 20892.35
20890.65 20892.35
20890.65 20892.35
20890.65 20892.35
20890.90 20892.61
20890.90 20892.61
20890.90 20892.61
20890.90 20892.61
20890.90 20892.61
20890.96 20892.79
20890.16 20891.85
20890.16 20891.85
20891.46 20893.29
20891.46 20893.29
20892.64 20894.36
20892.64 20894.36
20892.64 20894.36
20892.64 20894.36
20892.64 20894.36
20892.64 20894.36
20892.64 20894.36
20892.23 20894.03
20892.23 20894.03
20892.23 20894.03
20891.46 20893.29
20891.46 20893.29
20891.63 20893.12
20891.63 20893.12
20891.63 20893.12
20891.63 20893.12
20891.88 20893.37
20891.88 20893.37
20891.88 20893.37
20891.88 20893.37
20891.66 20893.34
20891.66 20893.34
20891.65 20893.36
20891.65 20893.36
20892.15 20893.85
20892.15 20893.85
20892.14 20893.61
20892.14 20893.61
20892.14 20893.61
20892.14 20893.61
20892.16 20893.85
20892.16 20893.85
20892.64 20894.36
20892.64 20894.36
20892.91 20894.59
20892.91 20894.59
20892.64 20894.36
20892.15 20893.85
20892.15 20893.85
