20886.78 20888.73
20886.78 20888.73
20886.78 20888.73
20886.78 20888.73
20886.78 20888.73
20886.78 20888.72
20886.78 20888.72
20886.78 20888.72
20886.83 20888.92
20886.83 20888.92
20886.83 20888.92
20886.83 20888.92
20885.83 20887.92
20885.83 20887.92
20885.83 20887.92
20885.40 20887.11
20885.40 20887.11
20885.40 20887.11
20885.40 20887.11
20885.40 20887.11
20885.40 20887.11
20885.47 20887.28
20885.21 20887.04
20885.21 20887.04
20885.28 20887.23
20885.28 20887.23
20884.72 20886.53
20884.72 20886.53
20884.72 20886.53
20884.72 20886.53
20884.73 20886.53
20884.72 20886.53
20884.72 20886.53
20884.72 20886.53
20884.66 20886.35
20884.98 20886.78
20884.98 20886.78
20884.98 20886.78
20884.98 20886.78
20884.98 20886.78
20884.98 20886.78
20884.53 20886.48
20884.53 20886.48
20884.38 20886.62
20884.38 20886.62
20885.31 20885.94
20885.31 20885.94
20885.22 20887.03
20885.22 20887.03
20885.22 20887.03
20885.22 20887.03
20885.22 20887.03
20885.22 20887.03
20885.22 20887.03
20885.78 20887.72
20885.78 20887.72
20885.78 20887.72
20886.03 20887.98
20886.03 20887.98
20886.03 20887.98
20886.03 20887.98
20886.03 20887.98
20887.08 20889.17
20887.08 20889.17
20887.08 20889.17
20887.38 20888.88
20887.38 20888.88
20886.28 20888.22
20885.66 20887.34
20885.66 20887.34
20884.97 20886.78
20884.97 20886.78
20884.97 20886.78
20884.97 20886.78
20884.97 20886.78
20884.97 20886.78
20885.66 20887.34
20885.66 20887.34
20885.03 20886.97
20885.03 20886.97
20885.22 20887.03
20885.22 20887.03
20885.22 20887.03
20885.66 20887.34
20885.66 20887.34
20885.66 20887.34
20885.66 20887.34
20885.97 20887.78
20885.97 20887.78
20885.97 20887.78
20885.73 20887.53
20885.73 20887.53
20885.73 20887.53
20885.73 20887.53
20885.73 20887.53
20885.73 20887.53
20885.73 20887.53
20885.33 20887.42
20885.33 20887.42
20885.53 20887.48
20885.53 20887.48
20885.72 20887.53
20885.72 20887.53
20885.53 20887.48
20885.53 20887.48
20885.53 20887.48
20885.53 20887.48
20885.53 20887.48
20885.53 20887.48
20885.53 20887.48
20885.53 20887.48
20886.08 20888.17
20887.22 20889.03
20887.22 20889.03
20887.22 20889.03
20887.22 20889.03
20887.22 20889.03
20887.03 20888.98
20887.03 20888.98
20887.47 20889.28
20887.47 20889.28
20887.66 20889.35
20887.66 20889.35
20887.73 20889.53
20887.03 20888.97
20887.03 20888.97
20887.03 20888.97
20887.22 20889.03
20887.22 20889.03
20887.22 20889.03
20887.06 20887.69
20887.06 20887.69
20887.06 20887.69
20887.06 20887.69
20886.16 20887.85
20886.16 20887.85
20886.16 20887.85
20886.16 20887.85
20887.17 20888.33
20887.17 20888.33
20887.17 20888.33
20887.17 20888.33
20887.15 20888.86
20887.15 20888.86
20887.15 20888.86
20886.22 20888.03
20886.22 20888.03
20886.22 20888.03
20885.78 20887.73
20885.78 20887.73
20885.90 20887.61
20885.90 20887.61
20885.90 20887.61
20886.16 20887.85
20886.16 20887.85
20885.78 20887.73
20885.78 20887.73
20885.78 20887.73
20885.73 20887.53
20885.73 20887.53
20885.73 20887.53
20886.03 20887.98
20886.03 20887.98
20886.03 20887.98
20886.03 20887.98
20886.03 20887.98
20886.03 20887.98
20886.66 20888.35
20886.66 20888.35
20889.53 20891.47
20889.97 20891.78
20889.97 20891.78
20889.97 20891.78
20889.73 20891.53
20889.73 20891.53
20888.22 20890.03
20888.22 20890.03
20888.22 20890.03
20888.22 20890.03
20889.81 20890.44
20889.81 20890.44
20889.81 20890.44
20888.66 20890.35
20888.66 20890.35
20888.66 20890.35
20888.47 20890.28
20888.47 20890.28
20888.47 20890.28
20888.47 20890.28
20888.47 20890.28
20888.66 20890.35
20887.22 20889.03
20887.22 20889.03
20886.89 20888.61
20886.89 20888.61
20886.89 20888.61
20886.89 20888.61
20889.23 20891.03
20889.23 20891.03
20888.98 20890.78
20888.98 20890.78
20888.98 20890.78
20888.98 20890.78
20888.98 20890.78
20888.96 20890.79
20888.08 20890.17
20888.08 20890.17
20887.66 20889.35
20887.66 20889.35
20887.66 20889.35
20888.28 20890.23
20888.28 20890.23
20888.65 20890.36
20888.65 20890.36
20888.28 20890.22
20888.28 20890.22
20888.46 20890.29
20888.46 20890.29
20888.46 20890.29
20888.41 20890.09
20888.41 20890.09
20888.47 20890.28
20888.47 20890.28
20888.47 20890.28
20888.47 20890.28
20888.47 20890.28
20888.90 20890.60
20888.90 20890.60
20888.90 20890.60
20888.88 20890.38
20888.23 20890.03
20888.23 20890.03
20888.23 20890.03
20888.23 20890.03
20888.23 20890.03
20888.23 20890.03
20888.23 20890.03
20888.23 20890.03
20888.23 20890.03
20888.23 20890.03
20888.23 20890.03
20888.23 20890.03
20888.46 20890.29
20888.46 20890.29
20888.46 20890.29
20888.46 20890.29
20888.47 20890.28
20888.47 20890.28
20888.72 20890.53
20888.72 20890.53
20889.91 20891.59
20889.91 20891.59
20889.88 20891.38
20889.88 20891.38
20889.66 20890.84
20889.66 20890.84
20889.53 20891.48
20889.53 20891.48
20889.47 20891.28
20889.53 20891.48
20889.53 20891.48
20889.72 20891.53
20889.72 20891.53
20889.72 20891.53
20889.78 20891.72
20889.78 20891.72
20889.78 20891.72
20889.41 20891.09
20889.41 20891.09
20888.96 20890.79
20888.96 20890.79
20888.72 20890.53
20888.72 20890.53
20888.72 20890.53
20888.98 20890.78
20888.98 20890.78
20888.98 20890.78
20888.98 20890.78
20888.98 20890.78
20888.98 20890.78
20888.98 20890.78
20889.47 20891.28
20889.47 20891.28
20889.47 20891.28
20889.47 20891.28
20889.47 20891.28
20889.47 20891.28
20889.47 20891.28
20889.53 20891.48
20889.53 20891.48
20889.97 20891.78
20889.97 20891.78
20889.97 20891.78
20889.97 20891.78
20889.97 20891.78
20889.97 20891.78
20890.03 20891.98
20890.03 20891.98
20890.03 20891.98
20890.03 20891.98
20890.15 20891.86
20888.73 20890.53
20888.73 20890.53
20888.96 20890.79
20888.96 20890.79
20888.96 20890.79
20889.53 20891.48
20889.53 20891.48
20889.22 20891.03
20889.22 20891.03
20888.47 20890.28
20888.47 20890.28
20888.72 20890.53
20888.72 20890.53
20888.72 20890.53
20888.72 20890.53
20888.72 20890.53
20888.53 20890.47
20888.53 20890.47
20888.73 20890.53
20888.73 20890.53
20888.73 20890.53
20888.73 20890.53
20888.73 20890.53
20888.72 20890.53
20888.72 20890.53
20888.72 20890.53
20888.72 20890.53
20888.72 20890.53
20888.78 20890.72
20888.78 20890.72
20888.78 20890.72
20888.98 20890.78
20888.98 20890.78
20888.98 20890.78
20888.91 20890.59
20888.91 20890.59
20888.91 20890.59
20888.91 20890.59
20888.91 20890.59
20888.91 20890.59
20888.91 20890.59
20889.05 20889.70
20889.05 20889.70
20889.05 20889.70
20888.46 20890.29
20888.46 20890.29
20888.46 20890.29
20888.72 20890.53
20888.72 20890.53
20888.72 20890.53
20888.14 20889.86
20888.14 20889.86
20888.14 20889.86
20888.16 20889.85
20891.14 20892.61
20891.14 20892.61
20891.14 20892.61
20890.40 20892.10
20890.40 20892.10
20890.66 20892.35
20890.66 20892.35
20890.66 20892.35
20890.66 20892.35
20890.53 20892.48
20890.53 20892.48
20890.98 20892.78
20890.98 20892.78
20890.98 20892.78
20891.15 20892.86
20891.15 20892.86
20891.15 20892.86
20891.15 20892.86
20890.97 20892.78
20891.87 20893.38
20891.87 20893.38
20892.16 20893.34
20892.73 20894.53
20892.73 20894.53
20892.66 20893.84
20892.38 20893.88
20892.38 20893.88
20892.41 20894.09
20892.41 20894.09
20892.53 20894.47
20892.53 20894.47
20892.53 20894.47
20892.47 20894.28
20893.03 20894.97
20893.03 20894.97
20893.03 20894.97
20892.97 20894.78
20893.03 20894.98
20893.03 20894.98
20893.03 20894.98
20892.97 20894.78
20892.71 20894.54
20892.71 20894.54
20892.73 20894.53
20892.98 20894.78
20892.98 20894.78
20892.98 20894.78
20892.98 20894.78
20892.98 20894.78
20893.14 20894.86
20893.14 20894.86
20893.14 20894.86
20893.14 20894.86
20893.08 20895.17
20893.08 20895.17
20892.96 20894.79
20892.96 20894.79
20893.03 20894.98
20893.41 20895.09
20893.41 20895.09
20893.39 20895.11
20893.39 20895.11
20893.39 20895.11
20893.39 20895.11
20893.40 20895.10
20893.40 20895.10
20893.47 20895.28
20893.47 20895.28
20893.47 20895.28
20893.47 20895.28
20893.41 20895.10
20893.41 20895.10
20894.72 20896.53
20894.73 20896.53
20894.73 20896.53
20894.73 20896.53
20894.73 20896.53
20894.66 20896.34
20894.66 20896.34
20894.66 20896.34
20894.66 20896.34
20894.65 20896.36
20894.72 20896.53
20894.72 20896.53
20894.72 20896.53
20895.41 20897.09
20895.41 20897.09
20896.47 20898.28
20896.47 20898.28
20896.90 20898.60
20896.90 20898.60
20896.97 20898.78
20896.78 20898.72
20896.78 20898.72
20896.47 20898.28
20896.47 20898.28
20896.53 20898.48
20896.53 20898.48
20896.08 20898.17
20896.08 20898.17
20896.23 20898.03
20897.81 20898.44
20897.81 20898.44
20897.81 20898.44
20897.15 20898.86
20896.91 20898.59
20896.91 20898.59
20896.89 20898.36
20896.89 20898.36
20896.87 20898.38
20896.87 20898.38
20896.87 20898.38
20896.87 20898.38
20896.87 20898.38
20896.87 20898.38
20896.41 20898.10
20896.41 20898.10
20896.41 20898.10
20896.37 20897.88
20896.37 20897.88
20897.81 20898.44
20898.41 20900.10
20898.41 20900.10
20897.66 20899.35
20897.66 20899.35
20897.63 20899.13
20897.63 20899.13
20897.66 20899.35
20897.66 20899.35
20897.41 20899.10
20897.41 20899.10
20896.89 20898.36
20896.90 20898.61
20896.90 20898.61
20896.90 20898.61
20896.66 20898.34
20896.66 20898.34
20897.17 20898.33
20896.39 20897.86
20896.39 20897.86
20895.38 20896.88
20894.89 20896.36
20894.89 20896.36
20893.39 20894.86
20893.39 20894.86
20892.98 20894.78
20892.98 20894.78
20893.63 20895.13
20893.63 20895.13
20893.39 20894.86
20893.22 20895.03
20893.22 20895.03
20893.22 20895.03
20893.22 20895.03
20893.39 20894.86
20893.16 20894.84
20893.16 20894.84
20893.16 20894.84
20893.16 20894.84
20893.16 20894.84
20893.16 20894.84
20893.65 20894.85
20893.65 20894.85
20893.65 20894.85
20893.63 20895.13
20893.63 20895.13
20893.66 20895.34
20893.66 20895.34
20893.66 20895.34
20893.66 20895.34
20893.66 20895.34
20894.42 20895.58
20894.42 20895.58
20894.42 20895.58
20894.42 20895.58
20894.90 20896.60
20894.90 20896.60
20895.12 20896.63
20895.12 20896.63
20895.91 20897.60
20895.87 20897.38
20895.87 20897.38
20895.62 20897.13
20895.62 20897.13
20895.65 20897.35
20895.90 20897.61
20895.90 20897.61
20896.14 20897.61
20896.14 20897.61
20896.14 20897.61
20896.39 20897.86
20896.39 20897.86
20896.67 20897.83
20896.38 20897.88
20896.38 20897.88
20896.38 20897.88
20896.65 20897.85
20896.65 20897.85
20894.14 20895.61
20894.14 20895.61
20893.62 20895.13
20893.89 20895.36
20893.89 20895.36
20893.87 20895.38
20893.87 20895.38
20894.15 20895.35
20894.15 20895.35
20893.66 20895.35
20894.14 20895.61
20894.14 20895.61
20894.14 20895.61
20894.14 20895.61
20893.89 20895.36
20893.89 20895.36
20893.89 20895.36
20892.41 20894.09
20892.41 20894.09
20892.41 20894.09
20892.90 20894.60
20891.65 20893.36
20891.65 20893.36
20891.66 20893.35
20891.28 20893.23
20891.28 20893.23
20891.28 20893.23
20891.66 20893.35
20891.62 20893.13
20891.62 20893.13
20891.62 20893.13
20891.64 20893.11
20891.64 20893.11
20891.14 20892.86
20891.14 20892.86
20891.64 20893.11
20891.64 20893.11
20891.64 20893.11
20891.64 20893.11
20891.64 20893.11
20891.62 20893.13
20891.62 20893.13
20891.89 20893.36
20891.89 20893.36
20891.89 20893.36
20891.63 20893.12
20891.63 20893.12
20891.63 20893.12
20891.62 20893.13
20891.66 20893.35
20891.66 20893.35
20891.66 20893.35
20891.15 20892.86
20891.15 20892.86
20892.63 20894.13
20892.63 20894.13
20892.64 20894.11
20892.64 20894.11
20892.66 20894.34
20892.66 20894.34
20892.89 20894.36
20892.64 20894.11
20892.64 20894.11
20892.64 20894.11
20891.41 20893.10
20891.37 20892.88
20891.37 20892.88
20891.37 20892.88
20890.66 20892.34
20890.14 20891.86
20890.14 20891.86
