21029.14 21030.61
21029.14 21030.61
21030.63 21032.12
21030.63 21032.12
21030.14 21031.61
21031.39 21032.86
21031.39 21032.86
21031.13 21032.62
21031.66 21032.84
21031.66 21032.84
21028.65 21029.85
21023.67 21024.83
21023.67 21024.83
21024.91 21026.10
21024.91 21026.10
21025.16 21026.34
21024.63 21026.12
21024.63 21026.12
21025.15 21026.35
21025.15 21026.35
21022.68 21023.83
21022.14 21023.61
21022.14 21023.61
21023.63 21025.13
21024.66 21025.85
21024.66 21025.85
21020.15 21021.35
21019.41 21020.60
21019.41 21020.60
21017.13 21018.63
21014.14 21015.61
21014.14 21015.61
21014.13 21015.62
21014.38 21015.87
21014.38 21015.87
21015.13 21016.62
21015.13 21016.62
21014.39 21015.86
21013.15 21014.35
21013.15 21014.35
21013.38 21014.88
21012.89 21014.36
21012.89 21014.36
21012.40 21013.60
21011.39 21012.86
21011.39 21012.86
21012.39 21013.86
21012.63 21014.12
21012.63 21014.12
21012.90 21014.10
21012.90 21014.10
21011.38 21012.87
21011.64 21013.11
21011.64 21013.11
21010.89 21012.36
21011.14 21012.61
21011.14 21012.61
21010.91 21012.09
21010.18 21011.33
21010.18 21011.33
21010.92 21012.08
21009.91 21011.09
21009.91 21011.09
21010.88 21012.37
21011.17 21012.33
21011.17 21012.33
21010.13 21011.62
21009.38 21010.87
21009.38 21010.87
21010.88 21012.37
21010.88 21012.37
21012.16 21013.35
21011.87 21013.38
21011.87 21013.38
21012.56 21013.19
21012.56 21013.19
21013.41 21014.60
21010.14 21011.61
21010.14 21011.61
21010.17 21011.33
21009.88 21011.37
21009.88 21011.37
21009.65 21011.35
21009.65 21011.35
21008.14 21009.61
21003.88 21005.37
21003.88 21005.37
21006.63 21008.12
21006.89 21008.36
21006.89 21008.36
21007.16 21008.34
21007.88 21009.37
21007.88 21009.37
21007.16 21008.35
21006.67 21007.83
21006.67 21007.83
21004.90 21006.10
21005.64 21007.11
21005.64 21007.11
21006.13 21007.62
21009.31 21009.94
21009.31 21009.94
21008.42 21009.58
21001.39 21002.86
21001.39 21002.86
21000.67 21001.83
21000.67 21001.83
20999.89 21001.36
21000.90 21002.10
21000.90 21002.10
21000.63 21002.12
21002.18 21003.33
21002.18 21003.33
21001.90 21003.10
21001.90 21003.10
21001.38 21002.87
21001.38 21002.88
21001.38 21002.88
21000.64 21002.11
21000.64 21002.11
21000.64 21002.11
21000.66 21001.85
21000.89 21002.36
21000.89 21002.36
21006.17 21007.33
21008.63 21010.12
21008.63 21010.12
21009.38 21010.87
21007.63 21009.12
21007.63 21009.12
21007.38 21008.87
21007.38 21008.87
21006.13 21007.63
21004.39 21005.86
21004.39 21005.86
21007.63 21009.12
21006.92 21008.08
21006.92 21008.08
21006.64 21008.11
21006.16 21007.34
21006.16 21007.34
21006.16 21007.34
21006.16 21007.34
21003.16 21004.34
21003.16 21004.35
21003.16 21004.35
20997.88 20999.37
20996.13 20997.62
20996.13 20997.62
20999.15 21000.35
20999.15 21000.35
20999.14 21000.61
21001.38 21002.87
21001.38 21002.87
21000.18 21001.33
20999.39 21000.86
20999.39 21000.86
20999.39 21000.86
20999.68 21000.83
20999.68 21000.83
20999.41 21000.59
20999.41 21000.59
21002.41 21003.59
21002.91 21004.10
21002.91 21004.10
21001.67 21002.83
21001.91 21003.10
21001.91 21003.10
20999.38 21000.87
20999.39 21000.86
21000.14 21001.61
21000.14 21001.61
20999.38 21000.87
21000.68 21001.83
21000.68 21001.83
21000.89 21002.36
21000.89 21002.36
21001.64 21003.11
20999.88 21001.37
20999.88 21001.37
21003.17 21004.33
21000.39 21001.86
21000.39 21001.86
21000.12 21001.63
21000.12 21001.63
21002.43 21003.58
21000.13 21001.63
21000.13 21001.63
21001.42 21002.58
21001.67 21002.83
21001.67 21002.83
21001.41 21002.59
21001.63 21003.12
21001.63 21003.12
21001.63 21003.12
21000.89 21002.36
21000.89 21002.36
21001.64 21003.11
21003.64 21005.11
21003.64 21005.11
21001.63 21003.12
21001.63 21003.12
21001.63 21003.12
21001.14 21002.61
20999.64 21001.11
20999.64 21001.11
20998.88 21000.37
20999.90 21001.10
20999.90 21001.10
21000.63 21002.12
21000.89 21002.36
21000.89 21002.36
21003.64 21005.11
21001.41 21002.60
21001.41 21002.60
21001.63 21003.13
21001.89 21003.36
21001.89 21003.36
21002.41 21003.59
21003.91 21005.10
21003.91 21005.10
21004.64 21006.11
21004.64 21006.11
21003.89 21005.36
21004.64 21006.11
21004.64 21006.11
21005.39 21006.86
21005.64 21007.11
21005.64 21007.11
21004.88 21006.37
21004.88 21006.37
21002.66 21003.84
21004.16 21005.34
21004.16 21005.34
21005.89 21007.36
21002.67 21003.83
21002.67 21003.83
21003.91 21005.10
21003.91 21005.10
21005.14 21006.61
21007.38 21008.87
21007.38 21008.87
21006.63 21008.13
21006.67 21007.83
21006.67 21007.83
21008.39 21009.86
21009.92 21011.08
21009.92 21011.08
21007.67 21008.83
21008.14 21009.61
21008.14 21009.61
21008.38 21009.87
21008.63 21010.12
21008.63 21010.12
21008.64 21010.11
21008.67 21009.83
21008.67 21009.83
21009.15 21010.35
21009.15 21010.35
21009.17 21010.33
21008.42 21009.58
21008.42 21009.58
21002.16 21003.34
21002.65 21003.85
21002.65 21003.85
21002.16 21003.34
21003.88 21005.38
21006.66 21007.85
21006.66 21007.85
21005.88 21007.37
21005.88 21007.37
21006.89 21008.36
21008.13 21009.63
21008.13 21009.63
21008.63 21010.12
21005.14 21006.61
21005.14 21006.61
21006.14 21007.61
21004.91 21006.10
21004.91 21006.10
21003.64 21005.11
21002.16 21003.34
21002.16 21003.34
21002.14 21003.61
21000.67 21001.83
21000.67 21001.83
20998.12 20999.63
20997.66 20998.84
20997.66 20998.84
20998.92 21000.08
20999.39 21000.86
20999.39 21000.86
21000.89 21002.36
21001.15 21002.35
21001.15 21002.35
21003.38 21004.87
21003.38 21004.87
21003.42 21004.58
21004.15 21005.35
21004.15 21005.35
21003.38 21004.88
21004.14 21005.61
21004.14 21005.61
21002.66 21003.85
