21013.13 21014.62
21013.13 21014.62
21014.90 21016.10
21014.90 21016.10
21014.41 21015.60
21013.41 21014.60
21008.88 21010.37
21008.88 21010.37
21012.64 21014.11
21013.38 21014.87
21013.38 21014.87
21012.66 21013.84
21012.66 21013.84
21009.92 21011.08
21008.89 21010.36
21005.93 21007.08
21005.93 21007.08
21004.91 21006.09
21004.91 21006.09
21005.91 21007.10
21006.64 21008.11
21006.64 21008.11
21005.42 21006.58
21004.63 21006.13
21004.63 21006.13
21004.88 21006.37
21005.65 21006.85
21005.65 21006.85
21008.12 21009.63
21009.63 21011.12
21009.63 21011.12
21007.88 21009.37
21011.89 21013.36
21011.89 21013.36
21012.63 21014.12
21011.13 21012.63
21011.13 21012.63
21011.14 21012.61
21011.14 21012.61
21010.89 21012.36
21010.14 21011.61
21009.16 21010.34
21009.16 21010.34
21008.67 21009.83
21007.37 21008.88
21007.37 21008.88
21004.13 21005.63
21004.13 21005.63
21005.91 21007.10
21006.41 21007.60
21006.41 21007.60
21010.65 21012.35
21008.88 21010.38
21008.88 21010.38
21008.13 21009.62
21008.13 21009.62
21010.16 21011.34
21014.37 21015.88
21014.37 21015.88
21016.17 21017.33
21013.91 21015.09
21013.91 21015.09
21014.16 21015.34
21013.87 21015.38
21013.87 21015.38
21011.17 21012.33
21011.17 21012.33
21010.13 21011.62
21010.40 21011.60
21010.40 21011.60
21011.16 21012.35
21011.88 21013.38
21011.88 21013.38
21013.91 21015.09
21013.91 21015.09
21013.13 21014.62
21012.67 21013.83
21012.67 21013.83
21009.67 21010.83
21009.67 21010.83
21009.39 21010.86
21009.13 21010.62
21009.13 21010.62
21008.63 21010.12
21008.41 21009.59
21008.41 21009.59
21009.40 21010.60
21009.40 21010.60
21007.88 21009.37
21009.87 21011.38
21009.87 21011.38
21013.13 21014.62
21015.15 21016.35
21015.15 21016.35
21012.38 21013.87
21012.16 21013.34
21012.16 21013.34
21012.63 21014.12
21012.63 21014.12
21015.90 21017.10
21015.41 21016.60
21014.88 21016.37
21014.88 21016.37
21013.64 21015.11
21013.64 21015.11
21013.13 21014.62
21013.13 21014.62
21016.13 21017.62
21013.16 21014.34
21013.16 21014.34
21012.88 21014.37
21011.42 21012.58
21011.42 21012.58
21010.41 21011.59
21013.88 21015.37
21013.88 21015.37
21011.39 21012.86
21011.64 21013.11
21011.64 21013.11
21012.62 21014.13
21012.62 21014.13
21011.63 21013.12
21009.88 21011.37
21009.88 21011.37
21009.67 21010.83
21009.14 21010.61
21009.14 21010.61
21010.13 21011.62
21010.13 21011.62
21010.13 21011.62
21012.66 21013.84
21013.39 21014.86
21013.39 21014.86
21018.17 21019.33
21019.42 21020.58
21019.42 21020.58
21019.38 21020.87
21021.63 21023.13
21021.63 21023.13
21021.89 21023.36
21022.38 21023.87
21022.38 21023.87
21014.43 21015.58
21014.64 21016.11
21014.64 21016.11
21015.88 21017.38
21015.68 21016.83
21015.68 21016.83
21011.14 21012.61
21010.91 21012.10
21010.91 21012.10
21010.88 21012.38
21015.14 21016.61
21015.14 21016.61
21014.66 21015.84
21013.88 21015.38
21013.88 21015.38
21011.89 21013.36
21015.63 21017.12
21015.63 21017.12
21013.15 21014.85
21013.15 21014.85
21013.64 21015.11
21013.41 21014.60
21013.41 21014.60
21014.41 21015.59
21013.14 21014.61
21013.14 21014.61
21015.89 21017.36
21014.88 21016.37
21014.88 21016.37
21016.39 21017.86
21016.40 21018.10
21016.40 21018.10
21016.39 21017.86
21016.38 21017.87
21016.38 21017.87
21016.16 21017.34
21016.64 21018.11
21016.64 21018.11
21016.38 21017.87
21016.38 21017.87
21015.93 21017.08
21016.63 21018.12
21016.63 21018.12
21016.13 21017.62
21017.88 21019.37
21017.88 21019.37
21018.65 21019.85
21018.39 21019.86
21018.39 21019.86
21017.88 21019.37
21021.16 21022.35
21021.16 21022.35
21020.89 21022.36
21019.63 21021.12
21019.63 21021.12
21019.63 21021.12
21016.64 21018.11
21016.64 21018.11
21013.93 21015.08
21011.13 21012.62
21011.13 21012.62
21010.17 21011.33
21008.63 21010.12
21008.63 21010.12
21006.40 21007.60
21006.40 21007.60
21008.13 21009.62
21008.14 21009.61
21008.14 21009.61
21006.41 21007.60
21004.88 21006.38
21004.88 21006.38
21002.92 21004.08
21002.14 21003.61
21002.14 21003.61
21003.88 21005.37
21007.42 21008.58
21007.42 21008.58
21011.16 21012.34
21009.93 21011.08
21009.93 21011.08
21010.92 21012.08
21011.13 21012.62
21011.13 21012.62
21012.88 21014.37
21012.92 21014.08
21012.92 21014.08
21012.92 21014.08
21015.14 21016.61
21015.14 21016.61
21013.63 21015.12
21012.90 21014.61
21012.90 21014.61
21012.14 21013.61
21012.14 21013.61
21014.16 21015.34
21013.67 21014.83
21013.67 21014.83
21013.38 21014.87
21014.37 21015.88
21014.37 21015.88
21015.63 21017.12
21018.39 21019.86
21018.39 21019.86
21018.39 21019.86
21019.63 21021.13
21019.63 21021.13
21020.63 21022.12
21018.67 21019.83
21018.67 21019.83
21017.63 21019.13
21017.63 21019.13
21016.64 21018.11
21014.38 21015.87
21014.38 21015.87
21012.88 21014.38
21013.39 21014.86
21013.39 21014.86
21013.87 21015.38
21017.13 21018.63
21017.13 21018.63
21017.41 21018.60
21017.41 21018.60
21016.37 21017.88
21015.13 21016.63
21015.13 21016.63
21015.14 21016.61
21013.87 21015.38
21013.87 21015.38
21011.88 21013.37
21014.64 21016.11
21014.64 21016.11
21017.14 21018.61
21017.14 21018.61
21018.92 21020.08
21019.13 21020.62
21019.13 21020.62
21018.39 21019.86
21017.63 21019.12
21017.63 21019.12
21017.92 21019.08
21020.88 21022.37
21020.88 21022.37
21020.63 21022.12
21022.88 21024.38
21022.88 21024.38
21022.89 21024.36
21021.14 21022.61
21021.14 21022.61
21021.16 21022.35
21021.64 21023.11
21021.64 21023.11
21020.16 21021.34
21021.67 21022.83
21021.67 21022.83
21021.63 21023.12
21021.88 21023.37
21021.88 21023.37
21023.68 21024.83
21024.13 21025.62
21024.13 21025.62
21022.18 21023.33
