20912.73 20914.53
20912.73 20914.53
20913.47 20915.28
20913.47 20915.28
20911.78 20913.73
20911.78 20913.73
20911.78 20913.72
20912.41 20914.10
20912.41 20914.10
20912.21 20914.04
20912.21 20914.04
20911.41 20913.09
20911.41 20913.09
20911.41 20913.09
20912.91 20914.60
20912.23 20914.03
20912.23 20914.03
20911.47 20913.28
20913.91 20915.59
20913.91 20915.59
20913.46 20915.29
20913.96 20915.79
20913.96 20915.79
20913.40 20915.11
20913.40 20915.11
20910.98 20912.78
20910.98 20912.78
20910.46 20912.29
20910.46 20912.29
20910.28 20912.22
20910.71 20912.54
20910.71 20912.54
20910.48 20912.28
20910.48 20912.28
20911.66 20913.35
20911.65 20913.35
20911.65 20913.35
20911.65 20913.35
20911.89 20913.61
20911.89 20913.61
20912.41 20914.09
20912.41 20914.09
20910.72 20912.53
20910.72 20912.53
20910.72 20912.53
20910.72 20912.53
20910.72 20912.53
20911.66 20913.34
20911.66 20913.34
20911.88 20913.37
20912.23 20914.03
20912.23 20914.03
20911.96 20913.79
20911.96 20913.79
20910.38 20912.62
20910.38 20912.62
20909.66 20911.34
20909.66 20911.34
20909.66 20911.34
20909.46 20911.29
20910.63 20912.13
20910.63 20912.13
20910.73 20912.53
20911.22 20913.03
20911.22 20913.03
20911.96 20913.79
20911.96 20913.79
20911.96 20913.79
20911.15 20912.86
20911.03 20912.97
20911.03 20912.97
20910.21 20912.04
20909.15 20910.86
20909.15 20910.86
20909.41 20911.10
20909.41 20911.10
20909.96 20911.79
20909.96 20911.79
20910.48 20912.28
20910.48 20912.28
20910.39 20912.11
20910.39 20912.11
20909.46 20911.29
20909.46 20911.29
20909.40 20911.10
20909.40 20911.10
20909.39 20911.11
20909.39 20911.11
20909.46 20911.29
20909.46 20911.29
20909.46 20911.29
20909.80 20910.45
20906.96 20908.79
20906.96 20908.79
20906.78 20908.72
20906.78 20908.72
20906.73 20908.53
20906.73 20908.53
20907.03 20908.98
20907.03 20908.98
20907.03 20908.98
20908.72 20910.53
20908.72 20910.53
20908.66 20910.35
20908.65 20910.36
20908.65 20910.36
20908.98 20910.78
20908.98 20910.78
20911.64 20913.36
20910.73 20912.53
20910.73 20912.53
20910.96 20912.79
20910.96 20912.79
20910.96 20912.79
20910.96 20912.79
20910.14 20911.86
20909.88 20911.37
20909.88 20911.37
20910.71 20912.54
20910.66 20912.34
20910.66 20912.34
20911.15 20912.86
20911.15 20912.86
20910.89 20912.61
20910.89 20912.61
20910.89 20912.61
20910.89 20912.61
20910.78 20912.72
20910.78 20912.72
20911.15 20912.86
20909.65 20911.35
20909.65 20911.35
20909.97 20911.78
20909.97 20911.78
20910.72 20912.53
20910.72 20912.53
20910.40 20912.11
20910.23 20912.03
20910.23 20912.03
20910.40 20912.10
20910.40 20912.10
20911.15 20912.85
20911.15 20912.85
20911.91 20913.60
20912.63 20914.87
20912.63 20914.87
20912.73 20914.53
20912.73 20914.53
20912.28 20914.23
20912.28 20914.23
20912.71 20914.54
20913.16 20914.84
20913.16 20914.84
20912.96 20914.79
20912.96 20914.79
20908.90 20910.60
20908.90 20910.60
20907.91 20909.60
20907.91 20909.60
20908.28 20910.22
20908.46 20910.29
20908.46 20910.29
20907.39 20909.11
20907.39 20909.11
20906.22 20908.03
20906.53 20908.48
20906.53 20908.48
20906.96 20908.79
20906.96 20908.79
20908.16 20909.84
20908.16 20909.84
20908.16 20909.84
20908.62 20910.13
20909.48 20911.28
20909.48 20911.28
20909.47 20911.28
20909.65 20911.35
20909.65 20911.35
20909.89 20911.36
20909.89 20911.36
20909.89 20911.36
20910.03 20911.98
20910.03 20911.98
20910.38 20911.87
20910.38 20911.87
20910.48 20912.28
20910.48 20912.28
20910.39 20912.11
20908.78 20910.72
20908.78 20910.72
20909.46 20911.29
20910.40 20912.11
20910.40 20912.11
20910.40 20912.11
20910.48 20912.28
20910.48 20912.28
20910.91 20912.59
20910.91 20912.59
20910.91 20912.59
20910.90 20912.60
20910.90 20912.60
20910.90 20912.60
20910.90 20912.60
20910.91 20912.59
20910.91 20912.59
20910.91 20912.59
20910.53 20912.48
20910.53 20912.48
20910.53 20912.48
20910.48 20912.28
20910.65 20912.35
20910.65 20912.35
20909.97 20911.78
20909.97 20911.78
20910.28 20912.23
20910.28 20912.23
20912.14 20913.61
20912.14 20913.61
20909.90 20911.60
20909.90 20911.60
20910.73 20912.53
20910.73 20912.53
20910.72 20912.53
20912.68 20913.83
20912.68 20913.83
20911.96 20913.79
20912.14 20913.86
20912.14 20913.86
20912.14 20913.86
20911.98 20913.78
20911.98 20913.78
20911.15 20912.85
20911.15 20912.85
20911.15 20912.85
20911.15 20912.85
20911.41 20913.10
20911.41 20913.10
20911.23 20913.03
20911.23 20913.03
20909.48 20911.28
20909.47 20911.28
20909.47 20911.28
20909.40 20911.10
20909.40 20911.10
20909.40 20911.10
20909.39 20910.86
20909.39 20910.86
20908.15 20909.85
20908.15 20909.85
20908.98 20910.78
20907.98 20909.78
20907.98 20909.78
20906.16 20907.84
20906.16 20907.84
20904.38 20905.88
20904.38 20905.88
20903.90 20905.60
20903.14 20904.86
20903.14 20904.86
20903.15 20904.86
20903.15 20904.86
20903.46 20905.29
20903.46 20905.29
20904.98 20906.78
20905.98 20907.78
20905.98 20907.78
20905.23 20907.03
20905.23 20907.03
20906.14 20907.61
20905.96 20907.79
20905.96 20907.79
20906.03 20907.98
20906.03 20907.98
20905.41 20907.09
20905.41 20907.09
20905.72 20907.53
20905.72 20907.53
20904.98 20906.78
20904.98 20906.78
20905.16 20906.85
20905.16 20906.85
20905.73 20907.53
20905.73 20907.53
20905.73 20907.53
20905.23 20907.03
20905.23 20907.03
20905.03 20906.98
20904.98 20906.78
20904.98 20906.78
20904.98 20906.78
20903.71 20905.54
20902.66 20904.34
20902.66 20904.34
20899.89 20901.36
20899.91 20901.59
20899.91 20901.59
20901.88 20903.37
20901.14 20902.61
20901.14 20902.61
20900.48 20902.28
20900.48 20902.28
20900.22 20902.03
20900.22 20902.03
20899.90 20901.60
20899.90 20901.60
20900.13 20901.62
20900.13 20901.62
20900.13 20901.62
20900.13 20901.62
20899.87 20901.38
20894.66 20896.34
20894.66 20896.34
20895.22 20897.03
20895.71 20897.54
20895.71 20897.54
20895.65 20897.35
20896.40 20898.10
20896.40 20898.10
20896.89 20898.36
20896.89 20898.36
20897.22 20899.03
20897.90 20899.60
20896.23 20898.03
20896.23 20898.03
20895.73 20897.53
20895.73 20897.53
20895.67 20896.84
20895.67 20896.84
20895.23 20897.03
20895.13 20896.62
20895.13 20896.62
20895.98 20897.78
20896.64 20898.36
20896.64 20898.36
20897.16 20898.84
20897.16 20898.84
20898.46 20900.29
20898.46 20900.29
20897.21 20899.04
20897.21 20899.04
20897.03 20898.98
20897.03 20898.98
20897.78 20899.73
20897.78 20899.73
20897.53 20899.48
20897.53 20899.48
20898.03 20899.98
20895.88 20897.38
20895.88 20897.38
20895.96 20897.79
20895.46 20897.29
20895.46 20897.29
20895.16 20896.84
20894.98 20896.78
20894.98 20896.78
20894.98 20896.78
20895.39 20897.11
20895.22 20897.03
20895.22 20897.03
20894.71 20896.54
20894.71 20896.54
20894.40 20896.10
20894.03 20895.97
20894.03 20895.97
20894.21 20896.04
20893.89 20895.36
20893.89 20895.36
20895.03 20896.98
20895.03 20896.98
20895.08 20897.17
20895.78 20897.72
20896.53 20898.47
20896.53 20898.47
20898.15 20899.85
20898.40 20900.10
20898.40 20900.10
20899.21 20901.04
20899.21 20901.04
20898.78 20900.73
20898.96 20900.79
20898.96 20900.79
20897.96 20899.79
20897.96 20899.79
20897.96 20899.79
20897.23 20899.03
20897.23 20899.03
20897.03 20898.97
20897.03 20898.98
20897.03 20898.98
20897.03 20898.98
20898.17 20899.33
20898.17 20899.33
20898.96 20900.79
20899.48 20901.28
20899.48 20901.28
20898.53 20900.48
20898.53 20900.48
20898.53 20900.48
20898.53 20900.48
20899.46 20901.29
20899.65 20901.35
20899.65 20901.35
20899.53 20901.48
20900.15 20901.85
20900.15 20901.85
20899.78 20901.73
20899.78 20901.73
20899.78 20901.73
20899.03 20900.98
20899.03 20900.98
20900.41 20902.09
20900.41 20902.09
20902.03 20903.97
20902.21 20904.04
20902.21 20904.04
20902.28 20904.23
20902.28 20904.23
20899.63 20901.12
20900.90 20902.60
20900.90 20902.60
20901.22 20903.03
20901.22 20903.03
20903.21 20905.04
20903.03 20904.98
20903.03 20904.98
20903.03 20904.98
20903.28 20905.23
20903.22 20905.03
20903.22 20905.03
20903.22 20905.03
20902.96 20904.79
20903.73 20905.53
20903.73 20905.53
20903.73 20905.53
20903.28 20905.23
20903.28 20905.23
20903.65 20905.36
20903.56 20904.20
20903.56 20904.20
20903.90 20905.60
20905.98 20907.78
20905.98 20907.78
20907.73 20909.53
20907.78 20909.73
20907.78 20909.73
20907.78 20909.73
20906.48 20908.28
20906.48 20908.28
20904.72 20906.53
20904.72 20906.53
20905.40 20907.10
20905.40 20907.10
20906.03 20907.98
20905.97 20907.78
20905.97 20907.78
20903.90 20905.60
20903.90 20905.60
20904.71 20906.54
20904.71 20906.54
20904.03 20905.98
20903.72 20905.53
20903.72 20905.53
20904.03 20905.98
20904.03 20905.98
20904.46 20906.29
20904.46 20906.29
20904.15 20905.85
20904.15 20905.85
20902.40 20904.10
20902.40 20904.10
20903.28 20905.22
20903.28 20905.22
20903.28 20905.22
20903.98 20905.78
20903.98 20905.78
20904.03 20905.98
20904.03 20905.98
20904.03 20905.98
20902.46 20904.29
20903.46 20905.29
20903.46 20905.29
20903.66 20905.35
20903.66 20905.35
20903.73 20905.53
20903.73 20905.53
20905.28 20907.23
20905.28 20907.23
20904.71 20906.54
20904.71 20906.54
20904.62 20906.13
20904.62 20906.13
20904.46 20906.29
20904.46 20906.29
20905.22 20907.03
20905.40 20907.10
20905.40 20907.10
20903.73 20905.53
20903.73 20905.53
20902.16 20903.34
20902.16 20903.34
20900.78 20902.73
20901.28 20903.22
20901.28 20903.22
20901.03 20902.98
20901.03 20902.98
20902.23 20904.03
20902.23 20904.03
20902.23 20904.03
20902.22 20904.03
20902.22 20904.03
20902.22 20904.03
20900.53 20902.48
20900.53 20902.48
20900.46 20902.29
20900.46 20902.29
20898.41 20900.09
20898.41 20900.09
20898.58 20900.67
20899.28 20901.22
20899.28 20901.22
20900.28 20902.23
20899.33 20901.42
20899.33 20901.42
20898.78 20900.72
20898.78 20900.72
20898.41 20900.10
20898.41 20900.10
20898.41 20900.10
20898.41 20900.09
20898.38 20899.87
20898.38 20899.87
20898.03 20899.97
20896.98 20898.78
20896.98 20898.78
20896.98 20898.78
20894.65 20896.36
20895.43 20896.58
20895.43 20896.58
20894.96 20896.79
20894.96 20896.79
20894.64 20896.11
20894.78 20896.73
20894.78 20896.73
20894.78 20896.73
20895.48 20897.28
20895.48 20897.28
20897.40 20899.10
20897.40 20899.10
20895.23 20897.03
20894.78 20896.73
20894.78 20896.73
20897.15 20898.85
20897.03 20898.98
20897.03 20898.98
20897.41 20899.09
20897.73 20899.53
20897.73 20899.53
20898.14 20899.61
20898.40 20900.10
20898.40 20900.10
20898.40 20900.10
20898.14 20899.86
20898.23 20900.03
20898.23 20900.03
20898.40 20900.11
20898.40 20900.11
20898.96 20900.79
20898.96 20900.79
20899.71 20901.54
20899.97 20901.78
20899.97 20901.78
20900.90 20902.60
20900.90 20902.60
20900.90 20902.60
20901.73 20903.53
20901.73 20903.53
20901.90 20903.60
20901.90 20903.60
20900.91 20902.59
20900.91 20902.59
20900.98 20902.78
20900.98 20902.78
20900.15 20901.85
20900.15 20901.85
20899.40 20901.10
20898.89 20900.61
20898.89 20900.61
20898.66 20900.34
20898.66 20900.34
20898.73 20900.53
20898.73 20900.53
20897.62 20899.13
20897.78 20899.72
20897.78 20899.72
20896.46 20898.29
20896.46 20898.29
20896.46 20898.29
20896.97 20898.78
20896.97 20898.78
20896.71 20898.54
20896.71 20898.54
20897.03 20898.98
20897.03 20898.98
20897.03 20898.98
20896.96 20898.79
20896.96 20898.79
20896.46 20898.29
20895.16 20896.84
20895.16 20896.84
20894.89 20896.61
20898.15 20899.85
20898.15 20899.85
20897.03 20898.97
20897.03 20898.97
20897.22 20899.03
20897.22 20899.03
20897.39 20899.11
20897.39 20899.11
20897.37 20898.88
20897.37 20898.88
20897.38 20898.88
20897.38 20898.88
