21071.31 21071.94
21071.31 21071.94
21071.31 21071.94
21070.78 21072.73
21070.78 21072.73
21070.72 21072.53
21070.72 21072.53
21070.15 21071.86
21070.15 21071.86
21070.97 21072.78
21068.91 21070.59
21068.91 21070.59
21068.39 21069.86
21067.91 21069.60
21067.91 21069.60
21067.91 21069.60
21067.64 21069.11
21067.64 21069.11
21066.90 21068.60
21068.39 21069.86
21068.39 21069.86
21068.66 21070.34
21068.66 21070.34
21068.66 21070.34
21068.47 21070.28
21070.66 21072.34
21070.66 21072.34
21070.23 21072.03
21070.23 21072.03
21069.88 21071.37
21069.88 21071.37
21069.89 21071.61
21069.89 21071.61
21069.14 21070.61
21069.14 21070.61
21068.87 21070.38
21068.87 21070.38
21068.87 21070.38
21069.14 21070.61
21069.66 21071.34
21069.66 21071.34
21070.40 21072.11
21071.64 21073.36
21071.64 21073.36
21070.64 21072.11
21070.64 21072.11
21070.90 21072.61
21070.90 21072.61
21071.73 21073.53
21072.13 21073.62
21072.13 21073.62
21072.16 21073.34
21072.16 21073.34
21071.64 21073.11
21071.64 21073.11
21071.93 21073.08
21071.93 21073.08
21071.93 21073.08
21072.16 21073.35
21071.39 21072.86
21071.39 21072.86
21071.66 21073.34
21071.66 21073.34
21071.89 21073.36
21071.38 21072.88
21071.38 21072.88
21071.43 21072.58
21071.43 21072.58
21071.40 21072.60
21071.40 21072.60
21071.40 21072.60
21071.39 21073.11
21071.39 21073.11
21070.89 21072.36
21071.42 21072.58
21071.42 21072.58
21071.40 21072.60
21071.40 21073.10
21071.40 21073.10
21071.40 21073.10
21071.40 21073.10
21071.39 21073.11
21071.39 21073.11
21071.39 21073.11
21071.39 21073.11
21071.55 21072.20
21071.55 21072.20
21074.15 21075.85
21074.15 21075.85
21072.66 21074.34
21072.66 21074.34
21072.66 21074.34
21072.41 21074.09
21072.41 21074.09
21074.14 21075.61
21074.14 21075.61
21075.64 21077.11
21075.64 21077.11
21075.15 21076.86
21075.15 21076.86
21074.16 21075.84
21074.16 21075.84
21074.41 21075.59
21074.41 21075.59
21074.63 21076.12
21074.90 21076.10
21074.90 21076.10
21074.89 21076.61
21074.89 21076.61
21075.16 21076.34
21075.16 21076.34
21074.64 21076.11
21074.64 21076.11
21074.90 21076.60
21074.90 21076.60
21075.30 21075.95
21074.65 21076.35
21074.65 21076.35
21074.40 21076.11
21074.13 21075.62
21074.13 21075.62
21074.64 21076.36
21074.64 21076.36
21074.46 21076.29
21074.46 21076.29
21075.16 21076.35
21075.16 21076.35
21074.89 21076.36
21074.89 21076.36
21075.41 21077.09
21074.66 21076.35
21074.66 21076.35
21075.14 21076.61
21075.14 21076.61
21074.87 21076.38
21074.87 21076.38
21075.64 21077.11
21075.65 21076.85
21075.65 21076.85
21075.64 21077.36
21078.15 21079.35
21078.15 21079.35
21077.88 21079.37
21080.16 21081.84
21080.16 21081.84
21086.12 21087.63
21084.72 21086.53
21084.72 21086.53
21084.65 21086.36
21083.65 21085.35
21083.65 21085.35
21086.97 21088.78
21086.97 21088.78
21085.46 21087.29
21085.13 21086.63
21085.13 21086.63
21083.66 21085.34
21083.66 21085.34
21083.64 21085.11
21083.92 21085.08
21083.92 21085.08
21084.64 21086.36
21084.64 21086.36
21084.89 21086.36
21084.89 21086.36
21085.15 21086.35
21085.15 21086.35
21086.62 21088.13
21086.16 21087.84
21086.16 21087.84
21086.13 21087.63
21083.65 21085.36
21083.65 21085.36
21083.41 21085.09
21085.41 21087.10
21085.41 21087.10
21085.64 21087.11
21085.64 21087.11
21086.68 21087.83
21086.68 21087.83
21085.42 21086.58
21085.42 21086.58
21084.15 21085.85
21084.39 21085.86
21084.39 21085.86
21083.89 21085.61
21084.14 21085.61
21084.14 21085.61
21084.92 21086.09
21084.92 21086.09
21083.65 21085.36
21083.39 21084.86
21083.39 21084.86
21083.89 21085.36
21083.72 21085.53
21083.72 21085.53
21083.23 21085.03
21083.23 21085.03
21084.55 21085.20
21084.55 21085.20
21084.14 21085.61
21084.14 21085.61
21083.47 21085.28
21081.39 21082.86
21081.39 21082.86
21080.90 21082.60
21081.14 21082.61
21081.14 21082.61
21080.16 21081.84
21079.15 21080.86
21079.15 21080.86
21079.39 21080.86
21079.39 21080.86
21079.15 21080.86
21079.15 21080.86
21079.37 21080.88
21079.89 21081.36
21079.89 21081.36
21080.43 21081.58
21080.63 21082.13
21080.63 21082.13
21081.18 21082.33
21081.18 21082.33
21080.89 21082.61
21080.89 21082.61
21080.37 21081.88
21080.37 21081.88
21080.62 21082.13
21080.62 21082.13
21080.62 21082.13
21080.38 21081.87
21079.89 21081.36
21079.89 21081.36
21080.22 21082.03
21079.89 21081.36
21079.89 21081.36
21079.65 21081.35
21079.65 21081.35
21079.64 21081.11
21079.64 21081.11
21079.64 21081.11
21080.16 21081.35
21080.16 21081.35
21079.89 21081.36
21079.89 21081.36
21079.14 21080.61
21079.14 21080.61
21079.14 21080.61
21079.14 21080.61
21076.41 21078.09
21076.41 21078.09
21076.65 21078.36
21076.65 21078.36
21076.14 21077.61
21076.64 21078.36
21076.64 21078.36
21075.96 21077.79
21075.96 21077.79
21076.64 21078.11
21076.16 21077.84
21076.16 21077.84
21076.64 21078.36
21076.64 21078.36
21078.17 21079.34
21078.66 21079.85
21078.66 21079.85
21078.66 21079.85
21078.80 21079.45
21078.80 21079.45
21078.12 21079.63
21078.12 21079.63
21078.14 21079.61
21078.14 21079.61
21078.14 21079.61
21078.14 21079.61
21078.14 21079.61
21078.14 21079.61
21076.66 21078.35
21076.14 21077.86
21076.14 21077.86
21076.14 21077.86
21076.14 21077.86
21077.89 21079.61
21077.89 21079.61
21077.89 21079.61
21077.89 21079.61
21077.89 21079.61
21077.89 21079.61
21078.14 21079.61
21078.14 21079.61
21076.90 21078.61
21076.90 21078.61
21075.73 21077.53
21075.73 21077.53
21075.64 21077.36
21075.64 21077.36
21075.87 21077.38
21075.64 21077.11
21075.64 21077.11
21075.64 21077.11
21075.39 21076.86
21075.39 21076.86
21075.14 21076.61
21075.14 21076.61
21074.63 21076.12
21073.39 21074.86
21073.39 21074.86
21073.39 21074.86
21073.39 21074.86
21073.88 21075.38
21073.90 21075.10
21073.90 21075.10
21074.90 21076.60
21074.90 21076.60
21075.14 21076.86
21075.14 21076.86
21074.93 21076.08
21074.91 21076.59
21074.91 21076.59
21075.17 21076.34
21075.17 21076.34
21075.17 21076.34
21075.56 21076.19
21075.56 21076.19
21073.91 21075.09
21073.91 21075.09
21073.64 21075.11
21073.64 21075.11
21073.15 21074.86
21074.16 21075.84
21074.16 21075.84
21074.16 21075.84
21073.89 21075.36
21073.89 21075.36
21074.16 21075.35
21074.16 21075.35
21073.66 21074.85
21073.66 21074.85
21073.16 21074.34
21070.39 21071.86
21070.39 21071.86
21070.63 21072.12
21070.40 21072.11
21070.40 21072.11
21070.39 21072.11
21071.64 21073.36
21071.64 21073.36
21071.89 21073.36
21071.89 21073.36
21071.40 21073.11
21071.40 21073.11
21070.88 21072.37
21070.88 21072.37
21070.88 21072.37
21071.67 21072.83
21071.87 21073.38
21071.87 21073.38
21071.14 21072.61
21071.14 21072.61
21069.88 21071.38
21070.81 21071.44
21070.81 21071.44
21070.14 21071.86
21070.14 21071.86
21070.39 21071.86
21070.64 21072.11
21070.64 21072.11
21071.40 21073.11
21072.91 21074.59
21072.91 21074.59
21072.91 21074.59
21072.89 21074.61
21072.89 21074.61
21072.15 21073.86
21072.15 21073.86
21072.16 21073.85
21072.40 21074.10
21072.40 21074.10
21072.13 21073.63
21072.13 21073.63
21072.23 21074.03
21072.23 21074.03
21072.22 21074.03
21073.40 21075.11
21073.40 21075.11
21074.41 21076.09
21074.41 21076.09
21074.38 21075.88
21074.38 21075.88
21075.17 21076.33
21075.17 21076.33
21074.89 21076.36
21075.39 21076.86
21075.39 21076.86
21075.80 21076.45
21075.13 21076.62
21075.13 21076.62
21075.40 21076.60
21075.40 21076.60
21075.39 21076.86
21075.39 21076.86
21075.39 21076.86
21075.16 21076.34
21075.16 21076.34
21074.65 21075.85
21074.65 21075.85
21073.42 21074.59
21073.88 21075.38
21073.88 21075.38
21073.88 21075.38
21074.15 21075.86
21074.15 21075.86
21074.15 21075.86
21074.15 21075.86
21074.15 21075.35
21074.16 21075.35
21074.16 21075.35
21074.16 21075.34
21074.16 21075.34
21074.16 21075.34
21074.16 21075.34
21074.16 21075.34
21074.16 21075.34
21073.16 21074.84
21073.16 21074.84
21073.65 21075.36
21073.65 21075.36
21074.14 21075.61
21074.14 21075.61
21074.89 21076.36
21074.13 21075.63
21074.13 21075.63
21074.43 21075.58
21074.43 21075.58
21075.06 21075.69
21075.06 21075.69
21075.06 21075.69
21074.67 21075.84
21074.67 21075.84
21074.67 21075.84
21076.63 21078.12
21076.40 21078.11
21076.40 21078.11
21076.40 21078.11
21076.68 21077.83
21076.68 21077.83
21073.64 21075.11
21073.64 21075.11
21073.67 21074.84
21073.67 21074.84
21074.15 21075.86
21074.15 21075.86
21074.14 21075.61
21074.14 21075.61
21074.38 21075.87
21074.38 21075.87
21074.67 21075.83
21074.67 21075.83
21073.58 21075.67
21073.58 21075.67
21073.14 21074.61
21073.17 21074.34
21073.17 21074.34
21073.17 21074.34
21072.64 21074.11
21072.64 21074.11
21072.39 21073.86
21072.22 21074.03
21072.22 21074.03
21072.65 21074.35
21072.65 21074.35
21071.97 21073.78
21071.41 21073.09
21071.41 21073.09
21071.38 21072.88
21071.16 21072.84
21071.16 21072.84
21071.90 21073.61
21071.41 21073.10
21071.41 21073.10
21071.41 21073.10
21070.40 21072.10
21069.89 21071.61
21069.89 21071.61
21070.14 21071.61
21069.64 21071.11
21069.64 21071.11
21067.39 21068.86
21067.12 21068.63
21067.12 21068.63
21066.39 21068.11
21066.39 21068.11
21065.89 21067.36
21065.89 21067.36
21065.40 21067.10
21067.39 21068.86
21067.39 21068.86
21069.13 21070.62
21069.13 21070.62
21069.14 21070.61
21069.14 21070.61
21067.13 21068.63
21067.38 21068.87
21067.37 21068.88
21067.37 21068.88
21066.64 21068.11
21066.64 21068.11
21066.39 21067.86
21066.39 21067.86
21066.41 21067.59
21066.41 21067.59
21065.88 21067.38
21066.15 21067.86
21066.15 21067.86
21066.13 21067.63
21066.13 21067.63
21066.16 21067.85
21066.16 21067.85
21066.14 21067.61
21066.14 21067.61
21066.14 21067.61
21066.15 21067.35
21065.89 21067.61
21065.89 21067.61
21066.13 21067.62
21066.13 21067.62
21065.89 21067.36
21065.89 21067.36
21065.89 21067.36
21065.89 21067.36
21067.15 21068.86
21067.16 21068.84
21067.16 21068.84
21067.16 21068.85
21068.14 21069.61
21068.14 21069.61
21068.15 21069.85
21068.15 21069.85
21068.15 21069.85
21068.15 21069.85
21068.39 21069.86
21068.39 21069.86
21068.92 21070.08
21068.92 21070.08
21068.91 21070.59
21069.14 21070.61
21069.14 21070.61
21068.90 21070.61
21068.90 21070.61
21068.91 21070.59
21068.91 21070.59
21069.89 21071.36
21069.89 21071.36
21069.16 21070.34
21069.38 21070.87
21069.38 21070.87
21069.38 21070.87
21070.91 21072.10
21070.89 21072.36
21070.89 21072.36
21071.90 21073.61
21071.65 21073.36
21071.65 21073.36
21070.89 21072.36
21070.92 21072.08
21070.92 21072.08
21070.14 21071.61
21070.14 21071.61
21070.39 21072.11
21070.39 21072.11
21070.46 21072.29
21071.23 21073.03
21071.23 21073.03
21071.97 21073.78
21071.97 21073.78
21071.97 21073.78
21072.41 21074.09
21072.41 21074.09
21072.40 21074.11
21072.40 21074.11
21072.40 21074.11
21072.40 21074.11
21072.40 21074.11
21072.23 21074.03
21072.23 21074.03
21072.42 21073.58
21075.22 21077.03
21075.22 21077.03
21075.39 21076.86
21076.88 21078.38
21076.88 21078.38
21076.13 21077.62
21076.13 21077.62
21075.90 21077.61
21076.16 21077.85
21076.16 21077.85
21076.14 21077.86
21076.90 21078.60
21076.90 21078.60
21076.88 21078.38
21076.88 21078.38
21076.88 21078.38
21075.97 21077.78
21075.97 21077.78
21076.38 21077.88
21076.38 21077.88
21076.38 21077.88
21077.22 21079.03
21076.64 21078.11
21076.64 21078.11
21076.40 21078.10
21076.40 21078.10
21076.92 21078.08
21076.92 21078.08
21076.91 21078.10
21076.72 21078.53
21076.72 21078.53
21076.39 21077.86
21075.64 21077.11
21075.64 21077.11
21075.47 21077.28
21075.47 21077.28
21075.41 21077.09
