21049.66 21050.85
21049.66 21050.85
21049.66 21050.85
21049.66 21050.85
21049.66 21050.85
21049.67 21050.83
21050.13 21051.63
21050.13 21051.63
21050.13 21051.63
21050.17 21051.33
21050.14 21051.61
21050.14 21051.61
21050.14 21051.61
21050.14 21051.61
21049.38 21050.88
21049.12 21050.63
21049.12 21050.63
21049.14 21050.86
21049.14 21050.86
21049.41 21051.10
21049.41 21051.10
21048.65 21050.36
21048.65 21050.36
21049.14 21050.61
21049.14 21050.61
21049.14 21050.61
21049.16 21050.85
21049.17 21050.33
21049.17 21050.33
21049.17 21050.33
21048.64 21050.11
21046.64 21048.11
21046.64 21048.11
21047.18 21048.33
21047.18 21048.33
21047.39 21048.86
21047.39 21048.86
21047.41 21048.60
21046.89 21048.36
21046.89 21048.36
21046.91 21048.59
21046.91 21048.59
21046.38 21047.87
21046.64 21048.11
21046.66 21047.84
21046.66 21047.84
21046.64 21048.11
21046.64 21048.11
21048.41 21049.59
21048.41 21049.59
21048.66 21049.84
21048.66 21049.84
21049.91 21051.10
21049.91 21051.10
21050.17 21051.33
21049.38 21050.87
21049.38 21050.87
21048.91 21050.59
21048.91 21050.59
21047.65 21049.36
21047.66 21048.84
21047.66 21048.84
21047.89 21049.36
21047.89 21049.36
21047.92 21049.08
21047.92 21049.08
21047.92 21049.08
21047.92 21049.08
21047.89 21049.36
21047.89 21049.36
21047.40 21049.10
21047.40 21049.10
21047.67 21048.83
21048.63 21050.13
21048.63 21050.13
21047.64 21049.11
21047.64 21049.11
21047.39 21048.86
21047.15 21048.86
21047.15 21048.86
21047.40 21049.11
21047.40 21049.11
21047.42 21048.58
21047.42 21048.58
21047.90 21049.10
21047.90 21049.10
21048.16 21049.85
21048.14 21049.61
21048.14 21049.61
21048.38 21049.88
21048.38 21049.88
21049.15 21050.35
21049.15 21050.35
21049.15 21050.35
21048.38 21049.88
21048.92 21050.08
21048.92 21050.08
21048.92 21050.08
21048.91 21050.09
21048.91 21050.09
21048.91 21050.09
21048.64 21050.36
21048.64 21050.36
21048.63 21050.13
21048.63 21050.13
21048.63 21050.13
21048.66 21049.84
21048.16 21049.85
21048.16 21049.85
21047.40 21049.11
21047.40 21049.11
21047.64 21049.11
21046.90 21048.60
21046.90 21048.60
21047.64 21049.11
21047.14 21048.61
21047.14 21048.61
21047.67 21048.83
21047.67 21048.83
21047.67 21048.83
21047.88 21049.38
21047.88 21049.38
21046.92 21048.08
21046.92 21048.08
21046.15 21047.35
21046.15 21047.35
21045.17 21046.33
21045.17 21046.33
21043.66 21044.84
21043.66 21044.84
21043.41 21045.10
21043.41 21045.10
21044.90 21046.10
21045.63 21047.12
21045.63 21047.12
21044.89 21046.36
21044.14 21045.61
21044.14 21045.61
21044.14 21045.61
21044.14 21045.61
21045.17 21046.33
21045.17 21046.33
21045.14 21046.61
21045.14 21046.61
21044.89 21046.36
21044.89 21046.36
21044.89 21046.36
21044.67 21045.83
21044.67 21045.83
21044.67 21045.83
21044.67 21045.83
21044.67 21045.83
21044.14 21045.61
21044.63 21046.13
21044.63 21046.13
21045.39 21046.86
21044.63 21046.12
21044.63 21046.12
21044.63 21046.13
21044.63 21046.13
21044.90 21046.10
21044.90 21046.10
21045.16 21046.34
21044.92 21046.08
21044.92 21046.08
21043.90 21045.10
21043.90 21045.10
21043.38 21044.88
21043.38 21044.88
21044.64 21046.11
21044.91 21046.09
21044.91 21046.09
21044.64 21046.11
21044.64 21046.11
21044.64 21046.11
21043.89 21045.36
21043.89 21045.36
21044.16 21045.34
21044.17 21045.33
21044.17 21045.33
21043.64 21045.11
21043.64 21045.11
21042.41 21043.59
21042.66 21043.84
21042.66 21043.84
21042.41 21044.10
21041.62 21043.13
21041.62 21043.13
21041.31 21041.94
21041.31 21041.94
21040.65 21042.36
21040.65 21042.36
21040.65 21042.36
21040.65 21042.36
21040.64 21042.11
21040.64 21042.11
21040.62 21042.13
21040.66 21042.34
21040.66 21042.34
21040.66 21042.34
21040.38 21041.87
21040.66 21041.84
21040.66 21041.84
21040.39 21041.86
21040.39 21041.86
21040.13 21041.63
21040.13 21041.63
21040.40 21042.11
21040.89 21042.36
21040.89 21042.36
21040.89 21042.36
21040.88 21042.38
21040.88 21042.38
21040.39 21042.11
21039.91 21041.59
21039.91 21041.59
21039.90 21041.61
21039.90 21041.61
21039.90 21041.61
21039.64 21041.11
21039.64 21041.11
21039.16 21040.84
21039.16 21040.84
21039.91 21041.10
21039.16 21040.84
21039.16 21040.84
21039.16 21040.84
21039.63 21041.12
21039.63 21041.12
21039.39 21040.86
21039.41 21041.10
21039.41 21041.10
21040.13 21041.63
21040.14 21041.86
21040.14 21041.86
21040.14 21041.86
21040.14 21041.86
21040.37 21041.88
21040.37 21041.88
21040.37 21041.88
21040.66 21041.84
21040.66 21041.84
21040.66 21041.84
21039.63 21041.13
21040.16 21041.85
21040.16 21041.85
21039.65 21041.36
21039.15 21040.86
21039.15 21040.86
21039.40 21041.10
21040.14 21041.61
21040.14 21041.61
21040.14 21041.61
21040.13 21041.63
21039.47 21041.28
21039.47 21041.28
21039.47 21041.28
21039.47 21041.28
21040.67 21041.83
21040.67 21041.83
21040.66 21042.34
21040.66 21042.34
21040.89 21042.36
21040.89 21042.36
21040.66 21042.34
21041.06 21041.70
21041.06 21041.70
21040.67 21041.83
21041.42 21042.58
21041.42 21042.58
21041.64 21043.11
21041.64 21043.11
21041.14 21042.61
21041.14 21042.61
21039.91 21041.59
21039.22 21041.03
21039.22 21041.03
21039.23 21041.03
21039.23 21041.03
21039.16 21040.84
21039.16 21040.84
21039.87 21041.38
21039.64 21041.11
21039.64 21041.11
21036.89 21038.36
21036.89 21038.36
21034.66 21036.34
21034.66 21036.34
21035.67 21036.83
21035.67 21036.83
21035.65 21036.85
21035.65 21036.85
21036.41 21038.09
21036.41 21038.09
21037.47 21039.28
21037.47 21039.28
21037.47 21039.28
21037.48 21039.28
21037.48 21039.28
21037.91 21039.60
21037.37 21038.88
21037.37 21038.88
21037.90 21039.60
21037.90 21039.60
21037.90 21039.60
21037.40 21039.10
21037.40 21039.10
21037.40 21039.10
21037.40 21039.11
21037.40 21039.11
21037.41 21039.10
21037.41 21039.10
21037.40 21039.11
21037.41 21039.10
21037.41 21039.10
21037.65 21039.36
21037.65 21039.36
21037.87 21039.38
21037.87 21039.38
21037.89 21039.36
21037.89 21039.36
21038.38 21039.88
21038.38 21039.87
21038.38 21039.87
21038.40 21040.10
21038.40 21040.10
21038.64 21040.11
21038.64 21040.11
21038.66 21039.84
21038.40 21039.60
21038.40 21039.60
21038.40 21039.60
21038.41 21040.09
21038.41 21040.09
21038.38 21039.87
21038.38 21039.87
21038.38 21039.87
21038.39 21039.86
21038.39 21039.86
21038.39 21039.86
21038.89 21040.36
21038.89 21040.36
21038.89 21040.36
21038.89 21040.36
21039.14 21040.61
21039.14 21040.61
21038.38 21039.88
21038.38 21039.88
21037.62 21039.13
21037.62 21039.13
21037.89 21039.61
21037.89 21039.61
21037.67 21038.83
21037.40 21039.11
21037.40 21039.11
21037.71 21039.54
21037.71 21039.54
21038.88 21040.38
21039.66 21041.35
21039.66 21041.35
21039.66 21041.35
21040.64 21042.11
21040.64 21042.11
21040.64 21042.11
21040.64 21042.11
21041.14 21042.61
21041.91 21043.09
21041.91 21043.09
21041.91 21043.09
21042.88 21044.37
21042.88 21044.37
21042.88 21044.37
21042.41 21044.09
21042.41 21044.09
21043.14 21044.61
21043.14 21044.61
21042.89 21044.36
21042.89 21044.36
21042.89 21044.36
21042.90 21044.61
21043.14 21044.61
21043.14 21044.61
21043.14 21044.61
21043.14 21044.61
21042.40 21044.10
21042.40 21044.10
21042.40 21044.10
21041.71 21043.54
21041.71 21043.54
21040.66 21041.84
21040.90 21042.60
21040.90 21042.60
21038.41 21040.10
21037.64 21039.11
21037.64 21039.11
21037.64 21039.11
21037.64 21039.11
21037.64 21039.11
21037.90 21039.10
21038.13 21039.62
21038.13 21039.62
21037.64 21039.11
21037.64 21039.11
21037.39 21038.86
21037.14 21038.61
21037.14 21038.61
21037.14 21038.61
21037.14 21038.61
21037.40 21039.11
21037.40 21039.11
21037.40 21039.11
21037.41 21039.09
21037.41 21039.09
21037.14 21038.61
21037.14 21038.61
21037.41 21039.10
21035.89 21037.36
21035.89 21037.36
21035.63 21037.13
21036.89 21038.61
21036.89 21038.61
21037.41 21039.09
21037.40 21039.11
21037.40 21039.11
21037.88 21039.37
21037.88 21039.37
21037.65 21039.36
21037.89 21039.36
21037.89 21039.36
21037.39 21038.86
21038.91 21040.09
21038.91 21040.09
21038.15 21039.86
21038.15 21039.86
21037.15 21038.86
21036.88 21038.37
21036.88 21038.37
21036.88 21038.37
21036.89 21038.36
21036.14 21037.86
21036.14 21037.86
21035.41 21037.10
21035.41 21037.10
21034.90 21036.61
21034.89 21036.36
21034.89 21036.36
21033.90 21035.60
21033.90 21035.60
21033.66 21034.85
21033.66 21034.85
21035.89 21037.36
21035.89 21037.36
21036.91 21038.09
21036.91 21038.09
21036.91 21038.10
21036.91 21038.10
21036.91 21038.10
21037.56 21038.19
21037.56 21038.19
21038.13 21039.63
21038.13 21039.63
21038.90 21040.10
21038.90 21040.10
21038.91 21040.09
21038.91 21040.09
21038.89 21040.36
21038.89 21040.36
21038.91 21040.60
21038.88 21040.38
21038.88 21040.38
21038.64 21040.11
21037.88 21039.38
21037.88 21039.38
21038.89 21040.36
21038.89 21040.36
21038.89 21040.36
21038.89 21040.36
21038.89 21040.36
21039.14 21040.61
21039.14 21040.61
21037.88 21039.38
21037.88 21039.38
21037.65 21039.36
21037.65 21039.36
21037.37 21038.88
21037.90 21039.61
21037.90 21039.61
21037.90 21039.61
21037.90 21039.60
21037.90 21039.60
21037.90 21039.60
21037.90 21039.60
21037.91 21039.59
21038.15 21039.86
21038.15 21039.86
21038.16 21039.85
21038.14 21039.61
21038.14 21039.61
21037.88 21039.38
21037.88 21039.38
21038.14 21039.86
21038.38 21039.87
21038.38 21039.87
21038.15 21039.86
21037.65 21039.36
21037.65 21039.36
21038.40 21040.10
21038.40 21040.10
21038.41 21040.10
21038.41 21040.10
21037.65 21039.36
21037.89 21039.36
21037.89 21039.36
21038.14 21039.61
21038.14 21039.61
21037.91 21039.59
21037.91 21039.59
21037.66 21039.34
21037.66 21039.34
21037.89 21039.36
21037.89 21039.36
21037.65 21039.35
21037.65 21039.35
21037.65 21039.35
21037.63 21039.13
21037.63 21039.13
21037.90 21039.60
21037.90 21039.60
21037.90 21039.60
21038.66 21039.84
21038.66 21039.84
21038.66 21039.84
21038.89 21040.36
21038.64 21040.11
21038.64 21040.11
21038.64 21040.11
21038.93 21040.08
21038.93 21040.08
21038.93 21040.08
21038.88 21040.37
21038.89 21040.36
21038.89 21040.36
21038.68 21039.83
21038.68 21039.83
21038.89 21040.36
21038.89 21040.36
21039.13 21040.63
21039.13 21040.63
21038.90 21040.61
21038.90 21040.61
21039.41 21041.10
21038.38 21039.87
21038.38 21039.87
21038.90 21040.10
21038.39 21039.86
21038.39 21039.86
21037.88 21039.38
21037.62 21039.13
21037.62 21039.13
21037.64 21039.11
21037.64 21039.11
21037.88 21039.38
21037.88 21039.38
21036.41 21038.10
21036.41 21038.10
21036.64 21038.11
21036.63 21038.12
21036.63 21038.12
21036.63 21038.12
21036.15 21037.86
21036.15 21037.86
21035.91 21037.60
21036.16 21037.85
21036.16 21037.85
21035.90 21037.61
21035.90 21037.61
21036.38 21037.88
21036.38 21037.88
21036.47 21038.28
21036.47 21038.28
21036.62 21038.13
21036.62 21038.13
21036.38 21037.87
21036.38 21037.87
21036.38 21037.87
21036.16 21037.84
21036.66 21038.35
21036.66 21038.35
21036.66 21038.35
21036.38 21037.88
21036.38 21037.88
21036.41 21038.09
21036.41 21038.09
21036.41 21038.09
21036.41 21038.09
21035.91 21037.09
21038.66 21040.34
21038.66 21040.34
21038.89 21040.36
21038.89 21040.36
21038.89 21040.36
21038.66 21040.35
21038.16 21039.85
21038.16 21039.85
21038.91 21040.09
21038.64 21040.11
21038.64 21040.11
21038.16 21039.85
21038.41 21039.60
21038.41 21039.60
21038.41 21039.60
21037.90 21039.61
21037.90 21039.61
21037.90 21039.61
21037.66 21039.35
21037.66 21039.35
21037.66 21039.35
21038.22 21040.03
21038.22 21040.03
21038.38 21039.88
21038.39 21040.11
21038.39 21040.11
21038.63 21040.12
