20764.41 20766.09
20764.41 20766.09
20763.89 20765.61
20764.38 20765.88
20764.38 20765.88
20760.66 20761.84
20760.66 20761.84
20760.15 20761.85
20758.38 20759.87
20758.38 20759.87
20765.91 20767.09
20770.13 20771.63
20770.13 20771.63
20770.40 20772.10
20772.14 20773.61
20772.14 20773.61
20766.89 20768.36
20763.13 20764.63
20766.38 20767.87
20766.38 20767.87
20768.16 20769.85
20764.38 20765.87
20764.38 20765.87
20761.37 20762.88
20759.64 20761.11
20759.64 20761.11
20762.12 20763.63
20761.91 20763.59
20761.91 20763.59
20762.15 20763.86
20762.15 20763.86
20760.88 20762.37
20765.63 20767.13
20765.63 20767.13
20769.39 20770.86
20762.39 20763.86
20762.39 20763.86
20763.38 20764.87
20763.37 20764.88
20763.37 20764.88
20771.47 20773.28
20774.12 20775.63
20774.12 20775.63
20770.37 20771.88
20773.13 20774.62
20773.13 20774.62
20774.62 20776.13
20775.88 20777.38
20775.88 20777.38
20780.88 20782.37
20771.37 20772.88
20771.37 20772.88
20769.88 20771.38
20769.87 20771.38
20769.87 20771.38
20763.39 20764.86
20760.65 20761.85
20760.65 20761.85
20757.41 20758.59
20757.65 20759.35
20757.65 20759.35
20756.63 20758.12
20757.66 20758.84
20757.66 20758.84
20756.38 20757.88
20758.15 20759.86
20758.15 20759.86
20757.13 20758.62
20757.40 20759.10
20757.40 20759.10
20762.14 20763.86
20759.41 20761.10
20759.41 20761.10
20758.38 20759.88
20761.91 20763.09
20761.91 20763.09
20763.16 20764.84
20763.15 20764.86
20763.15 20764.86
20763.14 20764.61
20765.39 20766.86
20765.39 20766.86
20768.67 20769.84
20773.90 20775.61
20773.90 20775.61
20774.39 20775.86
20771.39 20772.86
20771.39 20772.86
20767.37 20768.88
20767.64 20769.11
20767.64 20769.11
20769.66 20770.84
20766.14 20767.61
20766.14 20767.61
20759.88 20761.37
20760.38 20761.87
20760.38 20761.87
20757.12 20758.63
20759.63 20761.13
20759.63 20761.13
20758.63 20760.12
20761.62 20763.13
20761.62 20763.13
20762.90 20764.10
20763.37 20764.88
20763.37 20764.88
20770.63 20772.12
20778.66 20780.34
20778.66 20780.34
20783.89 20785.36
20781.41 20783.09
20781.41 20783.09
20778.89 20780.61
20774.40 20776.11
20774.40 20776.11
20777.13 20778.62
20772.38 20773.87
20772.38 20773.87
20768.38 20769.88
20765.89 20767.36
20765.89 20767.36
20767.64 20769.11
20770.64 20772.11
20770.64 20772.11
20774.67 20775.83
20773.38 20774.88
20773.38 20774.88
20774.38 20775.87
20775.63 20777.13
20775.63 20777.13
20773.40 20775.10
20771.89 20773.61
20771.89 20773.61
20774.13 20775.62
20772.16 20773.34
20772.16 20773.34
20771.64 20773.36
20768.62 20770.13
20768.62 20770.13
20766.40 20768.11
20766.40 20768.11
20771.91 20773.60
20766.13 20767.63
20766.13 20767.63
20763.63 20765.13
20767.12 20768.63
20767.12 20768.63
20767.39 20768.86
20767.90 20769.61
20767.90 20769.61
20770.63 20772.12
20775.14 20776.61
20775.14 20776.61
20774.13 20775.62
20778.66 20780.35
20778.66 20780.35
20773.65 20774.85
20773.89 20775.36
20773.89 20775.36
20767.39 20769.11
20761.88 20763.38
20761.88 20763.38
20761.62 20763.13
20760.65 20762.36
20760.65 20762.36
20758.41 20759.59
20755.15 20756.86
20755.15 20756.86
20756.14 20757.61
20749.64 20751.11
20749.64 20751.11
20742.90 20744.61
20750.40 20752.10
20750.40 20752.10
20746.15 20747.35
20747.38 20748.87
20747.38 20748.87
20750.40 20752.11
20757.13 20758.63
20757.13 20758.63
20755.89 20757.36
20756.64 20758.11
20756.64 20758.11
20754.91 20756.59
20754.91 20756.59
20759.66 20761.35
20754.16 20755.84
20754.16 20755.84
20750.89 20752.36
20751.14 20752.61
20752.14 20753.61
20752.14 20753.61
20750.14 20751.61
20746.16 20747.85
20746.16 20747.85
20748.13 20749.63
20748.13 20749.63
20747.63 20749.12
20748.89 20750.36
20746.39 20748.11
20746.39 20748.11
20749.65 20751.36
20748.64 20750.11
20748.64 20750.11
20751.64 20753.36
20753.66 20755.34
20753.66 20755.34
20758.39 20760.11
20758.39 20760.11
20768.64 20770.11
20765.89 20767.61
20765.89 20767.61
20762.89 20764.36
20761.62 20763.13
20761.62 20763.13
20766.38 20767.88
20763.66 20765.35
20763.66 20765.35
20764.88 20766.38
20761.39 20762.86
20761.39 20762.86
20758.87 20760.38
20758.39 20759.86
20758.39 20759.86
20760.63 20762.12
20758.12 20759.63
20758.12 20759.63
20759.14 20760.61
20761.15 20762.85
20761.15 20762.85
20759.16 20760.85
20753.89 20755.36
20753.89 20755.36
20756.15 20757.85
20754.89 20756.61
20754.89 20756.61
20761.13 20762.63
20753.64 20755.11
20753.64 20755.11
20749.87 20751.38
20753.13 20754.62
20753.13 20754.62
20756.39 20757.86
20759.90 20761.60
20759.90 20761.60
20762.63 20764.12
20760.62 20762.13
20760.62 20762.13
20761.38 20762.88
20760.15 20761.85
20760.15 20761.85
20757.62 20759.13
20753.90 20755.60
20753.90 20755.60
20757.87 20759.38
20761.41 20763.10
20761.41 20763.10
20764.41 20766.09
20764.13 20765.62
20764.13 20765.62
20759.40 20761.10
20757.66 20759.34
20757.66 20759.34
20756.89 20758.61
20757.91 20759.59
20757.91 20759.59
20757.63 20759.13
20753.63 20755.12
20753.63 20755.12
20751.65 20753.36
20751.65 20753.36
20751.89 20753.36
20750.66 20752.34
20750.66 20752.34
20759.63 20761.12
20760.89 20762.36
20760.89 20762.36
20761.40 20763.11
20762.15 20763.86
20762.15 20763.86
20761.38 20762.88
20761.41 20763.10
20761.41 20763.10
20760.40 20762.11
20764.65 20766.36
20764.65 20766.36
20766.38 20767.87
20764.37 20765.88
20764.37 20765.88
20768.14 20769.86
20769.63 20771.13
20769.63 20771.13
20765.87 20767.38
20765.39 20767.11
20765.39 20767.11
20760.72 20762.53
20764.15 20765.85
20764.15 20765.85
20768.39 20770.11
20767.16 20768.34
20767.16 20768.34
20758.63 20760.12
20757.12 20758.63
20757.12 20758.63
20756.66 20758.35
20757.13 20758.62
20757.13 20758.62
20755.39 20756.86
20751.89 20753.36
20751.89 20753.36
20753.38 20754.87
20748.66 20749.84
20748.66 20749.84
20747.63 20749.13
20746.37 20747.88
20746.37 20747.88
20750.40 20752.10
20749.66 20751.34
20749.66 20751.34
20752.37 20753.88
20752.38 20753.87
20752.38 20753.87
20756.41 20757.59
20753.40 20755.10
20753.40 20755.10
20754.38 20755.87
20751.15 20752.86
20751.15 20752.86
20746.91 20748.10
20743.13 20744.62
20743.13 20744.62
20742.37 20743.88
20741.64 20743.11
20741.64 20743.11
20744.40 20746.11
20748.88 20750.37
20748.88 20750.37
20755.91 20757.59
20751.63 20753.12
20751.63 20753.12
20752.39 20754.11
20750.14 20751.61
20750.14 20751.61
20746.13 20747.62
20747.13 20748.63
20747.13 20748.63
20745.66 20747.35
20749.13 20750.62
20749.13 20750.62
20748.41 20750.10
20752.64 20754.11
20752.64 20754.11
20750.66 20752.35
20751.14 20752.61
20751.14 20752.61
20746.88 20748.37
20747.40 20749.10
20747.40 20749.10
20748.13 20749.63
20746.37 20747.88
20746.37 20747.88
20745.66 20746.84
20737.63 20739.12
20737.63 20739.12
20734.37 20735.88
20738.41 20739.59
20738.41 20739.59
20734.16 20735.84
20734.38 20735.87
20734.38 20735.87
20736.87 20738.38
20736.87 20738.38
20737.39 20738.86
20738.31 20738.94
20738.31 20738.94
20741.55 20742.20
20740.30 20740.95
20740.30 20740.95
20745.62 20747.13
20746.16 20747.35
20746.16 20747.35
20740.38 20741.87
20740.91 20742.09
20740.91 20742.09
20741.63 20743.12
20743.63 20745.13
20743.63 20745.13
20741.37 20742.88
20735.62 20737.13
20735.62 20737.13
20732.39 20734.11
20730.37 20731.88
20730.37 20731.88
20732.42 20733.58
20731.15 20732.85
20731.15 20732.85
20733.13 20734.63
20730.13 20731.63
20730.13 20731.63
20726.39 20727.86
20726.67 20727.83
20726.67 20727.83
20721.38 20722.87
20721.38 20722.87
20719.90 20721.60
20720.13 20721.63
20720.13 20721.63
20720.39 20721.86
20718.68 20719.83
20718.68 20719.83
20714.67 20715.83
20720.12 20721.63
20720.12 20721.63
20718.39 20719.86
20718.63 20720.12
20718.63 20720.12
20724.16 20725.85
20725.14 20726.61
20725.14 20726.61
20722.39 20723.86
20724.13 20725.63
20724.13 20725.63
20724.42 20725.58
20723.64 20725.11
20723.64 20725.11
20726.67 20727.83
20723.14 20724.61
20723.14 20724.61
20723.41 20725.10
20720.88 20722.37
20720.88 20722.37
20722.38 20723.88
20723.38 20724.88
20723.38 20724.88
20714.64 20716.11
20714.64 20716.11
20717.39 20718.86
20718.63 20720.12
20718.63 20720.12
20721.41 20722.59
20722.40 20724.11
20722.40 20724.11
20719.12 20720.63
20713.88 20715.38
20713.88 20715.38
20714.38 20715.87
20709.13 20710.63
20709.13 20710.63
20707.63 20709.12
20709.14 20710.61
20709.14 20710.61
20708.91 20710.09
20711.92 20713.09
20711.92 20713.09
20711.64 20713.11
20712.38 20713.87
20712.38 20713.87
20714.68 20715.83
20714.68 20715.83
20716.63 20718.12
20717.12 20718.63
20717.12 20718.63
20714.38 20715.88
20716.42 20717.58
20716.42 20717.58
20717.64 20719.11
20715.91 20717.09
20715.91 20717.09
20719.13 20720.63
20717.39 20718.86
20717.39 20718.86
20711.89 20713.36
20711.14 20712.61
20711.14 20712.61
20709.14 20710.61
20709.14 20710.61
20709.89 20711.36
20712.89 20714.36
20712.89 20714.36
20709.64 20711.11
20712.39 20713.86
20712.39 20713.86
20713.88 20715.38
20718.37 20719.88
20718.37 20719.88
20715.88 20717.38
20715.13 20716.62
20715.13 20716.62
20714.87 20716.38
20714.87 20716.38
20719.13 20720.62
20720.63 20722.13
20720.63 20722.13
20719.39 20721.11
20717.39 20718.86
20717.39 20718.86
20717.88 20719.37
20720.88 20722.37
20720.88 20722.37
20715.87 20717.38
20715.39 20716.86
20715.39 20716.86
20714.89 20716.36
20719.14 20720.61
20719.14 20720.61
20716.65 20718.35
20717.66 20718.84
20717.66 20718.84
20718.17 20719.34
20720.67 20721.83
20720.67 20721.83
20716.13 20717.63
20715.65 20717.35
20715.65 20717.35
20714.63 20716.12
20717.13 20718.63
20717.13 20718.63
20716.13 20717.63
20716.13 20717.63
20716.39 20717.86
20715.64 20717.11
20715.64 20717.11
20715.16 20716.84
20717.15 20718.86
20717.15 20718.86
20718.13 20719.63
20722.14 20723.61
20722.14 20723.61
20726.39 20727.86
20723.38 20724.87
20723.38 20724.87
20720.90 20722.60
20723.91 20725.59
20723.91 20725.59
20725.91 20727.60
20726.17 20727.34
20726.17 20727.34
20727.88 20729.37
20726.13 20727.63
20726.13 20727.63
20722.16 20723.34
20721.13 20722.62
20721.13 20722.62
20720.88 20722.37
20719.38 20720.88
20719.38 20720.88
20723.37 20724.88
20727.63 20729.13
20727.63 20729.13
20728.89 20730.36
20728.89 20730.36
20732.66 20734.34
20730.14 20731.61
20730.14 20731.61
20732.64 20734.11
20735.63 20737.12
20735.37 20736.88
20735.37 20736.88
20731.92 20733.08
20736.64 20738.11
20736.64 20738.11
20736.40 20737.60
20736.88 20738.37
20736.88 20738.37
20736.14 20737.61
20736.13 20737.63
20736.13 20737.63
20737.16 20738.84
20737.16 20738.84
20737.12 20738.63
20734.63 20736.12
20734.63 20736.12
20730.87 20732.38
20726.14 20727.61
20726.14 20727.61
20726.38 20727.87
20722.87 20724.38
20722.87 20724.38
20725.88 20727.37
20726.38 20727.87
20726.38 20727.87
20725.40 20727.10
20727.13 20728.62
20727.13 20728.62
20720.16 20721.34
20716.88 20718.38
20716.88 20718.38
20717.37 20718.88
20717.37 20718.88
20714.16 20715.84
20715.13 20716.62
20715.13 20716.62
20715.91 20717.59
20718.39 20719.86
20718.39 20719.86
20719.39 20720.86
20719.66 20721.35
20719.66 20721.35
20720.63 20722.13
20720.91 20722.10
20720.91 20722.10
20720.38 20721.88
20718.63 20720.13
20718.63 20720.13
20719.14 20720.61
20728.38 20729.88
20728.38 20729.88
20726.14 20727.86
20728.41 20730.09
20728.41 20730.09
20725.62 20727.13
20722.63 20724.12
20722.63 20724.12
20721.91 20723.60
20723.38 20724.88
20723.38 20724.88
20721.37 20722.88
20724.89 20726.36
20724.89 20726.36
20724.64 20726.11
20723.62 20725.13
20723.62 20725.13
