21036.16 21037.34
21036.16 21037.34
21036.17 21037.33
21036.17 21037.33
21034.41 21035.59
21034.16 21035.35
21034.16 21035.35
21033.13 21034.62
21030.42 21031.58
21030.42 21031.58
21030.14 21031.61
21030.16 21031.34
21033.17 21034.33
21033.17 21034.33
21029.14 21030.61
21029.14 21030.61
21030.88 21032.37
21030.80 21031.45
21030.80 21031.45
21028.40 21029.60
21026.92 21028.08
21026.92 21028.08
21021.93 21023.08
21020.55 21021.20
21020.55 21021.20
21017.91 21019.09
21017.16 21018.34
21017.16 21018.34
21014.67 21015.83
21015.40 21016.60
21015.40 21016.60
21014.81 21015.44
21014.92 21016.08
21014.92 21016.08
21011.66 21012.84
21009.16 21010.35
21009.16 21010.35
21009.40 21010.60
21008.41 21009.60
21008.41 21009.60
21013.15 21014.35
21011.43 21012.58
21011.43 21012.58
21014.05 21014.70
21013.88 21015.37
21013.88 21015.37
21017.67 21018.83
21021.66 21022.84
21021.66 21022.84
21025.38 21026.87
21025.38 21026.87
21022.66 21023.85
21026.16 21027.34
21026.16 21027.34
21025.13 21026.63
21026.67 21027.83
21026.67 21027.83
21025.89 21027.36
21023.63 21025.12
21023.63 21025.12
21026.65 21027.85
21026.41 21027.60
21026.41 21027.60
21024.67 21025.83
21025.39 21026.86
21025.39 21026.86
21025.89 21027.36
21025.80 21026.45
21025.80 21026.45
21025.88 21027.38
21025.88 21027.38
21025.91 21027.10
21026.66 21027.84
21026.66 21027.84
21027.91 21029.10
21028.80 21029.45
21028.80 21029.45
21029.91 21031.10
21032.16 21033.34
21032.16 21033.34
21032.64 21034.11
21034.42 21035.58
21034.42 21035.58
21032.90 21034.10
21033.62 21035.13
21033.62 21035.13
21032.67 21033.83
21033.43 21034.58
21033.43 21034.58
21032.13 21033.63
21032.13 21033.63
21030.88 21032.37
21029.42 21030.58
21029.42 21030.58
21027.91 21029.10
21026.65 21027.85
21026.65 21027.85
21029.13 21030.63
21029.64 21031.11
21029.64 21031.11
21029.92 21031.08
21030.39 21031.86
21030.39 21031.86
21028.91 21030.10
21028.91 21030.10
21028.66 21029.84
21029.63 21031.12
21028.92 21030.08
21028.92 21030.08
21027.16 21028.34
21027.16 21028.34
21023.93 21025.08
21023.91 21025.10
21023.91 21025.10
21017.13 21018.62
21015.15 21016.35
21015.15 21016.35
21016.55 21017.20
21017.13 21018.62
21017.13 21018.62
21015.18 21016.33
21013.89 21015.36
21013.89 21015.36
21014.18 21015.33
21014.18 21015.33
21013.64 21015.11
21013.16 21014.35
21013.16 21014.35
21013.38 21014.87
21014.93 21016.08
21014.93 21016.08
21014.41 21015.59
21011.66 21012.84
21011.66 21012.84
21013.87 21015.38
21013.87 21015.38
21012.91 21014.09
21013.41 21014.59
21013.41 21014.59
21014.93 21016.08
21008.88 21010.37
21008.88 21010.37
21008.38 21009.87
21009.39 21010.86
21009.39 21010.86
21008.13 21009.62
21008.63 21010.13
21008.63 21010.13
21009.40 21010.60
21009.39 21010.86
21009.39 21010.86
21009.89 21011.36
21009.91 21011.09
21009.91 21011.09
21009.88 21011.37
21009.88 21011.37
21009.41 21010.60
21010.17 21011.33
21010.17 21011.33
21009.42 21010.58
21009.16 21010.34
21009.16 21010.34
21007.14 21008.61
21006.13 21007.62
21006.13 21007.62
21005.40 21006.60
21005.40 21006.60
21004.56 21005.19
21006.67 21007.83
21006.67 21007.83
21009.17 21010.33
21007.17 21008.33
21007.17 21008.33
21009.15 21010.35
21003.89 21005.36
21003.89 21005.36
21005.42 21006.58
21005.42 21006.58
21005.42 21006.58
21005.65 21006.85
21005.65 21006.85
21004.41 21005.60
21005.38 21006.87
21005.38 21006.87
21006.39 21007.86
21006.39 21007.86
21006.73 21008.53
21006.39 21007.86
21006.39 21007.86
21006.91 21008.09
21009.88 21011.38
21009.88 21011.38
21011.56 21012.19
21011.56 21012.19
21014.39 21015.86
21012.88 21014.37
21012.88 21014.37
21011.13 21012.63
21009.39 21010.86
21009.39 21010.86
21008.39 21009.86
21008.39 21009.86
21010.41 21011.60
21010.91 21012.10
21010.91 21012.10
21011.39 21012.86
21011.41 21012.59
21011.41 21012.59
21010.67 21011.83
21011.66 21012.84
21011.66 21012.84
21013.88 21015.38
21015.31 21015.94
21015.31 21015.94
21016.88 21018.37
21017.89 21019.36
21017.89 21019.36
21017.67 21018.83
21017.88 21019.37
21017.88 21019.37
21018.88 21020.37
21018.88 21020.37
21019.81 21020.44
21019.89 21021.36
21019.62 21021.13
21019.62 21021.13
21020.67 21021.83
21020.67 21021.83
21020.42 21021.58
21019.41 21020.59
21019.41 21020.59
21019.88 21021.37
21020.13 21021.62
21020.13 21021.62
21022.16 21023.34
21022.38 21023.87
21022.38 21023.87
21024.14 21025.61
21024.14 21025.61
21025.88 21027.37
21026.41 21027.59
21026.41 21027.59
21027.88 21029.37
21027.63 21029.12
21027.63 21029.12
21030.92 21032.08
21030.92 21032.08
21030.65 21031.85
21030.16 21031.34
21030.16 21031.34
21026.88 21028.37
21025.38 21026.87
21025.38 21026.87
21026.42 21027.59
21024.88 21026.37
21024.88 21026.37
21021.66 21022.84
21021.66 21022.84
21022.65 21023.85
21021.63 21023.12
21021.63 21023.12
21023.62 21025.13
21023.62 21025.13
21024.13 21025.62
21027.41 21028.59
21027.41 21028.59
21028.66 21029.84
21028.63 21030.12
21028.63 21030.12
21028.81 21029.44
21028.63 21030.12
21028.63 21030.12
21028.17 21029.34
21027.41 21028.59
21027.41 21028.59
21027.87 21029.38
21027.40 21028.60
21027.40 21028.60
21027.39 21028.86
21026.88 21028.37
21026.88 21028.37
21025.38 21026.87
21025.17 21026.34
21025.17 21026.34
21025.88 21027.37
21023.62 21025.13
21023.62 21025.13
21026.88 21028.37
21027.14 21028.61
21027.14 21028.61
21025.91 21027.09
21025.13 21026.62
21025.13 21026.62
21025.14 21026.61
21023.16 21024.34
21023.16 21024.34
21025.13 21026.62
21025.13 21026.62
21025.13 21026.62
21025.13 21026.62
21025.42 21026.58
21025.92 21027.08
21025.92 21027.08
21025.66 21026.84
