21033.66 21034.84
21033.66 21034.84
21033.66 21034.84
21034.16 21035.84
21034.16 21035.84
21034.67 21035.83
21034.67 21035.83
21033.14 21034.61
21033.39 21034.86
21033.39 21034.86
21033.39 21034.86
21033.91 21035.59
21034.41 21036.09
21034.41 21036.09
21034.13 21035.63
21034.13 21035.63
21033.66 21035.35
21033.66 21035.35
21033.66 21035.35
21033.38 21034.87
21033.88 21035.37
21033.88 21035.37
21033.64 21035.11
21033.64 21035.11
21033.66 21035.34
21033.66 21035.34
21033.64 21035.11
21033.64 21035.11
21033.64 21035.11
21033.89 21035.61
21033.89 21035.61
21034.38 21035.87
21034.14 21035.61
21034.14 21035.61
21033.88 21035.37
21033.88 21035.37
21033.90 21035.61
21033.90 21035.61
21034.13 21035.62
21034.13 21035.62
21034.42 21035.58
21034.42 21035.58
21034.42 21035.58
21034.42 21035.58
21034.41 21035.60
21034.13 21035.63
21034.13 21035.63
21034.13 21035.63
21034.13 21035.63
21033.91 21035.60
21033.91 21035.60
21033.91 21035.60
21034.14 21035.61
21034.14 21035.61
21034.14 21035.61
21033.64 21035.11
21033.64 21035.11
21033.66 21035.34
21033.89 21035.61
21033.89 21035.61
21033.63 21035.12
21033.13 21034.62
21033.13 21034.62
21032.90 21034.60
21032.90 21034.60
21032.39 21033.86
21032.38 21033.88
21032.38 21033.88
21032.14 21033.61
21032.14 21033.61
21032.14 21033.61
21032.15 21033.86
21032.15 21033.86
21032.65 21034.35
21032.65 21034.35
21032.16 21033.84
21032.16 21033.84
21032.64 21034.11
21032.64 21034.11
21032.39 21033.86
21032.39 21033.86
21032.40 21034.10
21032.40 21034.10
21032.64 21034.11
21032.90 21034.61
21032.90 21034.61
21032.38 21033.88
21032.38 21033.88
21032.64 21034.36
21032.89 21034.36
21032.89 21034.36
21032.89 21034.36
21032.89 21034.36
21032.89 21034.36
21032.89 21034.61
21032.89 21034.61
21032.64 21034.11
21032.64 21034.11
21032.66 21034.34
21032.66 21034.34
21032.39 21033.86
21032.39 21033.86
21032.39 21033.86
21032.39 21033.86
21031.89 21033.61
21031.89 21033.61
21035.23 21037.03
21035.23 21037.03
21035.14 21036.61
21035.14 21036.61
21035.40 21037.10
21034.89 21036.61
21034.89 21036.61
21033.91 21035.60
21033.91 21035.60
21034.14 21035.86
21034.14 21035.86
21033.91 21035.60
21033.91 21035.60
21033.91 21035.59
21033.91 21035.59
21034.64 21036.36
21033.89 21035.61
21034.40 21036.11
21034.40 21036.11
21034.40 21036.11
21034.65 21036.35
21034.65 21036.35
21034.65 21036.35
21034.41 21036.09
21034.41 21036.09
21034.39 21035.86
21034.39 21036.11
21034.39 21036.11
21034.37 21035.88
21034.37 21035.88
21034.38 21035.87
21034.64 21036.36
21034.64 21036.36
21034.65 21036.36
21034.65 21036.36
21034.65 21036.36
21034.65 21036.36
21034.88 21036.37
21034.88 21036.37
21035.15 21036.85
21035.15 21036.85
21035.68 21036.83
21035.41 21037.09
21035.41 21037.09
21035.39 21036.86
21035.39 21036.86
21035.39 21036.86
21035.63 21037.12
21035.88 21037.38
21035.88 21037.38
21035.91 21037.59
21035.65 21037.35
21035.65 21037.35
21035.91 21037.59
21036.14 21037.61
21036.14 21037.61
21036.14 21037.61
21035.89 21037.36
21035.89 21037.36
21035.89 21037.36
21037.38 21038.87
21037.38 21038.87
21037.39 21038.86
21037.39 21038.86
21037.65 21039.36
21037.38 21038.87
21037.38 21038.87
21036.39 21037.86
21036.39 21037.86
21036.89 21038.36
21036.90 21038.60
21036.90 21038.60
21036.16 21037.84
21036.16 21037.84
21036.13 21037.62
21036.13 21037.62
21036.16 21037.84
21035.88 21037.37
21035.88 21037.37
21035.90 21037.60
21035.90 21037.60
21035.90 21037.60
21035.62 21037.13
21035.64 21037.11
21035.64 21037.11
21035.64 21037.11
21035.64 21037.36
21035.40 21037.11
21035.40 21037.11
21035.40 21037.10
21035.40 21037.10
21035.64 21037.11
21034.64 21036.11
21034.64 21036.11
21034.66 21036.34
21034.66 21036.34
21034.47 21036.28
21034.47 21036.28
21034.89 21036.36
21034.89 21036.36
21035.13 21036.63
21035.13 21036.63
21034.91 21036.60
21034.91 21036.60
21034.89 21036.61
21035.13 21036.63
21035.13 21036.63
21035.13 21036.63
21035.13 21036.62
21035.89 21037.36
21035.89 21037.36
21035.89 21037.36
21035.89 21037.36
21035.39 21037.11
21035.64 21037.11
21035.64 21037.11
21035.15 21036.85
21035.15 21036.85
21035.15 21036.85
21035.41 21037.10
21035.62 21037.13
21035.62 21037.13
21035.39 21036.86
21035.39 21036.86
21035.40 21037.10
21035.40 21037.10
21035.13 21036.63
21035.13 21036.63
21035.41 21036.59
21035.41 21036.59
21035.13 21036.62
21034.91 21036.59
21034.91 21036.59
21034.90 21036.61
21034.91 21036.60
21034.91 21036.60
21034.39 21035.86
21034.39 21035.86
21034.14 21035.86
21034.14 21035.86
21033.17 21034.33
21033.15 21034.85
21033.15 21034.85
21033.64 21035.11
21034.39 21035.86
21034.39 21035.86
21034.37 21035.88
21034.37 21035.88
21034.40 21036.11
21034.40 21036.11
21034.64 21036.36
21034.64 21036.36
21034.88 21036.38
21035.64 21037.11
21035.64 21037.11
21035.64 21037.11
21035.64 21037.11
21035.91 21037.59
21035.65 21037.35
21035.65 21037.35
21035.38 21036.88
21035.38 21036.88
21035.38 21036.88
21035.37 21036.88
21035.37 21036.88
21035.39 21036.86
21035.39 21036.86
21033.90 21035.61
21033.90 21035.61
21033.90 21035.61
21034.13 21035.62
21034.14 21035.86
21034.14 21035.86
21034.14 21035.86
21034.89 21036.36
21035.14 21036.61
21035.14 21036.61
21035.14 21036.61
21035.16 21036.84
21035.16 21036.84
21035.14 21036.86
21035.16 21036.84
21035.16 21036.84
21034.91 21036.60
21034.91 21036.60
21035.13 21036.62
21035.13 21036.62
21035.13 21036.62
21035.13 21036.62
21034.89 21036.36
21034.89 21036.36
21034.89 21036.36
21034.89 21036.36
21034.87 21036.38
21032.89 21034.61
21032.89 21034.61
21033.13 21034.63
21033.65 21035.35
21033.65 21035.35
21033.65 21035.35
21034.14 21035.61
21034.14 21035.61
21033.13 21034.63
21033.13 21034.63
21030.64 21032.11
21030.64 21032.11
21030.88 21032.38
21030.88 21032.38
21031.39 21033.11
21030.42 21031.58
21030.42 21031.58
21030.13 21031.63
21030.13 21031.63
21030.14 21031.61
21030.14 21031.61
21030.39 21031.86
21030.39 21031.86
21030.66 21031.84
21030.66 21031.84
21029.88 21031.37
21029.88 21031.37
21030.90 21032.61
21030.90 21032.61
21032.64 21034.36
21032.64 21034.36
21032.39 21034.11
21032.39 21034.11
21032.63 21034.13
21032.63 21034.13
21033.63 21035.12
21031.88 21033.38
21031.88 21033.38
21033.16 21034.84
21032.89 21034.61
21032.89 21034.61
21033.89 21035.61
21033.41 21035.10
21033.41 21035.10
21032.64 21034.11
21032.64 21034.11
21032.64 21034.11
21032.64 21034.11
21033.18 21034.33
21032.64 21034.11
21032.64 21034.11
21032.64 21034.11
21032.40 21034.10
21032.16 21033.85
21032.16 21033.85
21032.16 21033.85
21032.66 21033.84
21032.66 21033.84
21031.15 21032.86
21031.15 21032.86
21031.15 21032.85
21031.15 21032.85
21031.16 21032.84
21031.12 21032.63
21031.12 21032.63
21031.14 21032.86
21031.14 21032.86
21031.68 21032.83
21031.68 21032.83
21031.39 21032.86
21031.39 21032.86
21031.16 21032.34
21031.38 21032.87
21031.38 21032.87
21031.38 21032.88
21031.47 21033.28
21031.47 21033.28
21031.96 21033.79
21031.96 21033.79
21031.66 21033.34
21031.66 21033.34
21031.41 21033.09
21031.41 21033.09
21032.14 21033.61
21032.14 21033.61
21031.64 21033.11
21031.64 21033.11
21031.64 21033.11
21031.63 21033.12
21031.63 21033.12
21031.41 21033.09
21032.90 21034.60
21032.90 21034.60
21032.63 21034.12
21032.63 21034.12
21032.88 21034.38
21032.88 21034.38
21032.87 21034.38
21032.64 21034.11
21032.64 21034.11
21032.63 21034.13
21032.63 21034.13
21032.39 21033.86
21032.39 21033.86
21032.39 21033.86
21032.64 21034.11
21032.64 21034.11
21032.64 21034.11
21032.64 21034.11
21031.83 21033.92
21030.21 21032.04
21030.21 21032.04
21030.38 21031.88
21030.38 21031.88
21030.38 21031.88
21030.16 21031.85
21030.13 21031.62
21030.13 21031.62
21029.93 21031.08
21029.93 21031.08
21028.66 21030.34
21028.66 21030.34
21028.65 21030.35
21028.65 21030.35
21028.89 21030.61
21028.89 21030.61
21028.92 21030.08
21028.92 21030.08
21028.65 21030.35
21028.65 21030.35
21028.64 21030.36
21029.56 21030.19
21029.56 21030.19
21029.41 21031.09
21029.41 21031.09
21029.37 21030.88
21029.37 21030.88
21029.37 21030.88
21029.43 21030.58
21029.89 21031.61
21030.64 21032.11
21030.64 21032.11
21030.64 21032.11
21030.64 21032.11
21029.64 21031.36
21029.64 21031.36
21028.81 21029.44
21028.81 21029.44
21028.81 21029.44
21028.38 21029.87
21028.38 21029.87
21028.88 21030.38
21028.88 21030.38
21028.64 21030.11
21028.64 21030.11
21028.64 21030.11
21028.39 21029.86
21028.39 21029.86
21029.18 21030.33
21029.65 21031.36
21029.65 21031.36
21029.39 21031.11
21029.39 21031.11
21029.38 21030.87
21029.38 21030.87
21029.38 21030.87
21028.63 21030.13
21028.63 21030.13
21028.73 21030.53
21028.73 21030.53
21028.73 21030.53
21028.73 21030.53
21028.93 21030.08
21028.14 21029.61
21028.14 21029.61
21028.80 21029.45
21028.80 21029.45
21028.14 21029.86
21028.14 21029.86
21027.89 21029.61
21027.89 21029.61
21027.66 21029.34
21028.14 21029.61
21028.14 21029.61
21027.92 21029.08
21027.92 21029.08
21026.88 21028.38
21027.62 21029.13
21027.62 21029.13
21026.91 21028.60
21026.91 21028.60
21027.14 21028.61
21027.14 21028.61
21027.39 21028.86
21028.39 21029.86
21028.39 21029.86
21027.41 21029.09
21027.41 21029.09
21026.89 21028.36
21026.41 21028.09
21026.41 21028.09
21026.39 21027.86
21026.39 21027.86
21025.65 21027.35
21025.66 21027.34
21025.66 21027.34
21026.16 21027.85
21026.16 21027.85
21026.42 21027.58
21026.13 21027.62
21026.13 21027.62
21026.64 21028.11
21026.64 21028.11
21026.12 21027.63
21026.64 21028.11
21026.64 21028.11
21026.91 21028.10
21028.39 21029.86
21028.39 21029.86
21031.63 21033.12
21031.14 21032.61
21031.14 21032.61
21030.90 21032.61
21030.14 21031.61
21030.14 21031.61
21029.98 21031.78
21029.98 21031.78
21030.13 21031.63
21030.14 21031.61
21030.14 21031.61
21030.63 21032.12
21030.63 21032.12
21031.56 21032.19
21030.39 21032.11
21030.39 21032.11
21030.41 21032.10
21029.90 21031.60
21029.90 21031.60
21029.91 21031.59
21029.14 21030.61
21029.14 21030.61
21029.65 21031.35
21029.63 21031.13
21029.63 21031.13
21029.63 21031.13
21029.89 21031.36
21029.92 21031.08
21029.92 21031.08
21030.66 21032.34
21030.66 21032.34
21030.64 21032.11
21030.66 21032.35
21030.66 21032.35
21029.90 21031.60
21029.89 21031.36
21029.89 21031.36
21029.66 21031.34
21029.12 21030.63
21029.12 21030.63
21028.90 21030.61
21028.89 21030.61
21028.89 21030.61
21028.89 21030.36
21028.89 21030.36
21028.88 21030.38
21029.39 21030.86
21029.39 21030.86
21029.40 21031.10
21029.40 21031.10
21029.66 21031.34
21029.12 21030.63
21029.12 21030.63
21029.41 21031.10
21028.13 21029.63
21028.13 21029.63
21027.66 21029.35
21028.14 21029.61
21028.14 21029.61
21027.89 21029.36
21027.89 21029.36
21027.89 21029.36
21027.89 21029.36
21028.66 21029.84
21028.15 21029.86
21028.15 21029.86
21027.66 21028.84
21027.39 21029.11
21027.39 21029.11
21027.64 21029.11
21027.39 21028.86
21027.39 21028.86
21027.14 21028.61
21027.14 21028.61
21027.14 21028.61
21027.40 21029.11
21027.40 21029.11
21027.64 21029.11
21027.13 21028.63
21027.13 21028.63
21026.40 21028.11
21026.14 21027.61
21026.14 21027.61
21028.88 21030.37
21029.14 21030.61
21029.14 21030.61
21028.88 21030.37
21028.87 21030.38
21028.87 21030.38
21029.87 21031.38
21029.64 21031.11
21029.64 21031.11
21030.13 21031.63
21030.13 21031.63
21030.41 21032.10
21032.13 21033.62
21032.13 21033.62
21031.62 21033.13
21031.62 21033.13
21031.93 21033.08
21031.93 21033.08
21032.18 21033.33
21032.18 21033.33
21031.89 21033.36
21031.89 21033.36
21032.42 21033.58
