20885.38 20886.87
20885.38 20886.87
20885.42 20886.58
20885.42 20886.58
20882.13 20883.63
20881.12 20882.63
20881.12 20882.63
20883.12 20884.63
20882.92 20884.08
20882.92 20884.08
20882.91 20884.09
20882.91 20884.09
20883.42 20884.58
20883.65 20884.85
20883.65 20884.85
20883.13 20884.62
20880.42 20881.58
20880.42 20881.58
20879.16 20880.34
20879.16 20880.34
20880.65 20881.85
20882.42 20883.58
20882.42 20883.58
20881.12 20882.63
20881.12 20882.63
20881.38 20882.87
20881.38 20882.87
20883.38 20884.87
20883.91 20885.09
20883.91 20885.09
20883.66 20884.84
20882.16 20883.34
20882.16 20883.34
20882.17 20883.33
20880.56 20881.19
20880.56 20881.19
20879.88 20881.38
20879.17 20880.33
20879.17 20880.33
20879.15 20880.35
20878.88 20880.37
20878.88 20880.37
20879.66 20880.84
20879.66 20880.84
20880.39 20881.86
20881.90 20883.10
20881.90 20883.10
20880.37 20881.88
20880.38 20881.87
20880.38 20881.87
20880.42 20881.58
20880.42 20881.58
20880.42 20881.58
20881.67 20882.83
20881.38 20882.87
20881.38 20882.87
20880.90 20882.10
20878.62 20880.13
20878.62 20880.13
20877.13 20878.63
20877.13 20878.63
20878.13 20879.62
20879.15 20880.35
20879.31 20879.94
20879.31 20879.94
20878.62 20880.13
20878.62 20880.13
20879.38 20880.87
20879.40 20880.60
20879.40 20880.60
20879.42 20880.58
20879.38 20880.87
20879.38 20880.87
20878.15 20879.35
20876.63 20878.13
20876.63 20878.13
20875.89 20877.36
20875.90 20877.10
20875.90 20877.10
20878.14 20879.61
20878.14 20879.61
20878.16 20879.34
20878.16 20879.34
20877.63 20879.12
20877.17 20878.33
20877.17 20878.33
20876.88 20878.37
20878.40 20879.60
20878.40 20879.60
20876.92 20878.08
20877.38 20878.87
20877.38 20878.87
20876.91 20878.09
20876.92 20878.08
20876.92 20878.08
20876.40 20877.60
20876.92 20878.08
20876.92 20878.08
20877.42 20878.58
20875.88 20877.37
20875.88 20877.37
20877.14 20878.61
20875.88 20877.37
20874.13 20875.63
20874.13 20875.63
20872.67 20873.83
20872.67 20873.83
20871.67 20872.83
20872.15 20873.35
20872.15 20873.35
20869.92 20871.08
20868.17 20869.33
20868.17 20869.33
20869.89 20871.36
20868.41 20869.59
20868.41 20869.59
20869.17 20870.33
20868.15 20869.35
20868.15 20869.35
20866.63 20868.12
20868.40 20869.60
20868.40 20869.60
20868.67 20869.83
20868.41 20869.59
20868.41 20869.59
20868.67 20869.83
20868.67 20869.83
20869.12 20870.63
20870.41 20871.59
20870.41 20871.59
20870.16 20871.34
20870.87 20872.38
20869.66 20870.84
20869.66 20870.84
20869.66 20870.85
20869.88 20871.38
20869.88 20871.38
20870.89 20872.36
20870.89 20872.36
20872.42 20873.58
20871.38 20872.87
20871.38 20872.87
20872.62 20874.13
20872.92 20874.08
20872.92 20874.08
20873.15 20874.35
20873.15 20874.35
20874.31 20874.94
20873.13 20874.62
20873.13 20874.62
20873.37 20874.88
20873.37 20874.88
20872.67 20873.83
20872.41 20873.59
20872.41 20873.59
20873.17 20874.33
20873.90 20875.10
20873.90 20875.10
20873.37 20874.88
20872.13 20873.63
20872.13 20873.63
20871.16 20872.34
20871.16 20872.34
20871.41 20872.60
20872.13 20873.62
20872.13 20873.62
20872.38 20873.88
20872.38 20873.88
20872.37 20873.88
20869.88 20871.37
20869.88 20871.37
20870.63 20872.12
20872.63 20874.12
20872.63 20874.12
20872.39 20873.86
20872.37 20873.88
20872.37 20873.88
20872.13 20873.62
20872.13 20873.62
20871.88 20873.37
20871.67 20872.83
20871.67 20872.83
20870.89 20872.36
20871.66 20872.84
20871.66 20872.84
20872.39 20873.86
20872.42 20873.59
20872.42 20873.59
20872.64 20874.11
20872.92 20874.09
20872.92 20874.09
20871.66 20872.84
20871.67 20872.83
20871.67 20872.83
20871.65 20872.85
20871.89 20873.36
20871.89 20873.36
20872.15 20873.35
20871.39 20872.86
20871.39 20872.86
20871.38 20872.88
20872.92 20874.08
20872.92 20874.08
20873.13 20874.63
20871.92 20873.08
20871.92 20873.08
20872.64 20874.11
20872.37 20873.88
20872.37 20873.88
20872.90 20874.10
20872.16 20873.35
20872.16 20873.35
20870.14 20871.61
20869.91 20871.10
20869.91 20871.10
20868.42 20869.58
20868.42 20869.58
20868.42 20869.58
20868.12 20869.63
20869.89 20871.36
20869.89 20871.36
20869.92 20871.09
20869.63 20871.12
20869.63 20871.12
20867.88 20869.38
20867.88 20869.38
20869.80 20870.45
20871.17 20872.33
20871.17 20872.33
20871.68 20872.83
20871.68 20872.83
20871.38 20872.88
20871.13 20872.62
20871.13 20872.62
20872.65 20873.85
20872.92 20874.08
20872.92 20874.08
20873.63 20875.12
20871.89 20873.36
20871.89 20873.36
20871.17 20872.34
20871.17 20872.33
20871.17 20872.33
20872.42 20873.58
20872.42 20873.58
20872.42 20873.58
20871.40 20872.60
20871.40 20872.60
20870.89 20872.36
20870.42 20871.58
20875.17 20876.33
20875.17 20876.33
20874.12 20875.63
20874.12 20875.63
20873.67 20874.83
20875.17 20876.33
20875.17 20876.33
20879.42 20880.58
20879.65 20880.85
20879.65 20880.85
20880.88 20882.38
20881.92 20883.08
20881.92 20883.08
20881.90 20883.10
20883.13 20884.62
20883.13 20884.62
20883.37 20884.88
20883.67 20884.83
20883.67 20884.83
20882.16 20883.34
20882.16 20883.34
20881.92 20883.08
20881.93 20883.08
20881.93 20883.08
20882.92 20884.08
20882.63 20884.12
20882.63 20884.12
20883.13 20884.62
20882.88 20884.38
20882.88 20884.38
20882.17 20883.34
20880.65 20881.85
20880.65 20881.85
20876.17 20877.33
20877.63 20879.12
20877.63 20879.12
20878.65 20879.85
20879.67 20880.83
20879.67 20880.83
20881.14 20882.61
20882.17 20883.33
20882.17 20883.33
20880.62 20882.13
20880.62 20882.13
20881.67 20882.83
20881.63 20883.12
20881.63 20883.12
20881.89 20883.36
20881.89 20883.36
20881.88 20883.38
20881.88 20883.38
20882.67 20883.83
20884.17 20885.33
20884.17 20885.33
20882.92 20884.08
20882.92 20884.08
20882.92 20884.08
20883.90 20885.10
20884.41 20885.60
20884.41 20885.60
20885.39 20886.86
20883.38 20884.88
20883.38 20884.88
20884.17 20885.33
20883.12 20884.63
20883.12 20884.63
20881.88 20883.37
20880.42 20881.58
20880.42 20881.58
20877.63 20879.12
20877.17 20878.33
20877.17 20878.33
20877.17 20878.33
20876.62 20878.13
20876.62 20878.13
20876.91 20878.09
20878.92 20880.08
20878.92 20880.08
20878.42 20879.58
20877.65 20878.85
20877.65 20878.85
20877.12 20878.63
20877.12 20878.63
20877.91 20879.09
20876.63 20878.12
20876.63 20878.12
20877.41 20878.59
20876.14 20877.61
20876.14 20877.61
20876.13 20877.63
20876.13 20877.63
20877.13 20878.62
20876.17 20877.33
20876.17 20877.33
20875.40 20876.60
20874.87 20876.38
20874.87 20876.38
20874.67 20875.83
20874.67 20875.83
20873.38 20874.87
20871.13 20872.63
20871.13 20872.63
20872.12 20873.63
20871.38 20872.88
20872.67 20873.83
20872.67 20873.83
20872.67 20873.83
20872.67 20873.83
20872.66 20873.84
20872.38 20873.87
20872.38 20873.87
20874.92 20876.08
20877.17 20878.33
20877.17 20878.33
20877.41 20878.60
20877.41 20878.60
20877.90 20879.10
20878.15 20879.35
20878.15 20879.35
20878.16 20879.34
20877.91 20879.09
20877.91 20879.09
20877.93 20879.08
20877.93 20879.08
20877.90 20879.10
20877.91 20879.09
20878.38 20879.88
20878.38 20879.88
20878.14 20879.61
20877.12 20878.63
20877.12 20878.63
20877.42 20878.58
20877.42 20878.58
20878.66 20879.84
20878.42 20879.58
20878.42 20879.58
20877.66 20878.84
20875.88 20877.37
20875.88 20877.37
20875.90 20877.10
20875.63 20877.13
20875.63 20877.13
20875.41 20876.59
20875.41 20876.59
20875.64 20877.11
20873.65 20874.85
20873.65 20874.85
20873.12 20874.63
20873.13 20874.62
20873.13 20874.62
20871.40 20872.60
20872.13 20873.63
20872.13 20873.63
20871.68 20872.83
20871.88 20873.37
20871.88 20873.37
20869.31 20869.94
20867.67 20868.83
20867.67 20868.83
20866.92 20868.08
20864.13 20865.63
20864.13 20865.63
20863.17 20864.33
20863.17 20864.33
20864.42 20865.59
20864.16 20865.34
20864.16 20865.34
20864.92 20866.08
20863.68 20864.83
20863.68 20864.83
20863.89 20865.36
20863.89 20865.36
20862.40 20863.60
20861.92 20863.08
20861.92 20863.08
20863.89 20865.36
20865.17 20866.33
20865.17 20866.33
20864.92 20866.08
20865.15 20866.35
20865.15 20866.35
20863.89 20865.36
20863.89 20865.36
20865.13 20866.63
20865.41 20866.59
20865.41 20866.59
20864.14 20865.61
20864.14 20865.61
20865.40 20866.60
20864.88 20866.38
20864.88 20866.38
20862.67 20863.84
20863.15 20864.35
20863.15 20864.35
20864.67 20865.83
20864.67 20865.83
20863.67 20864.83
20865.15 20866.35
20863.38 20864.87
20863.38 20864.87
20862.37 20863.88
20862.37 20863.88
20863.92 20865.08
20863.42 20864.58
20863.42 20864.58
20861.89 20863.36
20862.12 20863.63
20862.12 20863.63
20856.41 20857.59
20852.91 20854.09
20852.91 20854.09
20854.65 20855.85
20853.41 20854.59
20853.41 20854.59
20850.88 20852.38
20850.64 20852.11
20850.64 20852.11
20851.15 20852.35
20851.17 20852.33
20851.17 20852.33
20851.15 20852.35
20850.17 20851.33
20850.17 20851.33
20851.13 20852.62
20849.92 20851.08
20849.92 20851.08
20848.65 20849.85
20850.63 20852.12
20850.63 20852.12
20850.66 20851.85
20848.66 20849.84
20848.66 20849.84
20851.42 20852.58
20851.92 20853.09
20851.92 20853.09
20848.62 20850.13
20850.88 20852.37
20850.88 20852.37
20850.67 20851.83
20850.67 20851.83
20851.16 20852.34
20852.38 20853.87
20852.38 20853.87
20855.92 20857.08
20855.92 20857.08
20852.92 20854.08
20852.88 20854.37
20852.88 20854.37
20852.40 20853.60
20852.17 20853.33
20852.17 20853.33
20850.89 20852.36
20850.89 20852.36
20851.88 20853.37
20851.17 20852.33
20849.91 20851.09
20849.91 20851.09
20851.92 20853.08
20851.17 20852.33
20851.17 20852.33
20850.42 20851.58
20850.43 20851.58
20850.43 20851.58
20851.13 20852.62
20851.92 20853.08
20851.92 20853.08
20850.92 20852.08
20850.89 20852.36
20850.89 20852.36
20846.63 20848.12
20846.63 20848.12
20844.91 20846.10
20844.67 20845.84
20844.67 20845.84
20847.56 20848.19
20844.88 20846.37
20844.88 20846.37
20847.67 20848.83
20846.67 20847.83
20846.67 20847.83
20846.64 20848.11
20846.88 20848.37
20846.88 20848.37
20846.62 20848.13
20847.42 20848.58
20847.42 20848.58
20846.38 20847.87
20846.30 20846.95
20846.30 20846.95
20845.67 20846.83
20845.13 20846.62
20845.13 20846.62
20845.91 20847.09
20845.38 20846.88
20845.38 20846.88
20842.41 20843.59
20846.62 20848.13
20846.62 20848.13
20846.37 20847.88
20846.92 20848.08
20846.92 20848.08
20846.39 20847.86
20845.65 20846.85
20845.65 20846.85
20846.42 20847.58
20843.62 20845.13
20843.62 20845.13
20844.42 20845.58
20845.41 20846.59
20845.41 20846.59
20841.90 20843.10
20843.62 20845.13
20843.62 20845.13
20845.17 20846.33
20845.17 20846.33
20843.87 20845.38
20843.67 20844.83
20843.67 20844.83
20842.91 20844.09
20842.92 20844.08
20842.92 20844.08
20844.17 20845.33
20845.17 20846.33
20845.17 20846.33
20845.87 20847.38
20846.66 20847.84
20846.66 20847.84
20849.41 20850.59
20850.17 20851.33
20850.17 20851.33
20849.92 20851.08
20851.42 20852.58
20851.42 20852.58
20851.66 20852.84
20851.66 20852.84
20851.41 20852.59
20851.64 20853.11
20851.64 20853.11
20850.37 20851.88
20850.37 20851.88
20850.56 20851.19
20851.65 20852.85
20851.66 20852.84
20851.66 20852.84
20851.42 20852.58
20851.42 20852.58
20850.41 20851.59
20851.17 20852.33
20851.17 20852.33
20851.66 20852.84
20851.66 20852.84
20851.67 20852.83
20851.38 20852.88
20851.38 20852.88
20850.87 20852.38
20850.87 20852.38
20852.92 20854.08
20852.91 20854.09
20852.91 20854.09
20850.88 20852.37
20853.68 20854.83
20853.68 20854.83
20855.63 20857.13
20852.88 20854.37
20852.88 20854.37
20853.17 20854.33
20853.88 20855.37
20853.88 20855.37
20855.40 20856.60
20855.40 20856.60
20856.88 20858.37
20857.88 20859.37
20857.88 20859.37
