21010.14 21011.61
21010.14 21011.61
21011.90 21013.61
21011.90 21013.61
21011.65 21013.36
21011.65 21013.36
21011.88 21013.37
21011.88 21013.37
21011.88 21013.37
21011.88 21013.37
21011.40 21013.10
21010.14 21011.86
21010.14 21011.86
21007.83 21009.92
21007.65 21009.35
21007.65 21009.35
21007.88 21009.37
21007.88 21009.37
21010.13 21011.62
21009.88 21011.37
21009.88 21011.37
21009.88 21011.37
21012.21 21014.04
21012.21 21014.04
21012.13 21013.63
21011.13 21012.62
21011.13 21012.62
21011.39 21012.86
21011.39 21012.86
21011.13 21012.63
21010.47 21012.28
21010.47 21012.28
21010.66 21012.35
21010.66 21012.35
21011.21 21013.04
21011.47 21013.28
21011.47 21013.28
21011.64 21013.11
21011.64 21013.11
21010.40 21012.11
21010.40 21012.11
21010.40 21012.11
21010.40 21012.11
21009.88 21011.37
21008.40 21010.10
21008.40 21010.10
21009.38 21010.87
21009.38 21010.87
21009.38 21010.87
21009.42 21010.58
21009.42 21010.58
21009.87 21011.38
21009.87 21011.38
21009.63 21011.12
21009.91 21011.59
21009.91 21011.59
21008.15 21009.86
21008.15 21009.86
21008.37 21009.88
21008.38 21009.87
21008.38 21009.87
21006.90 21008.61
21006.90 21008.61
21004.13 21005.62
21003.15 21004.85
21003.15 21004.85
21003.89 21005.36
21003.89 21005.36
21003.40 21005.10
21003.39 21005.11
21003.39 21005.11
21005.16 21006.85
21005.65 21007.35
21005.65 21007.36
21005.65 21007.36
21005.63 21007.13
21004.42 21005.58
21004.42 21005.58
21003.64 21005.11
21002.91 21004.60
21002.91 21004.60
21002.67 21003.83
21002.67 21003.83
21004.13 21005.62
21004.13 21005.63
21004.13 21005.63
21004.15 21005.85
21004.15 21005.85
21004.15 21005.85
21004.17 21005.33
21004.17 21005.33
21004.16 21005.84
21005.40 21007.11
21005.40 21007.11
21005.91 21007.09
21006.14 21007.61
21006.14 21007.61
21006.39 21007.86
21006.42 21007.58
21006.42 21007.58
21005.98 21007.78
21006.39 21007.86
21006.39 21007.86
21007.38 21008.87
21006.15 21007.86
21006.15 21007.86
21006.13 21007.62
21006.13 21007.62
21006.90 21008.60
21007.40 21009.11
21007.40 21009.11
21006.89 21008.61
21006.89 21008.61
21005.63 21007.12
21005.89 21007.61
21005.89 21007.61
21005.38 21006.88
21005.15 21006.86
21005.15 21006.86
21004.15 21005.86
21004.15 21005.86
21005.64 21007.36
21005.64 21007.36
21005.64 21007.36
21005.64 21007.36
21005.41 21007.10
21004.65 21006.36
21004.65 21006.36
21004.97 21006.78
21005.40 21007.10
21005.40 21007.10
21005.88 21007.37
21005.39 21007.11
21005.39 21007.11
21005.40 21007.10
21005.40 21007.10
21005.73 21007.53
21005.73 21007.53
21004.96 21006.79
21004.40 21006.11
21004.40 21006.11
21004.41 21005.59
21004.63 21006.12
21004.63 21006.12
21004.16 21005.85
21004.39 21005.86
21004.39 21005.86
21004.40 21006.11
21005.16 21006.85
21005.16 21006.85
21005.17 21006.34
21005.15 21006.86
21005.15 21006.86
21006.16 21007.85
21006.16 21007.85
21007.39 21009.11
21007.39 21009.11
21010.38 21011.88
21010.38 21011.88
21010.40 21011.60
21010.40 21011.60
21006.15 21007.86
21006.13 21007.63
21006.13 21007.63
21006.15 21007.85
21006.15 21007.85
21006.64 21008.11
21007.92 21009.08
21007.92 21009.08
21005.66 21006.84
21005.66 21006.84
21000.89 21002.36
20997.41 20999.10
20997.41 20999.10
20999.89 21001.61
20999.65 21001.36
20999.65 21001.36
20998.15 20999.85
20995.66 20997.35
20995.66 20997.35
20997.14 20998.61
20997.14 20998.61
20995.62 20997.13
20991.39 20992.86
20991.39 20992.86
20992.40 20994.10
20992.39 20994.11
20992.39 20994.11
20990.62 20992.13
20989.66 20991.35
20989.66 20991.35
20988.15 20989.86
20991.66 20993.35
20991.66 20993.35
20988.73 20990.53
20988.73 20990.53
20990.88 20992.37
20990.88 20992.37
20988.66 20990.35
20988.14 20989.61
20988.14 20989.61
20983.41 20985.10
20985.64 20987.36
20985.64 20987.36
20986.40 20988.10
20988.37 20989.88
20988.37 20989.88
20988.14 20989.86
20987.63 20989.13
20987.63 20989.13
20987.16 20988.85
20984.96 20986.79
20984.96 20986.79
20986.14 20987.86
20982.14 20983.86
20982.14 20983.86
20982.41 20984.10
20983.39 20984.86
20983.39 20984.86
20984.12 20985.63
20984.89 20986.61
20984.89 20986.61
20985.65 20987.36
20985.40 20987.11
20985.40 20987.11
20985.15 20986.85
20982.39 20983.86
20982.39 20983.86
20979.88 20981.37
20981.63 20983.12
20981.63 20983.12
20981.92 20983.08
20978.72 20980.53
20978.72 20980.53
20979.89 20981.36
20981.37 20982.88
20981.37 20982.88
20981.65 20983.35
20981.16 20982.85
20981.16 20982.85
20979.66 20981.35
20981.16 20982.85
20981.16 20982.85
20979.38 20980.87
20978.91 20980.60
20978.91 20980.60
20977.64 20979.11
20976.65 20978.36
20976.65 20978.36
20975.39 20977.11
20975.91 20977.60
20975.91 20977.60
20976.39 20977.86
20976.39 20977.86
20976.88 20978.37
20975.16 20976.85
20975.16 20976.85
20975.64 20977.36
20976.65 20978.36
20976.65 20978.36
20978.14 20979.61
20978.14 20979.61
20978.12 20979.63
20977.38 20978.87
20977.65 20979.36
20977.65 20979.36
20975.65 20977.36
20976.13 20977.63
20976.13 20977.63
20976.39 20977.86
20977.41 20979.10
20977.41 20979.10
20976.66 20978.35
20976.66 20978.35
20978.63 20980.13
20978.87 20980.38
20978.87 20980.38
20978.65 20980.35
20978.88 20980.37
20978.88 20980.37
20979.90 20981.61
20982.97 20984.78
20982.97 20984.78
20981.96 20983.79
20980.96 20982.79
20980.96 20982.79
20981.78 20983.73
20981.78 20983.73
20981.30 20981.95
20981.38 20982.87
20981.38 20982.87
20981.39 20983.11
20983.39 20985.11
20980.41 20982.10
20980.41 20982.10
20980.65 20982.35
20981.14 20982.86
20981.14 20982.86
20979.64 20981.11
20975.90 20977.60
20975.90 20977.60
20976.14 20977.86
20976.14 20977.86
20972.39 20974.11
20975.15 20976.86
20975.15 20976.86
20974.16 20975.85
20974.14 20975.86
20974.14 20975.86
20973.65 20975.36
20973.15 20974.86
20973.15 20974.86
20973.66 20975.35
20973.66 20975.35
20974.37 20975.88
20975.89 20977.61
20975.89 20977.61
20975.65 20977.36
20975.65 20977.36
20975.65 20977.36
20975.65 20977.35
20976.90 20978.60
20976.90 20978.60
20978.91 20980.60
20979.64 20981.11
20979.64 20981.11
20980.14 20981.86
20982.14 20983.86
20982.14 20983.86
20981.91 20983.60
20981.40 20983.11
20981.40 20983.11
20982.16 20983.85
20983.63 20985.12
20983.63 20985.12
20984.65 20986.35
20984.63 20986.12
20984.63 20986.12
20982.64 20984.11
20982.64 20984.11
20982.16 20983.85
20982.13 20983.63
20982.13 20983.63
20981.41 20983.10
20983.38 20984.87
20983.38 20984.87
20982.97 20984.78
20983.16 20984.85
20983.16 20984.85
20983.41 20985.10
20981.90 20983.61
20981.90 20983.61
20982.66 20984.34
20982.66 20984.34
20981.63 20983.12
20981.63 20983.12
20981.15 20982.85
20981.46 20983.29
20981.46 20983.29
20980.16 20981.85
20979.90 20981.61
20979.90 20981.61
20979.14 20980.61
20980.15 20981.85
20980.15 20981.85
20978.98 20980.78
20978.98 20980.78
20978.91 20980.60
20979.39 20980.86
20979.39 20980.86
20978.90 20980.60
20979.13 20980.62
20979.13 20980.62
20979.40 20981.11
20979.40 20981.11
20979.14 20980.61
20978.90 20980.61
20978.90 20980.61
20980.16 20981.85
20980.63 20982.12
20980.63 20982.12
20980.63 20982.12
20980.40 20982.11
20980.40 20982.11
20980.41 20982.10
20979.90 20981.61
20979.90 20981.61
20980.16 20981.85
20983.13 20984.63
20983.13 20984.63
20983.65 20985.35
20982.40 20984.10
20982.40 20984.10
20981.98 20983.78
20981.98 20983.78
20981.98 20983.78
20981.46 20983.29
20981.88 20983.37
20981.88 20983.37
20983.41 20985.10
20984.63 20986.12
20984.63 20986.12
20984.88 20986.37
20985.66 20987.34
20985.66 20987.34
20986.89 20988.36
20986.89 20988.61
20986.89 20988.61
20989.40 20991.10
20991.13 20992.62
20991.13 20992.62
20988.66 20990.34
20987.62 20989.13
20987.62 20989.13
20987.89 20989.61
20987.91 20989.09
20987.91 20989.09
20986.41 20988.10
20986.89 20988.36
20986.89 20988.36
20988.87 20990.38
20988.14 20989.86
20988.14 20989.86
20988.15 20989.85
20988.15 20989.85
20989.89 20991.36
20991.88 20993.37
20991.88 20993.37
20991.91 20993.59
20990.64 20992.11
20990.64 20992.11
20990.39 20992.11
20990.16 20991.85
20990.16 20991.85
20989.65 20991.35
20989.14 20990.86
20989.14 20990.86
20989.42 20990.58
20989.42 20990.58
20989.63 20991.12
20989.13 20990.63
20989.13 20990.63
20989.16 20990.85
20989.67 20990.84
20989.67 20990.84
20989.87 20991.38
20989.87 20991.38
20990.37 20991.88
20990.23 20992.03
20990.23 20992.03
20990.46 20992.29
20990.46 20992.29
20990.55 20991.20
20989.98 20991.78
20989.98 20991.78
20990.22 20992.03
20990.88 20992.37
20990.88 20992.37
20990.88 20992.37
20991.40 20993.11
20991.40 20993.11
20991.89 20993.61
20991.89 20993.61
20990.41 20992.10
20990.41 20992.10
20990.41 20992.10
20988.91 20990.60
20988.91 20990.60
20991.65 20993.36
20992.47 20994.28
20992.47 20994.28
20992.39 20993.86
20992.39 20993.86
20991.63 20993.12
20991.16 20992.85
20991.16 20992.85
20990.89 20992.36
20990.89 20992.36
20992.38 20993.88
20992.38 20993.88
20993.88 20995.38
20995.88 20997.37
20995.88 20997.37
20995.91 20997.60
20995.91 20997.60
20996.64 20998.11
20996.41 20998.09
20996.41 20998.09
20996.88 20998.37
20996.88 20998.37
20996.64 20998.11
20996.64 20998.11
20994.40 20996.10
20993.91 20995.60
20993.91 20995.60
20995.64 20997.11
20996.71 20998.54
20996.71 20998.54
20996.64 20998.11
20996.15 20997.86
20996.15 20997.86
20996.67 20997.83
20996.67 20997.83
20996.38 20997.87
20996.64 20998.11
20996.64 20998.11
20996.37 20997.88
20996.64 20998.11
20996.64 20998.11
20995.40 20997.10
20995.89 20997.36
20995.89 20997.36
20996.40 20998.11
20996.40 20998.11
20996.39 20998.11
20997.14 20998.61
20997.14 20998.61
20997.41 20998.59
20997.41 20998.59
20997.13 20998.62
20999.66 21001.35
20999.66 21001.35
20999.88 21001.37
21002.41 21003.59
21002.41 21003.59
21001.14 21002.86
21001.91 21003.60
21001.91 21003.60
21003.64 21005.11
21004.88 21006.37
21004.88 21006.37
21004.39 21005.86
21003.41 21005.09
21003.41 21005.09
21004.38 21005.87
21003.89 21005.36
21003.89 21005.36
21004.39 21006.11
21005.88 21007.38
21005.88 21007.38
21006.64 21008.11
21008.13 21009.62
21008.13 21009.62
21007.88 21009.37
21006.16 21007.85
21006.16 21007.85
21007.38 21008.87
21007.38 21008.87
21008.63 21010.12
21005.64 21007.11
21005.64 21007.11
21004.65 21006.35
21004.65 21006.35
21004.15 21005.85
21003.65 21005.36
21003.65 21005.36
21005.56 21006.19
21005.56 21006.19
21003.64 21005.11
21003.64 21005.11
21003.41 21005.10
21003.41 21005.10
21003.40 21005.10
21003.40 21005.10
21003.14 21004.61
21001.90 21003.61
21001.90 21003.61
21002.12 21003.63
21001.65 21003.35
21001.65 21003.35
21001.89 21003.36
21001.89 21003.36
21002.40 21004.10
21002.40 21004.10
21002.92 21004.09
21003.16 21004.84
21003.16 21004.84
21004.88 21006.38
21003.71 21005.54
21003.71 21005.54
21003.41 21005.10
21003.41 21005.10
21003.14 21004.61
21003.14 21004.61
21003.41 21004.59
21003.41 21004.59
21003.14 21004.61
21003.14 21004.61
21003.13 21004.63
21003.13 21004.63
21003.65 21005.36
21004.63 21006.12
21004.63 21006.12
21004.37 21005.88
21004.41 21006.10
21004.41 21006.10
21004.63 21006.12
21004.38 21005.87
21004.38 21005.87
21005.90 21007.60
21005.88 21007.37
21005.88 21007.37
21006.15 21007.85
21006.15 21007.85
21006.39 21007.86
21005.48 21007.28
21005.48 21007.28
21005.64 21007.11
21004.88 21006.37
21004.88 21006.37
21005.91 21007.60
21005.91 21007.60
21007.56 21008.19
21005.40 21007.10
21005.40 21007.10
21005.40 21007.10
21005.17 21006.33
21001.91 21003.09
21001.91 21003.09
