21090.64 21092.11
21090.64 21092.11
21092.12 21093.63
21092.12 21093.63
21093.81 21094.44
21093.81 21094.44
21094.13 21095.62
21093.13 21094.62
21093.13 21094.62
21094.12 21095.63
21094.12 21095.63
21094.91 21096.09
21096.16 21097.35
21096.16 21097.35
21097.64 21099.11
21098.89 21100.36
21098.89 21100.36
21098.16 21099.34
21098.15 21099.35
21098.15 21099.35
21098.91 21100.10
21096.17 21097.33
21096.17 21097.33
21099.41 21100.59
21099.41 21100.59
21101.67 21102.83
21100.13 21101.62
21100.13 21101.62
21098.66 21099.84
21098.41 21099.59
21098.41 21099.59
21095.15 21096.35
21095.15 21096.35
21091.41 21092.59
21093.17 21094.33
21093.17 21094.33
21090.89 21092.36
21091.88 21093.37
21091.88 21093.37
21093.66 21094.84
21093.38 21094.87
21093.38 21094.87
21093.91 21095.09
21093.42 21094.58
21093.42 21094.58
21092.89 21094.36
21094.39 21095.86
21094.39 21095.86
21094.13 21095.62
21094.37 21095.88
21094.37 21095.88
21093.66 21094.85
21096.16 21097.34
21096.16 21097.34
21093.66 21094.84
21093.66 21094.84
21094.17 21095.33
21093.38 21094.88
21093.38 21094.88
21092.90 21094.60
21093.92 21095.08
21093.92 21095.08
21089.62 21091.13
21089.62 21091.13
21088.64 21090.11
21088.64 21090.11
21088.64 21090.11
21090.42 21091.58
21090.42 21091.58
21090.42 21091.58
21090.42 21091.58
21090.41 21091.59
21090.41 21091.59
21089.91 21091.09
21088.66 21089.85
21088.66 21089.85
21089.41 21090.59
21086.81 21087.44
21086.81 21087.44
21086.91 21088.09
21087.39 21088.86
21087.39 21088.86
21087.14 21088.61
21088.90 21090.10
21088.90 21090.10
21089.66 21090.85
21091.12 21092.63
21091.12 21092.63
21090.16 21091.34
21090.16 21091.34
21087.64 21089.11
21085.88 21087.38
21085.88 21087.38
21083.92 21085.08
21085.39 21086.86
21085.39 21086.86
21083.17 21084.34
21084.66 21085.84
21084.66 21085.84
21084.87 21086.38
21084.87 21086.38
21085.12 21086.63
21084.89 21086.36
21084.89 21086.36
21084.13 21085.62
21084.37 21085.88
21084.37 21085.88
21084.91 21086.09
21084.38 21085.87
21084.38 21085.87
21085.38 21086.88
21086.64 21088.11
21086.64 21088.11
21087.13 21088.62
21090.14 21091.61
21090.14 21091.61
21086.88 21088.37
21085.63 21087.12
21085.63 21087.12
21085.91 21087.09
21085.67 21086.83
21085.67 21086.83
21086.90 21088.10
21086.90 21088.10
21087.66 21088.84
21081.92 21083.08
21081.92 21083.08
21082.12 21083.63
21081.64 21083.11
21081.64 21083.11
21081.13 21082.63
21083.13 21084.62
21083.13 21084.62
21082.89 21084.36
21082.89 21084.36
21083.14 21084.61
21080.87 21082.38
21080.87 21082.38
21080.87 21082.38
21081.40 21082.60
21077.15 21078.35
21077.15 21078.35
21076.39 21077.86
21076.92 21078.08
21076.92 21078.08
21078.63 21080.13
21078.63 21080.13
21081.17 21082.33
21079.89 21081.61
21079.89 21081.61
21080.67 21081.83
21080.56 21081.19
21080.56 21081.19
21080.66 21081.84
21078.88 21080.37
21078.88 21080.37
21080.39 21081.86
21080.39 21081.86
21079.14 21080.61
21079.14 21080.61
21079.66 21080.84
21084.15 21085.35
21084.15 21085.35
21084.13 21085.63
21085.14 21086.61
21085.14 21086.61
21084.41 21085.59
21084.41 21085.59
21085.16 21086.35
21085.16 21086.35
21084.64 21086.11
21081.56 21082.19
21081.56 21082.19
21082.67 21083.83
21082.62 21084.13
21082.62 21084.13
21083.39 21084.86
21083.39 21084.86
21083.39 21084.86
21078.15 21079.35
21080.16 21081.34
21080.16 21081.34
21081.37 21082.88
21081.37 21082.88
21081.93 21083.08
21081.38 21082.88
21081.38 21082.88
21081.67 21082.83
21082.89 21084.36
21082.89 21084.36
21083.92 21085.08
21082.62 21084.13
21082.62 21084.13
21083.63 21085.12
21085.15 21086.35
21085.15 21086.35
21083.14 21084.61
21084.67 21085.83
21084.67 21085.83
21083.66 21084.84
21082.37 21083.88
21082.37 21083.88
21080.17 21081.33
21080.17 21081.33
21077.39 21078.86
21074.15 21075.86
21075.62 21077.13
21075.62 21077.13
21075.17 21076.33
21073.88 21075.38
21073.88 21075.38
21073.14 21074.61
21072.42 21073.58
21072.42 21073.58
21073.66 21074.84
21073.66 21074.84
21073.16 21074.34
21072.12 21073.63
21072.12 21073.63
21070.89 21072.36
21068.67 21069.84
21068.67 21069.84
21068.91 21070.09
21068.41 21069.59
21068.41 21069.59
21068.66 21069.84
21066.89 21068.36
21066.89 21068.36
21066.37 21067.88
21066.67 21067.83
21066.67 21067.83
21068.16 21069.34
21066.38 21067.87
21066.38 21067.87
21069.88 21071.38
21067.39 21068.86
21067.39 21068.86
21066.42 21067.58
21066.42 21067.58
21068.39 21069.86
21067.92 21069.08
21067.92 21069.08
21066.38 21067.87
21065.39 21066.86
21065.39 21066.86
21065.18 21066.33
21066.88 21068.37
21066.88 21068.37
21065.62 21067.13
21066.14 21067.61
21066.14 21067.61
21067.88 21069.37
21070.41 21071.60
21070.41 21071.60
21070.63 21072.12
21068.89 21070.36
21068.89 21070.36
21066.40 21067.60
21066.40 21067.60
21066.13 21067.62
21066.63 21068.12
21066.63 21068.12
21065.64 21067.11
21066.91 21068.10
21066.91 21068.10
21066.42 21067.58
21065.14 21066.61
21065.14 21066.61
21066.89 21068.36
21066.89 21068.36
21067.92 21069.08
21066.64 21068.11
21066.64 21068.11
21066.39 21067.86
21065.38 21066.88
21065.38 21066.88
21066.13 21067.63
21065.42 21066.58
21065.42 21066.58
21066.68 21067.83
21066.68 21067.83
21067.89 21069.36
21070.39 21071.86
21070.39 21071.86
21070.37 21071.88
21069.88 21071.37
21069.88 21071.37
21069.37 21070.88
21068.41 21069.59
21068.41 21069.59
21068.87 21070.38
21072.12 21073.63
21072.12 21073.63
21072.66 21073.84
21072.66 21073.84
21070.42 21071.58
21070.42 21071.58
21069.17 21070.33
21066.14 21067.61
21066.14 21067.61
21067.14 21068.61
21067.67 21068.83
21067.89 21069.36
21067.89 21069.36
21069.38 21070.88
