20992.88 20994.37
20992.88 20994.37
20992.67 20993.83
20992.67 20993.83
20992.13 20993.62
20992.13 20993.62
20992.88 20994.38
20992.39 20993.86
20992.39 20993.86
20992.39 20993.86
20995.88 20997.37
20995.88 20997.37
20995.89 20997.61
20992.41 20993.60
20992.41 20993.60
20989.64 20991.11
20987.89 20989.36
20987.89 20989.36
20983.87 20985.38
20982.66 20983.85
20982.66 20983.85
20983.39 20984.86
20983.39 20984.86
20983.89 20985.36
20983.89 20985.36
20984.13 20985.63
20986.41 20987.59
20986.41 20987.59
20986.39 20987.86
20986.38 20987.87
20986.38 20987.87
20986.89 20988.36
20987.89 20989.36
20987.89 20989.36
20987.63 20989.12
20989.39 20990.86
20989.39 20990.86
20987.39 20988.86
20987.39 20988.86
20989.14 20990.61
20986.13 20987.62
20986.13 20987.62
20986.91 20988.09
20987.68 20988.83
20987.68 20988.83
20988.89 20990.36
20988.89 20990.36
20990.88 20992.38
20993.39 20994.86
20993.39 20994.86
20992.39 20993.86
20991.63 20993.12
20991.63 20993.12
20992.13 20993.63
20991.66 20992.84
20991.66 20992.84
20991.39 20992.86
20991.92 20993.08
20991.92 20993.08
20990.42 20991.58
20991.88 20993.38
20991.88 20993.38
20990.89 20992.36
20990.89 20992.36
20992.63 20994.12
20994.91 20996.10
20994.91 20996.10
20988.89 20990.36
20989.88 20991.37
20989.88 20991.37
20989.66 20990.85
20989.89 20991.36
20989.89 20991.36
20992.66 20993.84
20991.14 20992.61
20991.14 20992.61
20991.91 20993.09
20992.89 20994.36
20992.89 20994.36
20993.87 20995.38
20994.88 20996.37
20994.88 20996.37
20992.64 20994.11
20993.12 20994.63
20993.12 20994.63
20993.38 20994.88
20994.64 20996.11
20994.64 20996.11
20995.88 20997.37
20997.88 20999.38
20997.88 20999.38
20998.39 20999.86
20998.39 20999.86
20997.63 20999.12
20997.63 20999.12
20997.63 20999.12
20997.39 20998.86
20996.89 20998.36
20996.89 20998.36
20994.92 20996.08
20995.67 20996.83
20995.67 20996.83
20998.39 20999.86
20998.63 21000.12
20998.63 21000.12
21002.17 21003.33
21004.14 21005.61
21004.14 21005.61
21003.93 21005.08
21003.93 21005.08
21003.67 21004.83
21003.89 21005.36
21003.89 21005.36
21004.15 21005.35
21001.14 21002.61
21001.14 21002.61
21001.64 21003.11
21002.17 21003.33
21002.17 21003.33
21003.17 21004.33
20999.90 21001.10
20999.90 21001.10
20998.88 21000.37
20998.89 21000.36
20998.89 21000.36
21002.15 21003.35
21000.42 21001.58
21000.42 21001.58
20999.91 21001.09
21001.17 21002.33
21001.17 21002.33
21002.15 21003.35
21000.64 21002.36
21000.64 21002.36
21001.13 21002.62
21003.89 21005.36
21003.89 21005.36
21001.63 21003.12
21001.63 21003.12
21002.38 21003.87
21002.17 21003.33
21002.17 21003.33
21002.17 21003.33
21006.41 21007.60
21006.41 21007.60
21003.39 21004.86
21003.64 21005.11
21003.64 21005.11
21002.41 21003.59
21002.65 21003.85
21002.65 21003.85
21002.38 21003.87
21004.63 21006.12
21004.63 21006.12
21004.66 21005.84
21004.66 21005.84
21003.89 21005.36
21003.88 21005.37
21003.88 21005.37
21004.67 21005.83
21004.91 21006.10
21004.91 21006.10
21003.88 21005.38
21004.64 21006.11
21004.64 21006.11
21002.16 21003.35
20998.38 20999.87
20998.38 20999.87
20998.66 20999.84
21001.39 21002.86
21001.39 21002.86
21002.42 21003.58
21001.66 21002.84
21001.66 21002.84
21002.89 21004.36
21002.89 21004.36
21003.91 21005.10
21004.88 21006.38
21004.88 21006.38
21005.17 21006.33
21005.17 21006.33
21008.67 21009.83
21007.13 21008.63
21007.13 21008.63
21008.66 21010.34
21010.87 21012.38
21010.87 21012.38
21009.38 21010.87
21009.16 21010.34
21009.16 21010.34
21007.40 21009.10
21007.38 21008.87
21007.38 21008.87
21007.38 21008.88
21006.89 21008.36
21006.89 21008.36
21008.17 21009.33
21005.89 21007.36
21005.89 21007.36
21003.89 21005.36
21000.89 21002.36
21000.89 21002.36
21000.67 21001.83
21000.39 21001.86
21000.39 21001.86
21000.64 21002.11
21000.64 21002.11
21000.41 21001.60
21001.13 21002.62
21001.13 21002.62
21001.92 21003.08
21001.65 21002.85
21001.65 21002.85
21001.89 21003.36
21000.13 21001.62
21000.13 21001.62
21000.40 21001.60
21000.38 21001.87
21000.38 21001.87
21001.66 21002.84
21001.66 21002.84
21003.13 21004.63
21005.64 21007.11
21005.64 21007.11
21006.91 21008.09
21006.16 21007.35
21006.16 21007.35
21007.63 21009.12
21006.89 21008.36
21006.89 21008.36
21007.92 21009.08
21008.67 21009.83
21008.67 21009.83
21007.89 21009.36
21007.88 21009.37
21007.88 21009.37
21005.40 21006.60
21007.38 21008.87
21007.38 21008.87
21004.31 21004.94
21001.38 21002.87
21001.38 21002.87
21003.14 21004.61
21003.16 21004.34
21003.16 21004.34
20999.64 21001.11
20999.64 21001.11
21001.16 21002.35
21003.66 21004.84
21003.66 21004.84
21003.63 21005.12
21003.88 21005.38
21003.88 21005.38
21003.66 21004.84
21004.17 21005.33
21004.17 21005.33
21004.16 21005.34
21005.42 21006.58
21005.42 21006.58
21005.91 21007.10
21007.39 21008.86
21007.39 21008.86
21007.38 21008.87
21008.13 21009.62
21008.13 21009.62
21006.39 21007.86
21006.41 21007.59
21006.41 21007.59
21010.63 21012.12
21010.63 21012.12
21010.64 21012.11
21010.62 21012.13
21010.62 21012.13
21012.63 21014.13
21014.42 21015.58
21014.42 21015.58
21016.38 21017.87
21018.66 21019.84
21018.66 21019.84
21019.16 21020.35
21020.68 21021.83
21020.68 21021.83
21021.92 21023.08
21023.66 21024.84
21023.66 21024.84
21022.16 21023.35
21021.63 21023.13
21021.63 21023.13
21022.38 21023.87
21021.89 21023.36
21021.89 21023.36
21022.18 21023.33
21025.68 21026.83
21025.68 21026.83
21023.14 21024.61
21018.31 21018.94
21018.31 21018.94
21015.42 21016.58
21020.65 21021.85
21020.65 21021.85
21021.91 21023.09
21021.91 21023.09
21027.41 21028.59
