21040.17 21041.33
21040.17 21041.33
21040.15 21041.85
21040.15 21041.85
21040.15 21041.85
21040.73 21042.53
21040.73 21042.53
21040.38 21041.88
21040.14 21041.61
21040.14 21041.61
21038.92 21040.08
21038.92 21040.08
21038.72 21040.53
21038.72 21040.53
21038.97 21040.78
21038.90 21040.61
21038.90 21040.61
21038.88 21040.38
21038.88 21040.38
21039.64 21041.11
21039.65 21041.35
21039.65 21041.35
21039.63 21041.13
21039.63 21041.13
21039.38 21040.87
21038.66 21040.35
21038.66 21040.35
21039.15 21040.86
21039.15 21040.86
21039.64 21041.36
21039.64 21041.36
21039.66 21040.84
21039.66 21040.84
21039.41 21041.09
21039.41 21041.09
21039.16 21040.85
21038.91 21040.59
21038.91 21040.59
21038.15 21039.85
21038.15 21039.85
21038.15 21039.85
21038.40 21039.60
21038.40 21039.60
21038.40 21039.60
21038.40 21039.60
21038.40 21039.60
21038.16 21039.34
21038.16 21039.34
21038.14 21039.61
21038.14 21039.61
21038.14 21039.61
21037.88 21039.37
21037.88 21039.37
21038.56 21039.19
21038.56 21039.19
21036.64 21038.36
21037.14 21038.61
21037.14 21038.61
21037.15 21038.35
21037.15 21038.35
21036.89 21038.36
21036.88 21038.37
21036.88 21038.37
21036.40 21038.11
21036.41 21037.59
21036.41 21037.59
21035.64 21037.11
21035.64 21037.11
21035.91 21037.60
21035.91 21037.60
21036.17 21037.33
21036.40 21038.11
21036.40 21038.11
21036.87 21038.38
21036.87 21038.38
21037.16 21038.85
21037.38 21038.87
21037.38 21038.87
21037.15 21038.85
21037.14 21038.61
21037.14 21038.61
21037.16 21038.35
21037.16 21038.35
21036.65 21038.36
21037.63 21039.12
21037.63 21039.12
21038.14 21039.61
21037.40 21039.11
21037.40 21039.11
21037.40 21039.11
21037.91 21039.60
21037.91 21039.60
21037.89 21039.61
21037.87 21039.38
21037.87 21039.38
21037.88 21039.37
21037.88 21039.37
21037.71 21039.54
21037.71 21039.54
21038.16 21039.84
21038.40 21040.10
21038.40 21040.10
21037.16 21038.34
21037.16 21038.34
21037.06 21037.69
21037.06 21037.69
21036.12 21037.63
21035.91 21037.60
21035.91 21037.60
21035.64 21037.11
21035.64 21037.11
21035.64 21037.11
21035.90 21037.61
21035.89 21037.61
21035.89 21037.61
21036.14 21037.61
21035.41 21037.10
21035.41 21037.10
21034.63 21036.13
21034.63 21036.13
21031.39 21033.11
21032.39 21034.11
21032.39 21034.11
21031.91 21033.59
21032.13 21033.63
21032.13 21033.63
21033.13 21034.62
21033.13 21034.62
21033.64 21035.36
21033.64 21035.36
21034.14 21035.61
21034.41 21035.59
21034.41 21035.59
21034.65 21036.36
21034.89 21036.36
21034.89 21036.36
21034.89 21036.36
21034.12 21035.63
21034.12 21035.63
21032.66 21033.84
21032.66 21033.84
21032.14 21033.86
21032.64 21034.11
21032.64 21034.11
21034.15 21035.85
21033.89 21035.36
21033.89 21035.36
21034.14 21035.61
21034.14 21035.61
21034.14 21035.86
21034.14 21035.86
21034.16 21035.34
21034.14 21035.86
21034.14 21035.86
21033.41 21035.09
21033.16 21034.34
21033.16 21034.34
21033.66 21034.85
21033.66 21034.85
21033.15 21034.85
21033.15 21034.85
21033.13 21034.63
21033.13 21034.63
21033.16 21034.84
21032.90 21034.60
21032.90 21034.60
21032.90 21034.60
21033.13 21034.62
21033.13 21034.62
21033.14 21034.86
21033.14 21034.86
21033.38 21034.87
21033.38 21034.87
21033.16 21034.34
21032.91 21034.59
21032.91 21034.59
21032.90 21034.61
21031.40 21033.10
21031.40 21033.10
21032.64 21034.11
21032.89 21034.61
21032.89 21034.61
21033.48 21035.28
21033.41 21034.59
21033.41 21034.59
21032.89 21034.36
21032.89 21034.36
21031.87 21033.38
21032.64 21034.11
21032.64 21034.11
21031.89 21033.61
21031.89 21033.61
21032.38 21033.88
21032.38 21033.88
21033.56 21034.19
21033.56 21034.19
21033.88 21035.38
21033.88 21035.38
21034.40 21036.11
21034.40 21036.11
21034.91 21036.09
21034.91 21036.09
21034.64 21036.11
21035.97 21037.78
21035.97 21037.78
21036.21 21038.04
21036.21 21038.04
21036.89 21038.36
21036.89 21038.61
21036.89 21038.61
21037.14 21038.61
21037.14 21038.61
21037.14 21038.61
21037.64 21039.11
21037.64 21039.11
21037.13 21038.62
21037.13 21038.62
21036.14 21037.86
21037.16 21038.34
21037.16 21038.34
21036.64 21038.11
21036.64 21038.11
21037.13 21038.63
21037.13 21038.63
21036.65 21038.35
21036.65 21038.35
21035.41 21037.09
21035.41 21037.09
21034.91 21036.60
21034.91 21036.60
21034.89 21036.36
21035.39 21036.86
21035.39 21036.86
21035.39 21036.86
21036.40 21038.10
21036.40 21038.10
21036.40 21038.11
21036.40 21038.11
21035.64 21037.11
21034.89 21036.61
21034.89 21036.61
21033.13 21034.62
21032.90 21034.61
21032.90 21034.61
21032.90 21034.61
21033.67 21034.83
21033.67 21034.83
21033.98 21035.78
21034.38 21035.88
21034.38 21035.88
21035.64 21037.36
21036.14 21037.61
21036.14 21037.61
21036.16 21037.85
21036.16 21037.85
21035.89 21037.61
21035.89 21037.61
21035.89 21037.61
21036.41 21038.09
21036.40 21038.10
21036.40 21038.10
21036.16 21037.84
21036.41 21038.10
21036.41 21038.10
21036.65 21038.35
21036.65 21038.35
21036.65 21038.35
21036.91 21038.10
21036.91 21038.10
21036.64 21038.11
21036.64 21038.11
21036.63 21038.13
21036.62 21038.13
21036.62 21038.13
21036.63 21038.12
21037.18 21038.33
21037.18 21038.33
21036.90 21038.60
21036.90 21038.60
21036.90 21038.60
21037.14 21038.61
21037.14 21038.61
21037.14 21038.61
21037.66 21039.35
21037.66 21039.35
21037.90 21039.61
21038.14 21039.86
21038.14 21039.86
21038.14 21039.86
21038.14 21039.61
21038.14 21039.61
21037.87 21039.38
21038.14 21039.61
21038.14 21039.61
21036.90 21038.60
21036.90 21038.60
21035.97 21037.78
21035.97 21037.78
21035.97 21037.78
21035.90 21037.60
21035.90 21037.60
21034.88 21036.38
21034.88 21036.38
21034.88 21036.37
21034.88 21036.37
21034.40 21036.10
21034.89 21036.36
21034.89 21036.36
21034.15 21035.85
21033.16 21034.85
21033.16 21034.85
21034.39 21035.86
21034.16 21035.84
21034.16 21035.84
21034.14 21035.86
21034.14 21035.86
21035.89 21037.61
21036.65 21038.36
21036.65 21038.36
21036.72 21038.53
21036.89 21038.36
21036.89 21038.36
21036.65 21038.36
21036.65 21038.36
21035.89 21037.36
21035.88 21037.38
21035.88 21037.38
21035.37 21036.88
21035.37 21036.88
21035.89 21037.36
21035.90 21037.60
21035.90 21037.60
21035.90 21037.60
21035.90 21037.60
21035.89 21037.36
21035.63 21037.13
21035.63 21037.13
21035.64 21037.36
21035.64 21037.36
21036.30 21036.95
21036.30 21036.95
21035.46 21037.29
21035.39 21037.11
21035.39 21037.11
21035.98 21037.78
21035.98 21037.78
21035.40 21037.10
21035.64 21037.36
21035.64 21037.36
21035.87 21037.38
21035.87 21037.38
21036.39 21037.86
21036.39 21037.86
21036.64 21038.11
21036.64 21038.11
21035.64 21037.11
21035.91 21037.59
21035.91 21037.59
21035.64 21037.11
21035.64 21037.11
21036.89 21038.36
21036.89 21038.36
21036.64 21038.11
21036.64 21038.11
21036.64 21038.11
21036.66 21038.34
21036.66 21038.34
21035.89 21037.36
21035.89 21037.36
21035.65 21037.35
21035.65 21037.35
21035.96 21037.79
21036.41 21038.10
21036.41 21038.10
21036.41 21038.10
21036.39 21037.86
21036.42 21037.58
21036.42 21037.58
21036.42 21037.58
21037.14 21038.61
21037.14 21038.61
21037.30 21037.95
21037.30 21037.95
21037.30 21037.95
21037.14 21038.61
21037.14 21038.61
21037.14 21038.61
21037.14 21038.61
21036.90 21038.60
21036.90 21038.60
21036.88 21038.38
21036.88 21038.38
21037.12 21038.63
21037.12 21038.63
21037.14 21038.61
21037.14 21038.61
21036.90 21038.60
21036.90 21038.60
21036.91 21038.60
21036.91 21038.60
21036.91 21038.60
21037.64 21039.11
21037.64 21039.36
21037.64 21039.36
21037.66 21038.84
21037.66 21038.84
21036.89 21038.61
21036.89 21038.61
21036.64 21038.36
21036.64 21038.36
21036.91 21038.59
21036.91 21038.59
21036.88 21038.37
21036.90 21038.60
21036.90 21038.60
21036.90 21038.60
21035.66 21037.34
21035.66 21037.34
21036.64 21038.11
21036.64 21038.11
21035.38 21036.88
21035.38 21036.88
21035.65 21037.36
21035.65 21037.36
21035.63 21037.13
21035.63 21037.13
21035.64 21037.11
21036.14 21037.86
21036.14 21037.86
21036.15 21037.85
21036.65 21038.36
21036.65 21038.36
21036.64 21038.11
21036.64 21038.11
21035.65 21037.35
21035.65 21037.35
21035.65 21037.35
21036.97 21038.78
21037.64 21039.11
21037.64 21039.11
21037.15 21038.86
21037.64 21039.11
21037.64 21039.11
21036.88 21038.37
21036.88 21038.37
21036.66 21038.35
21036.66 21038.35
21036.91 21038.59
21036.91 21038.59
21036.21 21038.04
21036.16 21037.84
21036.16 21037.84
21037.14 21038.61
21037.14 21038.61
21037.14 21038.61
21037.14 21038.61
21037.40 21039.10
21037.40 21039.10
21037.40 21039.10
21037.40 21039.10
21037.40 21039.10
21038.14 21039.86
21037.98 21039.78
21037.98 21039.78
21038.63 21040.13
21038.63 21040.13
21038.64 21040.36
21038.16 21039.85
21038.16 21039.85
21038.64 21040.11
21038.63 21040.13
21038.63 21040.13
21038.15 21039.85
21038.15 21039.85
21037.14 21038.61
21037.14 21038.61
21037.18 21038.33
21035.91 21037.60
21035.91 21037.60
21035.91 21037.60
21036.15 21037.85
21036.14 21037.61
21036.14 21037.61
21036.41 21038.10
21036.41 21038.10
21036.14 21037.86
21036.23 21038.03
21036.23 21038.03
21036.41 21038.09
21036.38 21037.87
21036.38 21037.87
21037.89 21039.36
21037.89 21039.36
21039.89 21041.61
21040.89 21042.36
21040.89 21042.36
21041.92 21043.08
21041.92 21043.08
21041.92 21043.08
21041.64 21043.11
21041.88 21043.37
21041.88 21043.37
21042.17 21043.33
21042.14 21043.61
21042.14 21043.61
21042.14 21043.61
21042.14 21043.61
21042.14 21043.61
21041.14 21042.86
21041.14 21042.86
21040.38 21041.87
21040.38 21041.87
21040.40 21042.10
21040.66 21042.34
21040.66 21042.34
21040.63 21042.12
21040.38 21041.88
21040.38 21041.88
21040.41 21042.10
21040.41 21042.10
21040.63 21042.12
21038.64 21040.36
21038.64 21040.36
21039.37 21040.88
21039.37 21040.88
21039.66 21041.34
21039.66 21041.34
21040.68 21041.83
21040.68 21041.83
21040.64 21042.11
21040.64 21042.11
21040.89 21042.36
21040.89 21042.36
21040.89 21042.36
21040.15 21041.86
21040.88 21042.38
21040.88 21042.38
21040.81 21041.44
21040.64 21042.11
21040.64 21042.11
21040.64 21042.11
21040.13 21041.62
21040.13 21041.62
21040.68 21041.83
21040.68 21041.83
21040.88 21042.38
21040.64 21042.11
21040.64 21042.11
21040.64 21042.11
21040.91 21042.09
21040.91 21042.09
21040.13 21041.62
21040.13 21041.62
21040.41 21041.60
21040.41 21041.60
21041.41 21042.59
21041.41 21042.59
21041.66 21043.34
21042.14 21043.61
21042.14 21043.61
21042.13 21043.63
21042.13 21043.63
21041.91 21043.59
21041.91 21043.59
21042.65 21044.35
21042.65 21044.35
21042.13 21043.62
21042.13 21043.62
21042.13 21043.62
21042.13 21043.62
21042.41 21044.10
21042.41 21044.10
21042.65 21044.35
21042.65 21044.35
21042.39 21044.11
21042.39 21044.11
21042.39 21044.11
21042.67 21043.83
21042.67 21043.83
21042.16 21043.84
21042.15 21043.85
21042.15 21043.85
21042.16 21043.85
21042.14 21043.86
21042.14 21043.86
21040.89 21042.61
21040.89 21042.61
21040.64 21042.11
21040.64 21042.11
21040.39 21041.86
21040.39 21041.86
21040.39 21041.86
21040.40 21042.10
21040.40 21042.10
21040.14 21041.61
21040.14 21041.61
21040.13 21041.63
21040.13 21041.63
21040.14 21041.61
21040.14 21041.61
21040.14 21041.61
21039.88 21041.37
21039.88 21041.37
21039.89 21041.61
21039.89 21041.61
21039.88 21041.37
21040.41 21042.09
21040.41 21042.09
21039.90 21041.60
21039.90 21041.60
21039.90 21041.60
21039.90 21041.60
21039.93 21041.08
21039.93 21041.08
21039.39 21041.11
21039.39 21041.11
21039.41 21041.09
21039.66 21041.35
21039.66 21041.35
21039.39 21040.86
21038.88 21040.37
21038.88 21040.37
21038.88 21040.37
21038.66 21040.35
