20987.40 20988.60
20987.40 20988.60
20987.40 20988.60
20987.89 20989.36
20987.89 20989.36
20988.13 20989.63
20988.13 20989.63
20986.14 20987.61
20986.14 20987.61
20986.14 20987.61
20986.13 20987.62
20986.13 20987.62
20985.63 20987.12
20985.63 20987.12
20986.88 20988.37
20986.88 20988.37
20986.88 20988.37
20986.88 20988.37
20986.39 20987.86
20986.39 20987.86
20986.39 20987.86
20986.66 20987.84
20986.66 20987.84
20986.14 20987.61
20986.14 20987.61
20986.38 20987.88
20986.38 20987.88
20986.17 20987.34
20986.17 20987.34
20985.40 20986.60
20985.40 20986.60
20985.40 20986.60
20985.41 20986.59
20985.41 20986.59
20986.18 20987.33
20986.18 20987.33
20985.91 20987.09
20985.91 20987.09
20985.91 20987.09
20985.91 20987.09
20985.91 20987.09
20985.91 20987.09
20985.92 20987.09
20986.14 20987.61
20986.14 20987.61
20986.14 20987.61
20986.16 20987.34
20986.16 20987.34
20986.16 20987.34
20985.88 20987.37
20985.91 20987.09
20985.91 20987.09
20985.91 20987.09
20985.91 20987.09
20985.91 20987.09
20985.91 20987.09
20985.64 20987.11
20985.64 20987.11
20984.67 20985.84
20984.67 20985.84
20984.66 20985.84
20984.66 20985.84
20984.39 20985.86
20984.39 20985.86
20984.14 20985.61
20984.14 20985.61
20983.63 20985.12
20983.63 20985.12
20983.91 20985.09
20983.91 20985.09
20983.88 20985.37
20983.88 20985.37
20984.15 20985.35
20984.15 20985.35
20984.15 20985.35
20984.15 20985.35
20984.15 20985.35
20983.88 20985.37
20983.88 20985.37
20983.88 20985.37
20983.88 20985.37
20983.91 20985.09
20983.91 20985.09
20983.91 20985.09
20982.91 20984.09
20983.14 20984.61
20983.14 20984.61
20983.88 20985.38
20983.88 20985.38
20983.43 20984.58
20983.43 20984.58
20983.56 20984.19
20983.56 20984.19
20983.43 20984.58
20983.43 20984.58
20984.38 20985.87
20984.38 20985.87
20984.37 20985.88
20984.37 20985.88
20984.41 20985.60
20984.41 20985.60
20984.41 20985.60
20984.42 20985.58
20984.42 20985.58
20984.42 20985.59
20984.39 20985.86
20984.39 20985.86
20984.88 20986.37
20984.88 20986.37
20985.18 20986.33
20985.18 20986.33
20985.56 20986.19
20985.56 20986.19
20985.56 20986.19
20985.56 20986.19
20985.87 20987.38
20985.87 20987.38
20985.87 20987.38
20985.87 20987.38
20985.89 20987.36
20985.13 20986.63
20985.13 20986.63
20985.16 20986.34
20985.41 20986.59
20985.41 20986.59
20987.13 20988.62
20987.13 20988.62
20987.16 20988.34
20987.16 20988.34
20986.93 20988.08
20986.93 20988.08
20987.05 20987.70
20987.05 20987.70
20985.38 20986.87
20985.38 20986.87
20985.38 20986.87
20985.66 20986.84
20985.66 20986.84
20985.66 20986.85
20985.66 20986.85
20985.39 20986.86
20985.39 20986.86
20985.14 20986.61
20985.38 20986.88
20985.38 20986.88
20985.38 20986.88
20985.38 20986.88
20985.66 20986.84
20985.66 20986.84
20985.66 20986.84
20985.65 20986.85
20985.65 20986.85
20985.18 20986.33
20986.06 20986.69
20986.06 20986.69
20985.88 20987.37
20985.88 20987.37
20986.91 20988.09
20986.91 20988.09
20986.88 20988.37
20986.88 20988.37
20986.62 20988.13
20985.88 20987.38
20985.88 20987.38
20986.16 20987.34
20986.16 20987.34
20985.64 20987.11
20985.64 20987.11
20987.16 20988.34
20986.89 20988.36
20986.89 20988.36
20986.66 20987.85
20986.66 20987.85
20986.66 20987.85
20986.39 20987.86
20985.89 20987.36
20985.89 20987.36
20985.66 20986.84
20985.66 20986.84
20986.18 20987.33
20986.14 20987.61
20986.14 20987.61
20985.89 20987.36
20985.89 20987.36
20986.18 20987.33
20987.16 20988.34
20987.16 20988.34
20987.16 20988.34
20986.90 20988.10
20986.90 20988.10
20986.93 20988.08
20986.93 20988.08
20986.64 20988.11
20986.64 20988.11
20986.37 20987.88
20985.91 20987.09
20985.91 20987.09
20985.39 20986.86
20985.39 20986.86
20984.88 20986.37
20984.88 20986.37
20985.16 20986.34
20985.16 20986.34
20985.16 20986.34
20985.39 20986.86
20985.39 20986.86
20985.42 20986.59
20985.42 20986.59
20984.67 20985.84
20985.17 20986.33
20985.17 20986.33
20984.92 20986.09
20984.92 20986.09
20985.31 20985.94
20985.31 20985.94
20985.06 20985.70
20985.06 20985.70
20984.66 20985.85
20984.66 20985.85
20985.41 20986.59
20985.41 20986.59
20985.91 20987.09
20985.67 20986.84
20985.67 20986.84
20985.67 20986.84
20985.66 20986.84
20985.66 20986.84
20985.66 20986.84
20985.66 20986.84
20985.62 20987.13
20985.39 20986.86
20984.66 20985.84
20984.66 20985.84
20984.41 20985.59
20984.41 20985.59
20983.88 20985.38
20983.88 20985.38
20984.14 20985.61
20983.89 20985.36
20983.89 20985.36
20983.67 20984.84
20983.67 20984.84
20983.67 20984.84
20983.89 20985.36
20984.31 20984.94
20984.31 20984.94
20983.37 20984.88
20983.37 20984.88
20983.91 20985.09
20984.64 20986.11
20984.64 20986.11
20984.81 20985.44
20984.81 20985.44
20984.81 20985.44
20984.41 20985.59
20984.42 20985.58
20984.42 20985.58
20984.41 20985.59
20984.41 20985.59
20984.41 20985.59
20984.17 20985.34
20984.17 20985.34
20983.41 20984.59
20983.41 20984.59
20983.41 20984.59
20983.15 20984.35
20983.56 20984.19
20983.56 20984.19
20982.62 20984.13
20982.62 20984.13
20982.89 20984.36
20982.89 20984.36
20983.67 20984.84
20983.67 20984.84
20983.16 20984.34
20983.16 20984.34
20983.39 20984.86
20983.91 20985.09
20983.91 20985.09
20983.41 20984.59
20983.41 20984.59
20983.41 20984.59
20983.42 20984.59
20983.14 20984.61
20983.14 20984.61
20983.14 20984.61
20983.17 20984.34
20983.13 20984.62
20983.13 20984.62
20983.13 20984.62
20983.13 20984.62
20983.13 20984.62
20983.13 20984.62
20983.87 20985.38
20983.87 20985.38
20982.66 20983.84
20982.66 20983.84
20983.17 20984.34
20983.17 20984.34
20983.55 20984.20
20984.06 20984.69
20984.06 20984.69
20984.05 20984.70
20984.06 20984.69
20984.06 20984.69
20983.14 20984.61
20983.14 20984.61
20983.14 20984.61
20983.17 20984.33
20983.17 20984.33
20983.31 20983.94
20983.31 20983.94
20982.39 20984.11
20982.39 20984.11
20982.91 20984.09
20983.66 20984.84
20983.66 20984.84
20983.66 20984.84
20984.06 20984.69
20984.06 20984.69
20984.55 20985.20
20984.55 20985.20
20984.55 20985.20
20983.66 20984.84
20983.66 20984.84
20983.66 20984.84
20983.66 20984.84
20983.66 20984.84
20984.06 20984.69
20984.06 20984.69
20984.06 20984.69
20984.06 20984.69
20984.06 20984.69
20983.67 20984.84
20983.80 20984.45
20983.80 20984.45
20983.55 20984.20
20983.56 20984.19
20983.56 20984.19
20983.81 20984.44
20983.81 20984.44
20983.81 20984.44
20983.81 20984.44
20983.81 20984.44
20983.81 20984.44
20983.81 20984.44
20983.43 20984.58
20983.43 20984.58
20983.67 20984.84
20983.67 20984.84
20984.16 20985.34
20983.42 20984.59
20983.42 20984.59
20983.17 20984.33
20983.17 20984.33
20982.92 20984.09
20982.92 20984.09
20982.81 20983.44
20982.81 20983.44
20982.55 20983.20
20982.55 20983.20
20982.55 20983.20
20977.92 20979.09
20977.92 20979.09
20978.06 20978.69
20977.42 20978.59
20977.42 20978.59
20977.62 20979.13
20977.41 20978.59
20977.41 20978.59
20977.14 20978.61
20977.14 20978.61
20977.41 20978.59
20977.41 20978.59
20977.41 20978.59
20978.18 20979.33
20978.18 20979.33
20978.18 20979.33
20978.18 20979.33
20978.65 20979.85
20978.65 20979.85
20978.30 20978.95
20978.30 20978.95
20978.41 20979.59
20978.17 20979.34
20978.17 20979.34
20978.66 20979.84
20978.66 20979.84
20978.66 20979.84
20978.66 20979.84
20978.66 20979.84
20978.66 20979.84
20978.66 20979.84
20979.05 20979.70
20978.63 20980.12
20978.63 20980.12
20978.93 20980.08
20978.93 20980.08
20979.31 20979.94
20979.31 20979.94
20979.31 20979.94
20979.66 20980.84
20979.91 20981.09
20979.91 20981.09
20979.92 20981.09
20979.92 20981.09
20979.91 20981.09
20979.91 20981.09
20979.91 20981.09
20979.91 20981.10
20978.38 20979.87
20978.66 20979.84
20978.66 20979.84
20977.66 20978.84
20977.66 20978.84
20977.43 20978.58
20977.43 20978.58
20977.64 20979.11
20977.67 20978.84
20977.67 20978.84
20977.89 20979.36
20977.89 20979.36
20978.13 20979.63
20978.13 20979.63
20978.41 20979.59
20978.41 20979.59
20978.41 20979.60
20977.41 20978.59
20977.41 20978.59
20977.92 20979.09
20977.92 20979.09
20977.39 20978.86
20977.39 20978.86
20978.30 20978.95
20978.30 20978.95
20977.87 20979.38
20977.87 20979.38
20978.39 20979.86
20978.39 20979.86
20978.15 20979.35
20978.15 20979.35
20978.56 20979.20
20978.56 20979.20
20978.17 20979.33
20978.15 20979.35
20978.15 20979.35
20978.14 20979.61
20978.14 20979.61
20978.43 20979.58
20978.43 20979.58
20978.66 20979.84
20978.66 20979.84
20978.66 20979.84
20978.63 20980.13
20978.63 20980.13
20978.64 20980.11
20978.64 20980.11
20978.39 20979.86
20978.39 20979.86
20978.13 20979.62
20978.39 20979.86
20978.39 20979.86
20978.39 20979.86
20978.37 20979.88
20978.37 20979.88
20977.89 20979.36
20977.91 20979.09
20977.91 20979.09
20977.55 20978.20
20977.55 20978.20
20976.91 20978.10
20976.91 20978.10
20976.89 20978.36
20976.89 20978.36
20976.67 20977.84
20977.13 20978.63
20977.13 20978.63
20977.17 20978.34
20977.17 20978.34
20977.41 20978.59
20977.93 20979.08
20977.93 20979.08
20977.91 20979.09
20977.91 20979.09
20978.16 20979.35
20978.16 20979.35
20978.16 20979.35
20978.41 20979.59
20978.41 20979.59
20978.41 20979.60
20978.41 20979.60
20978.41 20979.60
20978.41 20979.60
20978.41 20979.60
20978.41 20979.59
20978.41 20979.59
20979.87 20981.38
20980.91 20982.09
20980.91 20982.09
20980.89 20982.36
20980.89 20982.36
20980.89 20982.36
20980.89 20982.36
20981.13 20982.62
20981.55 20982.20
20981.55 20982.20
20980.64 20982.11
20980.64 20982.11
20980.64 20982.11
20980.90 20982.10
20980.92 20982.09
20980.92 20982.09
20980.16 20981.34
20980.16 20981.34
20980.41 20981.59
20979.89 20981.36
20979.89 20981.36
20979.89 20981.36
20979.89 20981.36
20979.89 20981.36
20979.66 20980.84
20979.66 20980.84
20980.06 20980.69
20980.06 20980.69
20980.06 20980.69
20980.06 20980.69
20979.92 20981.09
20979.92 20981.09
20980.16 20981.34
20980.16 20981.34
20980.06 20980.69
20980.06 20980.69
20980.13 20981.62
20980.13 20981.62
20980.39 20981.86
20980.39 20981.86
20980.93 20982.08
20980.93 20982.08
20980.93 20982.08
20979.64 20981.11
20979.64 20981.11
20978.91 20980.09
20978.91 20980.09
20978.66 20979.84
20978.66 20979.84
20977.91 20979.09
20977.91 20979.09
20977.91 20979.09
20977.91 20979.09
20977.92 20979.08
20977.92 20979.08
20977.68 20978.83
20977.68 20978.83
20976.55 20977.20
20975.67 20976.84
20975.67 20976.84
20976.89 20978.61
20976.67 20977.84
20976.67 20977.84
20976.41 20977.59
20976.41 20977.59
20976.68 20977.83
20976.62 20978.13
20976.62 20978.13
20977.14 20978.61
20977.14 20978.61
20977.16 20978.84
20977.16 20978.84
20976.87 20978.38
20976.87 20978.38
20977.64 20979.11
20977.67 20978.84
20977.67 20978.84
20977.68 20978.83
20976.89 20978.36
20976.89 20978.36
20977.66 20978.84
20977.66 20978.84
20977.66 20978.84
20977.67 20978.84
20977.67 20978.84
20977.37 20978.88
20977.37 20978.88
20977.39 20978.86
20977.39 20978.86
20977.18 20978.33
20977.18 20978.33
20977.18 20978.33
20977.18 20978.33
20977.67 20978.84
20976.41 20977.60
20976.41 20977.60
20977.66 20978.84
20979.15 20980.35
20979.15 20980.35
20980.39 20981.86
20980.39 20981.86
20980.91 20982.09
20980.91 20982.09
20980.91 20982.09
20983.41 20984.59
20984.37 20985.88
20984.37 20985.88
20984.38 20985.88
20984.14 20985.61
20984.14 20985.61
20984.68 20985.83
20984.68 20985.83
20984.66 20985.84
20984.66 20985.84
20985.38 20986.87
20986.39 20987.86
20986.39 20987.86
20988.64 20990.11
20991.15 20992.35
20991.15 20992.35
20992.38 20993.87
20990.89 20992.36
20990.89 20992.36
20984.64 20986.11
20984.64 20986.11
