20751.14 20752.61
20751.14 20752.61
20749.47 20751.28
20749.47 20751.28
20748.89 20750.36
20749.40 20751.10
20749.40 20751.10
20749.64 20751.11
20750.14 20751.61
20750.14 20751.61
20749.17 20750.33
20749.17 20750.33
20748.13 20749.63
20746.90 20748.60
20746.90 20748.60
20742.38 20743.88
20745.40 20747.10
20745.40 20747.10
20741.91 20743.60
20741.66 20743.35
20741.66 20743.35
20740.98 20742.78
20740.98 20742.78
20743.72 20745.53
20742.91 20744.60
20742.91 20744.60
20744.89 20746.61
20744.16 20745.85
20744.16 20745.85
20744.66 20746.34
20744.64 20746.36
20744.64 20746.36
20744.66 20746.35
20744.14 20745.86
20744.14 20745.86
20744.16 20745.84
20744.88 20746.37
20744.88 20746.37
20744.66 20746.35
20744.66 20746.35
20745.22 20747.03
20745.22 20747.03
20745.90 20747.60
20744.41 20746.10
20744.41 20746.10
20743.66 20745.35
20742.73 20744.53
20742.73 20744.53
20743.65 20745.35
20743.90 20745.61
20743.90 20745.61
20744.87 20746.38
20744.22 20746.03
20744.22 20746.03
20744.97 20746.78
20744.97 20746.78
20744.14 20745.61
20744.16 20745.85
20744.16 20745.85
20743.14 20744.86
20742.66 20744.35
20742.66 20744.35
20742.39 20743.86
20741.62 20743.13
20741.62 20743.13
20741.90 20743.61
20741.91 20743.60
20741.91 20743.60
20743.39 20744.86
20744.40 20746.10
20744.40 20746.10
20744.91 20746.60
20744.91 20746.60
20744.91 20746.60
20745.64 20747.11
20745.64 20747.11
20745.14 20746.61
20745.41 20747.10
20745.41 20747.10
20745.38 20746.88
20746.47 20748.28
20746.47 20748.28
20745.89 20747.61
20746.38 20747.87
20746.38 20747.87
20746.16 20747.85
20747.88 20749.38
20747.88 20749.38
20748.40 20750.10
20748.40 20750.10
20747.90 20749.61
20748.16 20749.85
20748.16 20749.85
20747.89 20749.36
20747.89 20749.36
20748.78 20750.73
20750.91 20752.60
20750.91 20752.60
20750.91 20752.60
20750.91 20752.60
20751.13 20752.62
20750.23 20752.03
20750.23 20752.03
20748.97 20750.78
20748.66 20750.34
20748.66 20750.34
20749.71 20751.54
20750.14 20751.61
20750.14 20751.61
20750.90 20752.61
20750.90 20752.61
20749.89 20751.36
20750.41 20752.09
20750.41 20752.09
20749.38 20750.87
20749.38 20750.87
20747.91 20749.60
20747.71 20749.54
20747.71 20749.54
20747.66 20749.35
20747.66 20749.35
20747.66 20749.35
20746.63 20748.13
20745.65 20747.36
20745.65 20747.36
20744.15 20745.85
20742.91 20744.60
20742.91 20744.60
20742.15 20743.86
20746.91 20748.59
20746.91 20748.59
20747.38 20748.87
20747.38 20748.87
20747.78 20749.72
20748.22 20750.03
20747.90 20749.61
20747.90 20749.61
20749.53 20751.48
20749.53 20751.48
20749.13 20750.63
20748.40 20750.10
20748.40 20750.10
20750.47 20752.28
20750.89 20752.36
20750.89 20752.36
20750.66 20752.34
20750.22 20752.03
20750.22 20752.03
20750.66 20752.35
20750.66 20752.35
20746.16 20747.84
20744.48 20746.28
20744.48 20746.28
20744.73 20746.53
20746.23 20748.03
20746.23 20748.03
20746.90 20748.61
20748.16 20749.85
20748.16 20749.85
20747.65 20749.35
20747.65 20749.35
20747.39 20748.86
20747.46 20749.29
20747.46 20749.29
20749.66 20751.34
20749.66 20751.34
20750.64 20752.36
20751.16 20752.85
20751.16 20752.85
20749.97 20751.78
20748.65 20750.35
20748.65 20750.35
20748.14 20749.61
20748.14 20749.61
20750.63 20752.12
20748.47 20750.28
20748.47 20750.28
20749.03 20750.97
20749.03 20750.97
20749.21 20751.04
20748.40 20750.10
20748.40 20750.10
20749.90 20751.60
20749.64 20751.11
20749.64 20751.11
20748.63 20750.13
20748.63 20750.13
20749.14 20750.61
20748.97 20750.78
20748.97 20750.78
20747.66 20748.84
20747.66 20748.84
20746.40 20748.10
20746.72 20748.53
20746.72 20748.53
20746.39 20747.86
20747.13 20748.63
20747.13 20748.63
20745.15 20746.85
20746.92 20748.09
20746.92 20748.09
20746.92 20748.09
20745.98 20747.78
20745.46 20747.29
20745.46 20747.29
20744.39 20745.86
20744.39 20745.86
20743.48 20745.28
20743.48 20745.28
20743.48 20745.28
20744.22 20746.03
20744.22 20746.03
20744.22 20746.03
20744.88 20746.38
20744.39 20746.11
20744.39 20746.11
20745.89 20747.36
20746.16 20747.85
20746.16 20747.85
20745.91 20747.60
20743.90 20745.60
20743.90 20745.60
20743.13 20744.62
20743.13 20744.62
20742.16 20743.84
20741.63 20743.12
20741.63 20743.12
20741.16 20742.85
20741.78 20743.72
20741.78 20743.72
20741.16 20742.84
20741.16 20742.84
20742.62 20744.13
20742.67 20743.83
20742.67 20743.83
20743.16 20744.85
20743.16 20744.85
20743.14 20744.86
20744.14 20745.61
20744.14 20745.61
20742.90 20744.60
20743.13 20744.63
20743.13 20744.63
20744.66 20746.34
20744.66 20746.34
20742.92 20744.08
20742.92 20744.08
20743.12 20744.63
20741.66 20743.34
20741.66 20743.34
20741.39 20742.86
20741.63 20743.12
20741.63 20743.12
20741.71 20743.54
20741.71 20743.54
20741.90 20743.61
20744.13 20745.62
20744.13 20745.62
20740.90 20742.61
20740.41 20742.10
20740.41 20742.10
20740.21 20742.04
20741.40 20743.10
20741.40 20743.10
20741.47 20743.28
20741.47 20743.28
20740.13 20741.62
20740.13 20741.62
20740.31 20740.95
20740.31 20740.95
20737.91 20739.59
20739.39 20740.86
20739.39 20740.86
20738.47 20740.28
20737.98 20739.78
20737.98 20739.78
20737.03 20738.97
20736.96 20738.79
20736.96 20738.79
20736.72 20738.53
20736.72 20738.53
20737.15 20738.85
20737.15 20738.85
20736.16 20737.84
20736.67 20737.84
20736.67 20737.84
20735.91 20737.60
20735.91 20737.60
20737.64 20739.36
20735.39 20737.11
20735.39 20737.11
20735.38 20736.88
20735.38 20736.88
20734.64 20736.36
20734.39 20736.11
20734.39 20736.11
20734.89 20736.61
20734.89 20736.61
20734.91 20736.59
20736.65 20738.35
20736.65 20738.35
20736.64 20738.11
20736.64 20738.11
20736.66 20738.35
20736.41 20738.10
20736.41 20738.10
20735.14 20736.86
20734.22 20736.03
20734.22 20736.03
20734.89 20736.61
20734.89 20736.61
20732.91 20734.60
20733.64 20735.11
20733.64 20735.11
20732.91 20734.59
20730.96 20732.79
20730.96 20732.79
20731.64 20733.36
20731.64 20733.36
20730.41 20732.10
20727.14 20728.86
20727.14 20728.86
20727.16 20728.84
20726.91 20728.59
20726.91 20728.59
20726.89 20728.61
20726.66 20728.35
20726.66 20728.35
20726.97 20728.78
20727.16 20728.85
20727.16 20728.85
20727.64 20729.36
20727.91 20729.60
20727.91 20729.60
20727.39 20728.86
20726.91 20728.59
20726.91 20728.59
20727.22 20729.03
20727.22 20729.03
20726.53 20728.48
20726.53 20728.48
20726.53 20728.48
20728.14 20729.86
20726.64 20728.36
20726.64 20728.36
20725.72 20727.53
20725.39 20726.86
20725.39 20726.86
20726.41 20728.10
20726.41 20728.10
20726.53 20728.47
20726.64 20728.36
20726.64 20728.36
20726.48 20728.28
20726.23 20728.03
20726.23 20728.03
20726.66 20728.34
20727.28 20729.22
20727.28 20729.22
20726.15 20727.86
20726.14 20727.61
20726.14 20727.61
20726.53 20728.47
20726.53 20728.47
20727.89 20729.61
20727.89 20729.61
20728.92 20730.08
20727.89 20729.61
20729.78 20731.72
20729.78 20731.72
20730.66 20732.35
20729.39 20730.86
20729.39 20730.86
20731.16 20732.84
20731.65 20733.35
20731.65 20733.35
20731.41 20733.09
20731.41 20733.09
20730.97 20732.78
20731.28 20733.22
20731.28 20733.22
20730.73 20732.53
20732.39 20734.11
20732.39 20734.11
20731.91 20733.60
20731.91 20733.60
20732.28 20734.22
20732.28 20734.22
20731.97 20733.78
20731.97 20733.78
20732.98 20734.78
20734.91 20736.60
20734.91 20736.60
20733.89 20735.61
20735.15 20736.85
20735.15 20736.85
20733.64 20735.36
20733.64 20735.36
20734.53 20736.47
20734.53 20736.47
20734.91 20736.59
20734.97 20736.78
20734.97 20736.78
20734.97 20736.78
20734.97 20736.78
20734.97 20736.78
20734.97 20736.78
20734.96 20736.79
20734.63 20736.13
20734.63 20736.13
20735.23 20737.03
20735.41 20737.10
20735.41 20737.10
20735.41 20737.10
20735.65 20737.35
20735.78 20737.73
20735.78 20737.73
20735.28 20737.22
20735.28 20737.22
20734.97 20736.78
20732.28 20734.22
20732.28 20734.22
20732.53 20734.48
20732.53 20734.48
20734.39 20736.11
20734.16 20735.84
20734.16 20735.84
20734.16 20735.84
20734.98 20736.78
20736.48 20738.28
20736.48 20738.28
20738.13 20739.62
20738.13 20739.62
20735.03 20736.97
20735.03 20736.97
20734.73 20736.53
20736.88 20739.12
20736.88 20739.12
20740.89 20742.36
20740.89 20742.36
20740.23 20742.03
20741.40 20743.11
20741.40 20743.11
20741.53 20743.47
20741.53 20743.47
20741.41 20743.10
20740.48 20742.28
20740.48 20742.28
20740.08 20742.17
20740.87 20742.38
20740.87 20742.38
20740.81 20741.44
20740.81 20741.44
20740.21 20742.04
20740.21 20742.04
20740.21 20742.04
20738.16 20739.84
20738.16 20739.84
20738.38 20739.87
20738.38 20739.87
20740.41 20742.09
20740.41 20742.09
20740.48 20742.28
20739.97 20741.78
20739.97 20741.78
20740.39 20742.11
20740.39 20742.11
20741.15 20742.35
20741.41 20743.10
20741.41 20743.10
20741.64 20743.11
20743.41 20745.09
20743.41 20745.09
20743.21 20745.04
20742.72 20744.53
20742.72 20744.53
20742.91 20744.60
20744.66 20746.34
20744.66 20746.34
20744.87 20746.38
20744.89 20746.36
20744.89 20746.36
20745.78 20747.72
20747.39 20749.11
20747.39 20749.11
20752.40 20754.10
20752.22 20754.03
20752.22 20754.03
20751.89 20753.61
20751.89 20753.61
20751.91 20753.60
20750.53 20752.47
20750.53 20752.47
20750.72 20752.53
20750.72 20752.53
20750.53 20752.48
20750.53 20752.48
20748.58 20750.67
20748.72 20750.53
20748.72 20750.53
20749.16 20750.85
20749.16 20750.85
20747.63 20749.12
20747.63 20749.12
20748.46 20750.29
20748.46 20750.29
20748.39 20750.11
20748.39 20750.11
20748.39 20750.11
20748.64 20750.11
20748.64 20750.11
20748.03 20749.97
20748.03 20749.97
20748.65 20750.36
20748.65 20750.36
20748.39 20750.11
20748.39 20750.11
20749.22 20751.03
20749.22 20751.03
20749.22 20751.03
20748.73 20750.53
20748.73 20750.53
20748.97 20750.78
20748.97 20750.78
20748.46 20750.29
20748.46 20750.29
20748.72 20750.53
20748.22 20750.03
20748.22 20750.03
20748.91 20750.60
20748.91 20750.60
20748.66 20750.35
20748.66 20750.35
20749.22 20751.03
20749.22 20751.03
20748.88 20750.38
20748.88 20750.38
20748.88 20750.38
20748.64 20750.36
20748.40 20750.10
20748.40 20750.10
20749.03 20750.98
20749.03 20750.98
20749.41 20751.10
20749.41 20751.10
20750.31 20750.94
20750.31 20750.94
20751.72 20753.53
20751.72 20753.53
20751.72 20753.53
20752.03 20753.98
20752.03 20753.98
20752.14 20753.61
20752.14 20753.61
20750.53 20752.48
20750.53 20752.48
20751.28 20753.22
20751.40 20753.10
20751.40 20753.10
20752.22 20754.03
20749.72 20751.53
20749.72 20751.53
20749.98 20751.78
20749.98 20751.78
20749.97 20751.78
20749.97 20751.78
20751.28 20753.23
20751.33 20753.42
20751.33 20753.42
20751.71 20753.54
20751.65 20753.35
20751.65 20753.35
20751.63 20753.12
20751.63 20753.12
20750.72 20752.53
20750.72 20752.53
20749.08 20751.17
20749.08 20751.17
20749.08 20751.17
20749.66 20751.35
20749.66 20751.35
20749.66 20751.35
20749.66 20751.35
20744.98 20746.78
20744.65 20746.36
20744.65 20746.36
20747.66 20749.34
20747.66 20749.34
20747.53 20749.47
20747.53 20749.47
20747.53 20749.47
20748.23 20750.03
20748.23 20750.03
20748.22 20750.03
20748.22 20750.03
20748.73 20750.53
20748.15 20749.85
20748.15 20749.85
20748.89 20750.61
20748.89 20750.61
20748.22 20750.03
20747.98 20749.78
20747.98 20749.78
20745.22 20747.03
20744.14 20745.86
20744.14 20745.86
20742.88 20744.37
20743.48 20745.28
20743.48 20745.28
20744.13 20745.63
20744.38 20745.88
20744.38 20745.88
20742.90 20744.60
20742.90 20744.60
20743.16 20744.85
20743.16 20744.85
20742.53 20744.47
20743.48 20745.28
20743.48 20745.28
20744.16 20745.85
20744.16 20745.85
