20722.64 20724.11
20722.64 20724.11
20723.14 20724.61
20723.14 20724.61
20723.89 20725.36
20723.15 20724.86
20723.15 20724.86
20722.38 20723.88
20723.63 20725.13
20723.63 20725.13
20723.88 20725.38
20723.88 20725.38
20724.15 20725.85
20723.97 20725.78
20723.97 20725.78
20724.39 20725.86
20724.39 20725.86
20724.65 20726.36
20724.65 20726.36
20725.64 20727.36
20726.66 20728.34
20726.66 20728.34
20726.65 20728.36
20726.65 20728.36
20726.90 20728.61
20727.38 20728.87
20727.38 20728.87
20731.62 20733.13
20732.15 20733.86
20732.15 20733.86
20732.15 20733.86
20732.38 20733.88
20732.14 20733.86
20732.14 20733.86
20732.91 20734.60
20733.63 20735.13
20733.23 20735.03
20733.23 20735.03
20733.14 20734.61
20733.14 20734.61
20733.89 20735.61
20732.91 20734.09
20732.91 20734.09
20733.03 20734.97
20731.56 20732.19
20731.56 20732.19
20730.64 20732.11
20729.14 20730.86
20729.14 20730.86
20729.41 20731.09
20729.41 20731.09
20728.90 20730.61
20728.90 20730.61
20731.13 20732.63
20731.13 20732.63
20731.39 20732.86
20732.16 20733.84
20732.16 20733.84
20731.40 20733.11
20731.40 20733.11
20731.64 20733.11
20731.66 20733.35
20731.66 20733.35
20731.14 20732.61
20731.14 20732.61
20731.39 20732.86
20731.15 20732.86
20731.15 20732.86
20731.15 20732.86
20731.89 20733.36
20731.89 20733.36
20732.65 20734.36
20732.65 20734.36
20732.39 20734.11
20734.39 20736.11
20734.39 20736.11
20734.16 20735.85
20735.64 20737.11
20735.64 20737.11
20735.65 20737.35
20735.47 20737.28
20735.47 20737.28
20735.90 20737.61
20735.90 20737.61
20736.63 20738.12
20736.88 20738.38
20736.88 20738.38
20737.22 20739.03
20737.88 20739.38
20737.88 20739.38
20738.64 20740.36
20737.90 20739.61
20737.90 20739.61
20736.64 20738.36
20735.63 20737.13
20735.63 20737.13
20736.90 20738.60
20736.78 20738.72
20736.78 20738.72
20737.15 20738.86
20737.14 20738.86
20737.14 20738.86
20738.38 20739.87
20737.63 20739.12
20737.63 20739.12
20736.90 20738.60
20738.66 20740.34
20738.66 20740.34
20738.65 20740.36
20738.65 20740.36
20738.92 20740.08
20738.91 20740.60
20738.91 20740.60
20738.64 20740.11
20737.90 20739.60
20737.90 20739.60
20738.41 20740.10
20738.41 20740.10
20738.41 20740.09
20738.41 20740.09
20738.15 20739.86
20738.38 20739.88
20738.38 20739.88
20738.16 20739.84
20737.91 20739.60
20737.91 20739.60
20737.64 20739.36
20736.21 20738.04
20736.21 20738.04
20736.21 20738.04
20735.64 20737.36
20735.89 20737.36
20735.89 20737.36
20735.66 20737.34
20735.66 20737.34
20735.90 20737.60
20735.90 20737.60
20735.91 20737.59
20735.91 20737.59
20735.89 20737.36
20735.67 20736.83
20735.67 20736.83
20734.89 20736.61
20734.89 20736.61
20734.39 20736.11
20735.97 20737.78
20735.97 20737.78
20736.72 20738.53
20735.90 20737.61
20735.90 20737.61
20736.37 20737.88
20736.37 20737.88
20736.03 20737.97
20736.46 20738.29
20736.46 20738.29
20737.14 20738.61
20736.64 20738.11
20736.64 20738.11
20739.40 20741.11
20739.98 20741.78
20739.98 20741.78
20740.38 20741.87
20740.38 20741.87
20741.31 20741.94
20741.31 20741.94
20739.90 20741.60
20740.16 20741.84
20740.16 20741.84
20740.38 20741.88
20739.90 20741.61
20739.90 20741.61
20740.14 20741.61
20740.41 20742.10
20740.41 20742.10
20740.39 20741.86
20740.39 20741.86
20736.88 20738.38
20736.88 20738.38
20735.37 20736.88
20735.37 20736.88
20735.37 20736.88
20736.39 20737.86
20736.38 20737.88
20736.38 20737.88
20736.64 20738.11
20736.41 20738.09
20736.41 20738.09
20734.15 20735.86
20733.62 20735.13
20733.62 20735.13
20734.39 20735.86
20733.39 20735.11
20733.39 20735.11
20733.88 20735.38
20731.66 20733.34
20731.66 20733.34
20733.64 20735.11
20733.65 20735.36
20733.65 20735.36
20733.62 20735.13
20733.62 20735.13
20733.88 20735.38
20732.23 20734.03
20732.23 20734.03
20732.23 20734.03
20732.41 20734.09
20734.41 20736.09
20734.41 20736.09
20734.65 20736.35
20734.39 20735.86
20734.39 20735.86
20734.48 20736.28
20734.48 20736.28
20734.53 20736.47
20734.53 20736.47
20734.46 20736.29
20733.97 20735.78
20733.97 20735.78
20733.98 20735.78
20733.98 20735.78
20734.91 20736.10
20734.91 20736.10
20734.22 20736.03
20734.90 20736.61
20734.90 20736.61
20734.96 20736.79
20735.66 20736.84
20735.66 20736.84
20735.03 20736.97
20735.16 20736.84
20735.16 20736.84
20735.16 20736.84
20734.98 20736.78
20734.98 20736.78
20734.73 20736.53
20734.73 20736.53
20735.21 20737.04
20735.21 20737.04
20734.97 20736.78
20734.91 20736.59
20734.91 20736.59
20735.65 20737.35
20735.65 20737.35
20735.64 20737.11
20735.65 20737.36
20735.65 20737.36
20734.89 20736.36
20733.38 20734.87
20733.38 20734.87
20733.23 20735.03
20733.88 20735.38
20733.88 20735.38
20733.96 20735.79
20733.96 20735.79
20734.17 20735.33
20734.17 20735.33
20733.97 20735.78
20733.97 20735.78
20733.97 20735.78
20734.16 20735.85
20734.16 20735.85
20734.39 20736.11
20734.39 20736.11
20734.41 20736.09
20734.41 20736.09
20734.23 20736.03
20730.89 20732.36
20730.89 20732.36
20731.88 20733.38
20731.88 20733.38
20731.63 20733.12
20731.40 20733.10
20731.40 20733.10
20731.40 20733.10
20731.40 20733.10
20731.73 20733.53
20733.66 20735.34
20733.46 20735.29
20733.46 20735.29
20732.71 20734.54
20732.13 20733.62
20732.13 20733.62
20731.97 20733.78
20731.97 20733.78
20731.97 20733.78
20732.63 20734.87
20735.15 20736.85
20735.15 20736.85
20735.39 20736.86
20735.38 20736.88
20735.38 20736.88
20735.13 20736.63
20735.13 20736.63
20734.90 20736.61
20734.13 20735.63
20734.13 20735.63
20733.88 20735.37
20733.88 20735.37
20731.41 20733.09
20731.41 20733.09
20731.62 20733.13
20731.62 20733.13
20731.91 20733.59
20731.91 20733.59
20731.91 20733.60
20731.91 20733.60
20731.89 20733.36
20732.14 20733.86
20732.14 20733.86
20734.66 20735.85
20734.66 20735.85
20734.66 20735.85
20734.13 20735.63
20734.15 20735.86
20734.15 20735.86
20735.15 20736.85
20735.15 20736.85
20734.97 20736.78
20734.23 20736.03
20734.23 20736.03
20735.14 20736.61
20735.14 20736.61
20735.14 20736.61
20734.23 20736.03
20733.88 20735.38
20733.88 20735.38
20730.91 20732.59
20730.91 20732.59
20730.91 20732.09
20730.91 20732.09
20730.16 20731.34
20730.16 20731.34
20732.66 20734.34
20732.66 20734.34
20732.65 20734.36
20732.65 20734.36
20732.89 20734.36
20730.73 20732.53
20730.73 20732.53
20732.90 20734.61
20732.90 20734.61
20732.73 20734.53
20732.73 20734.53
20729.88 20731.38
20730.13 20731.63
20730.13 20731.63
20730.65 20732.36
20730.65 20732.36
20730.66 20732.35
20729.63 20731.12
20729.63 20731.12
20729.40 20731.11
20728.41 20730.10
20728.41 20730.10
20728.64 20730.11
20728.88 20730.38
20728.88 20730.38
20730.15 20731.86
20732.13 20733.63
20732.13 20733.63
20733.63 20735.13
20733.63 20735.13
20732.41 20734.09
20732.41 20734.09
20732.22 20734.03
20732.65 20734.35
20732.65 20734.35
20733.13 20734.62
20731.39 20732.86
20731.39 20732.86
20731.90 20733.61
20731.90 20733.61
20731.90 20733.61
20732.63 20734.13
20732.63 20734.13
20731.88 20733.38
20731.66 20733.35
20731.66 20733.35
20732.14 20733.86
20732.14 20733.86
20732.12 20733.63
20733.64 20735.11
20733.64 20735.11
20733.89 20735.36
20733.89 20735.36
20732.64 20734.11
20732.64 20734.11
20732.38 20733.88
20732.38 20733.88
20732.38 20733.88
20731.53 20733.48
20731.53 20733.48
20731.66 20733.34
20731.66 20733.34
20731.14 20732.61
20731.14 20732.61
20731.40 20733.11
20731.40 20733.11
20732.46 20734.29
20735.15 20736.85
20735.15 20736.85
20734.39 20736.11
20734.39 20736.11
20733.22 20735.03
20733.22 20735.03
20732.89 20734.36
20732.46 20734.29
20732.46 20734.29
20732.13 20733.63
20732.13 20733.63
20732.46 20734.29
20732.12 20733.63
20732.12 20733.63
20731.89 20733.36
20732.14 20733.61
20732.14 20733.61
20732.14 20733.61
20732.14 20733.61
20732.88 20734.37
20733.91 20735.60
20733.91 20735.60
20733.91 20735.60
20733.73 20735.53
20734.13 20735.63
20734.13 20735.63
20733.13 20734.63
20733.65 20735.36
20733.65 20735.36
20733.38 20734.87
20733.62 20735.13
20733.62 20735.13
20731.15 20732.86
20731.15 20732.86
20731.91 20733.09
20731.91 20733.09
20731.39 20732.86
20732.91 20734.59
20732.91 20734.59
20733.89 20735.36
20733.65 20735.36
20733.65 20735.36
20733.98 20735.78
20733.98 20735.78
20733.98 20735.78
20732.96 20734.79
20732.96 20734.79
20732.65 20734.35
20733.63 20735.12
20733.63 20735.12
20733.41 20735.10
20733.41 20735.10
20734.38 20735.88
20734.38 20735.88
20734.14 20735.86
20734.14 20735.86
20734.63 20736.13
20734.63 20736.13
20734.91 20736.59
20734.65 20736.35
20734.65 20736.35
20734.65 20736.35
20734.41 20736.09
20735.13 20736.63
20735.13 20736.63
20735.13 20736.63
20734.16 20735.85
20734.46 20736.29
20734.46 20736.29
20736.39 20737.86
20734.64 20736.36
20734.64 20736.36
20734.65 20736.36
20734.65 20736.36
20736.38 20737.88
20736.38 20737.88
20738.39 20739.86
20737.14 20738.86
20737.14 20738.86
20737.14 20738.61
20737.14 20738.61
20736.39 20738.11
20736.39 20738.11
20736.39 20738.11
20736.38 20737.88
20737.16 20738.84
20737.41 20739.10
20737.41 20739.10
20737.41 20739.10
20737.63 20739.13
20738.14 20739.86
20738.14 20739.86
20743.64 20745.11
20740.65 20742.36
20740.65 20742.36
20740.63 20742.12
20740.16 20741.84
20740.16 20741.84
20739.73 20741.53
20739.88 20741.38
20739.88 20741.38
20739.88 20741.38
20740.66 20742.34
20740.66 20742.34
20740.66 20742.34
20740.66 20742.34
20740.13 20741.63
20740.13 20741.63
20740.37 20741.88
20740.16 20741.84
20740.16 20741.84
20739.66 20741.34
20740.15 20741.86
20740.15 20741.86
20740.13 20741.62
20740.39 20741.86
20740.39 20741.86
20739.89 20741.36
20739.89 20741.61
20739.89 20741.61
20740.89 20742.36
20740.89 20742.36
20740.89 20742.36
20741.46 20743.29
20741.72 20743.53
20741.72 20743.53
20741.98 20743.78
20741.98 20743.78
20742.16 20743.84
20742.16 20743.84
20741.91 20743.59
20741.64 20743.36
20741.64 20743.36
20741.16 20742.84
20741.16 20742.84
20740.89 20742.36
20742.40 20744.11
20742.40 20744.11
20741.88 20743.37
20741.88 20743.37
20741.38 20742.88
20741.38 20742.88
20740.89 20742.36
20740.89 20742.36
20740.90 20742.61
20740.16 20741.84
20740.16 20741.84
20740.40 20742.10
20739.38 20740.88
20738.91 20740.60
20738.91 20740.60
20739.14 20740.86
20739.14 20740.86
20739.15 20740.86
20739.15 20740.86
20738.39 20739.86
20738.41 20739.59
20738.41 20739.59
20737.41 20739.09
20737.64 20739.11
20737.64 20739.11
20737.39 20738.86
20737.91 20739.09
20737.91 20739.09
20740.22 20742.03
20740.22 20742.03
20740.63 20742.13
20741.40 20743.11
20741.40 20743.11
20740.14 20741.61
20739.89 20741.36
20739.89 20741.36
20739.65 20741.35
20739.65 20741.35
20739.65 20741.35
20738.96 20740.79
20740.66 20742.34
20740.66 20742.34
20740.90 20742.61
20741.66 20743.34
20741.66 20743.34
20742.55 20743.20
20742.55 20743.20
20740.96 20742.79
20743.87 20745.38
20744.66 20746.35
20744.66 20746.35
20743.88 20745.37
20743.88 20745.37
20743.64 20745.11
20743.64 20745.11
20742.63 20744.13
20742.63 20744.13
20742.15 20743.85
20742.40 20744.10
20742.40 20744.10
20742.40 20744.10
20742.41 20744.10
20742.63 20744.13
20742.63 20744.13
20742.64 20744.11
20741.71 20743.54
20741.71 20743.54
20741.65 20743.36
20741.65 20743.36
20741.65 20743.36
20741.65 20743.36
20741.66 20743.34
20741.37 20742.88
20741.37 20742.88
20740.39 20741.86
20740.39 20741.86
20740.39 20741.86
20740.39 20741.86
20740.66 20741.85
20740.66 20741.85
20741.16 20742.34
20741.16 20742.34
20741.14 20742.86
20741.14 20742.86
20741.13 20742.63
20741.13 20742.63
20740.91 20742.09
20740.39 20741.86
20740.39 20741.86
