20840.22 20842.03
20840.22 20842.03
20841.33 20843.42
20841.33 20843.42
20839.53 20841.47
20841.53 20843.48
20841.53 20843.48
20841.65 20843.35
20841.65 20843.35
20839.22 20841.03
20839.22 20841.03
20839.78 20841.72
20839.78 20841.72
20839.78 20841.73
20839.13 20841.37
20839.13 20841.37
20838.98 20840.78
20838.22 20840.03
20838.22 20840.03
20838.47 20840.28
20838.47 20840.28
20838.40 20840.11
20837.64 20839.36
20837.64 20839.36
20837.21 20839.04
20837.21 20839.04
20836.97 20838.78
20837.28 20839.22
20837.28 20839.22
20837.03 20838.97
20837.03 20838.97
20840.03 20841.98
20840.03 20841.98
20839.53 20841.47
20839.53 20841.47
20837.78 20839.73
20841.97 20843.78
20841.97 20843.78
20842.33 20844.42
20843.16 20844.85
20843.16 20844.85
20846.22 20848.03
20841.78 20843.73
20841.78 20843.73
20844.08 20846.17
20844.08 20846.17
20844.72 20846.53
20844.23 20846.03
20844.23 20846.03
20842.53 20844.47
20842.28 20844.22
20842.28 20844.22
20840.96 20842.79
20842.28 20844.23
20842.28 20844.23
20841.08 20843.17
20841.08 20843.17
20839.71 20841.54
20839.71 20841.54
20839.78 20841.72
20840.08 20842.17
20841.03 20842.98
20841.03 20842.98
20841.78 20843.72
20843.33 20845.42
20843.33 20845.42
20844.23 20846.03
20844.23 20846.03
20843.13 20845.37
20843.13 20845.37
20843.28 20845.22
20844.17 20845.33
20844.17 20845.33
20844.40 20846.10
20844.40 20846.10
20846.47 20848.28
20843.53 20845.48
20843.53 20845.48
20842.72 20844.53
20842.72 20844.53
20842.78 20844.72
20842.98 20844.78
20842.98 20844.78
20844.06 20844.69
20844.06 20844.69
20843.98 20845.78
20844.21 20846.04
20844.21 20846.04
20844.21 20846.04
20844.21 20846.04
20844.21 20846.04
20843.98 20845.78
20844.78 20846.73
20844.78 20846.73
20844.71 20846.54
20844.71 20846.54
20844.71 20846.54
20847.15 20848.86
20847.15 20848.86
20845.72 20847.53
20845.72 20847.53
20846.12 20847.63
20846.12 20847.63
20845.71 20847.54
20845.71 20847.54
20845.48 20847.28
20845.48 20847.28
20844.97 20846.78
20846.73 20848.53
20846.73 20848.53
20846.73 20848.53
20846.73 20848.53
20846.78 20848.73
20846.78 20848.73
20846.72 20848.53
20847.53 20849.47
20847.53 20849.47
20849.15 20850.85
20849.03 20850.98
20849.03 20850.98
20850.41 20852.10
20851.03 20852.98
20851.03 20852.98
20848.41 20850.09
20850.16 20851.85
20850.16 20851.85
20849.33 20851.42
20849.33 20851.42
20849.98 20851.78
20849.48 20851.28
20849.48 20851.28
20849.28 20851.23
20850.46 20852.29
20850.46 20852.29
20851.65 20853.35
20852.28 20854.22
20852.28 20854.22
20850.66 20852.35
20850.66 20852.35
20850.08 20852.17
20849.98 20851.78
20849.98 20851.78
20849.98 20851.78
20851.08 20853.17
20851.08 20853.17
20853.03 20854.98
20853.03 20854.98
20852.53 20854.47
20852.53 20854.47
20851.97 20853.78
20851.97 20853.78
20851.48 20853.28
20851.48 20853.28
20851.03 20852.98
20851.53 20853.47
20851.53 20853.47
20851.08 20853.17
20851.08 20853.17
20849.65 20851.35
20847.53 20849.47
20847.53 20849.47
20845.53 20847.47
20844.53 20846.48
20844.53 20846.48
20843.03 20844.98
20843.03 20844.98
20843.03 20844.98
20842.98 20844.78
20842.98 20844.78
20843.91 20845.60
20843.91 20845.60
20843.72 20845.53
20843.72 20845.53
20844.47 20846.28
20844.73 20846.53
20844.73 20846.53
20845.03 20846.98
20843.78 20845.73
20843.78 20845.73
20843.78 20845.73
20844.78 20846.72
20844.78 20846.72
20844.58 20846.67
20844.58 20846.67
20843.53 20845.47
20843.53 20845.47
20844.03 20845.98
20842.73 20844.53
20842.73 20844.53
20841.23 20843.03
20841.23 20843.03
20840.73 20842.53
20840.73 20842.53
20839.15 20840.86
20837.72 20839.53
20837.72 20839.53
20837.48 20839.28
20837.48 20839.28
20836.96 20838.79
20839.03 20840.98
20839.03 20840.98
20837.78 20839.72
20838.78 20840.72
20838.78 20840.72
20838.66 20840.34
20838.66 20840.34
20838.15 20839.85
20838.15 20839.85
20837.72 20839.53
20837.72 20839.53
20837.33 20839.42
20837.33 20839.42
20837.98 20839.78
20837.98 20839.78
20838.65 20840.35
20837.78 20839.73
20837.78 20839.73
20837.65 20839.36
20837.65 20839.36
20836.71 20838.54
20836.78 20838.73
20836.78 20838.73
20836.73 20838.53
20836.73 20838.53
20836.65 20838.35
20834.65 20836.35
20834.65 20836.35
20833.41 20835.10
20832.23 20834.03
20832.23 20834.03
20830.15 20831.86
20829.21 20831.04
20829.21 20831.04
20827.98 20829.78
20827.98 20829.78
20828.03 20829.98
20829.23 20831.03
20829.23 20831.03
20828.28 20830.23
20828.28 20830.23
20829.23 20831.03
20829.78 20831.72
20829.78 20831.72
20830.15 20831.86
20830.15 20831.86
20830.28 20832.23
20830.98 20832.78
20830.98 20832.78
20830.96 20832.79
20831.23 20833.03
20831.23 20833.03
20832.47 20834.28
20832.47 20834.28
20830.08 20832.17
20829.78 20831.73
20829.78 20831.73
20829.28 20831.23
20828.98 20830.78
20828.98 20830.78
20828.22 20830.03
20828.22 20830.03
20829.03 20830.97
20828.58 20830.67
20828.58 20830.67
20828.53 20830.48
20829.71 20831.54
20829.71 20831.54
20829.78 20831.73
20829.78 20831.73
20829.03 20830.97
20829.28 20831.23
20829.28 20831.23
20828.63 20830.87
20828.63 20830.87
20827.03 20828.98
20827.03 20828.98
20826.23 20828.03
20826.23 20828.03
20826.46 20828.29
20826.46 20828.29
20826.64 20828.36
20826.46 20828.29
20826.46 20828.29
20826.40 20828.10
20826.40 20828.10
20828.46 20830.29
20828.46 20830.29
20828.03 20829.97
20826.23 20828.03
20826.23 20828.03
20826.28 20828.22
20826.28 20828.22
20826.23 20828.03
20826.53 20828.47
20826.53 20828.47
20827.03 20828.98
20825.73 20827.53
20825.73 20827.53
20824.53 20826.48
20824.03 20825.97
20824.03 20825.97
20823.72 20825.53
20823.72 20825.53
20816.15 20817.85
20817.71 20819.54
20817.71 20819.54
20819.16 20820.84
20820.03 20821.98
20820.03 20821.98
20817.98 20819.78
20817.98 20819.78
20818.08 20820.17
20818.23 20820.03
20818.23 20820.03
20815.89 20817.61
20815.90 20817.60
20815.90 20817.60
20815.39 20816.86
20816.28 20818.22
20816.28 20818.22
20816.96 20818.79
20816.23 20818.03
20816.23 20818.03
20816.03 20817.97
20817.78 20819.73
20817.78 20819.73
20819.03 20820.97
20819.03 20820.97
20821.23 20823.03
20821.23 20823.03
20821.23 20823.03
20820.72 20822.53
20820.72 20822.53
20821.28 20823.23
20822.03 20823.97
20822.03 20823.97
20823.53 20825.48
20822.98 20824.78
20822.98 20824.78
20823.53 20825.48
20824.98 20826.78
20824.98 20826.78
20822.53 20824.47
20822.53 20824.47
20822.91 20824.60
20822.91 20824.60
20820.91 20822.59
20820.91 20822.59
20822.40 20824.10
20822.87 20824.38
20822.87 20824.38
20822.47 20824.28
20822.47 20824.28
20822.46 20824.29
20822.46 20824.29
20823.90 20825.61
20823.90 20825.61
20823.71 20825.54
20823.47 20825.28
20823.47 20825.28
20820.28 20822.22
20819.48 20821.28
20819.48 20821.28
20819.87 20821.38
20819.87 20821.38
20818.65 20820.35
20818.65 20820.35
20820.66 20822.35
20820.66 20822.35
20823.08 20825.17
20823.08 20825.17
20822.78 20824.73
20824.66 20826.34
20824.66 20826.34
20824.66 20826.34
20825.03 20826.97
20827.23 20829.03
20827.23 20829.03
20824.33 20826.42
20824.53 20826.47
20824.53 20826.47
20824.72 20826.53
20824.72 20826.53
20825.28 20827.23
20825.28 20827.23
20825.16 20826.84
20825.78 20827.73
20825.78 20827.73
20825.83 20827.92
20825.83 20827.92
20825.83 20827.92
20825.46 20827.29
20823.58 20825.67
20823.58 20825.67
20823.15 20824.85
20823.15 20824.85
20827.65 20829.35
20827.28 20829.22
20827.28 20829.22
20827.40 20829.11
20827.40 20829.11
20825.78 20827.72
20825.48 20827.28
20825.48 20827.28
20825.15 20826.85
20825.15 20826.85
20825.48 20827.28
20825.48 20827.28
20824.66 20826.35
20824.66 20826.35
20824.71 20826.54
20824.71 20826.54
20824.71 20826.54
20825.03 20826.97
20825.03 20826.97
20824.73 20826.53
20824.73 20826.53
20824.73 20826.53
20824.23 20826.03
20824.23 20826.03
20824.63 20826.12
20825.78 20827.73
20825.78 20827.73
20825.72 20827.53
20826.15 20827.86
20826.15 20827.86
20826.78 20828.73
20827.46 20829.29
20827.46 20829.29
20827.63 20829.87
20828.03 20829.97
20828.03 20829.97
20827.96 20829.79
20828.98 20830.78
20828.98 20830.78
20827.48 20829.28
20827.78 20829.72
20827.78 20829.72
20828.03 20829.97
20828.03 20829.97
20827.33 20829.42
20827.83 20829.92
20827.83 20829.92
20828.15 20829.85
20828.15 20829.85
20828.15 20829.85
20826.46 20828.29
20826.46 20828.29
20826.53 20828.48
20827.03 20828.97
20827.03 20828.97
20827.08 20829.17
20826.47 20828.28
20826.47 20828.28
20825.03 20826.97
20823.58 20825.67
20823.58 20825.67
20824.83 20826.92
20824.83 20826.92
20821.78 20823.72
20823.73 20825.53
20823.73 20825.53
20823.46 20825.29
20823.46 20825.29
20824.78 20826.72
20824.78 20826.72
20824.47 20826.28
20823.53 20825.47
20820.39 20822.11
20820.39 20822.11
20820.39 20822.11
20819.65 20821.35
20821.96 20823.79
20821.96 20823.79
20823.14 20824.61
20822.28 20824.22
20822.28 20824.22
20822.28 20824.22
20822.28 20824.22
20822.53 20824.48
20822.53 20824.48
20823.03 20824.98
20823.98 20825.78
20823.98 20825.78
20823.97 20825.78
20823.97 20825.78
20825.23 20827.03
20825.23 20827.03
20825.90 20827.60
20825.90 20827.60
20828.46 20830.29
20828.14 20829.86
20828.14 20829.86
20828.39 20830.11
20830.46 20832.29
20830.46 20832.29
20831.71 20833.54
20831.73 20833.53
20831.73 20833.53
20831.78 20833.73
20831.78 20833.73
20831.15 20832.35
20831.03 20832.97
20831.03 20832.97
20828.90 20830.61
20828.90 20830.61
20829.28 20831.22
20829.28 20831.22
20829.28 20831.23
20829.28 20831.23
20829.16 20830.84
20829.16 20830.84
20829.97 20831.78
20828.71 20830.54
20828.71 20830.54
20828.98 20830.78
20828.98 20830.78
20828.98 20830.78
20829.22 20831.03
20831.65 20833.35
20831.65 20833.35
20832.15 20833.85
20832.15 20833.85
20833.66 20835.35
20833.66 20835.35
20831.28 20833.22
20831.28 20833.22
20831.14 20832.86
20831.78 20833.72
20831.78 20833.72
20831.78 20833.72
20831.66 20833.35
20831.28 20833.22
20831.28 20833.22
20830.40 20832.10
20830.40 20832.10
20830.96 20832.79
20830.96 20832.79
20830.39 20831.86
20830.39 20831.86
20829.97 20831.78
20829.97 20831.78
20830.16 20831.84
20828.48 20830.28
20828.48 20830.28
20828.48 20830.28
20827.89 20829.61
20827.89 20829.61
20826.66 20828.35
20826.66 20828.35
20826.65 20828.36
20826.65 20828.36
20828.41 20830.10
20828.41 20830.10
20827.03 20828.97
20827.03 20828.97
20827.15 20828.86
20828.48 20830.28
20828.48 20830.28
20828.48 20830.28
20828.46 20830.29
20829.46 20831.29
20829.46 20831.29
20829.72 20831.53
20829.72 20831.53
20830.78 20832.72
20830.78 20832.72
20831.62 20833.13
20831.39 20833.11
20831.39 20833.11
20830.48 20832.28
20830.48 20832.28
20829.71 20831.54
20829.71 20831.54
20829.21 20831.04
20829.53 20831.48
20829.53 20831.48
20830.66 20832.34
20830.66 20832.34
20830.23 20832.03
20830.23 20832.03
20829.28 20831.23
20830.03 20831.97
20830.03 20831.97
20829.98 20831.78
20829.98 20831.78
20832.96 20834.79
20832.96 20834.79
20831.72 20833.53
20831.72 20833.53
20832.21 20834.04
20832.21 20834.04
20831.98 20833.78
20831.98 20833.78
20831.78 20833.72
20832.72 20834.53
20832.72 20834.53
20831.98 20833.78
20832.96 20834.79
20832.96 20834.79
20832.98 20834.78
20832.98 20834.78
20832.23 20834.03
20832.23 20834.03
20832.23 20834.03
20832.14 20833.61
20831.48 20833.28
20831.48 20833.28
20835.03 20836.98
20834.78 20836.73
20834.78 20836.73
20833.22 20835.03
20831.78 20833.72
20831.78 20833.72
20830.71 20832.54
20831.28 20833.22
20831.28 20833.22
20831.96 20833.79
20831.96 20833.79
20834.41 20836.10
20834.03 20835.97
20834.03 20835.97
20835.28 20837.22
20835.28 20837.22
