20783.89 20785.36
20783.89 20785.36
20781.39 20782.86
20781.39 20782.86
20782.37 20783.88
20780.40 20782.11
20780.40 20782.11
20780.41 20782.09
20781.66 20782.84
20781.66 20782.84
20780.38 20781.87
20780.39 20781.86
20780.39 20781.86
20779.91 20781.09
20779.91 20781.09
20779.87 20781.38
20780.67 20781.84
20780.67 20781.84
20780.89 20782.36
20780.89 20782.36
20781.17 20782.34
20781.62 20783.13
20781.62 20783.13
20784.38 20785.88
20784.14 20785.61
20784.14 20785.61
20782.87 20784.38
20782.87 20784.38
20781.66 20783.35
20781.14 20782.86
20781.14 20782.86
20781.90 20783.60
20781.90 20783.60
20782.88 20784.38
20781.48 20783.28
20781.48 20783.28
20782.63 20784.12
20783.12 20784.63
20783.12 20784.63
20783.37 20784.88
20786.14 20787.61
20786.14 20787.61
20785.64 20787.11
20785.64 20787.11
20786.92 20788.08
20787.38 20788.88
20783.39 20784.86
20783.39 20784.86
20776.22 20778.03
20776.22 20778.03
20775.64 20777.11
20776.91 20778.09
20776.91 20778.09
20778.66 20780.35
20778.91 20780.60
20773.37 20774.88
20773.37 20774.88
20773.91 20775.59
20773.91 20775.59
20774.16 20775.84
20773.16 20774.85
20773.16 20774.85
20769.89 20771.36
20771.66 20773.35
20771.66 20773.35
20769.87 20771.38
20771.13 20772.63
20771.13 20772.63
20769.14 20770.61
20769.14 20770.61
20768.64 20770.11
20770.62 20772.13
20770.62 20772.13
20771.65 20773.36
20774.15 20775.85
20774.15 20775.85
20775.64 20777.11
20777.65 20779.35
20777.65 20779.35
20779.64 20781.36
20777.66 20778.84
20777.66 20778.84
20776.92 20778.08
20775.90 20777.60
20775.90 20777.60
20777.88 20779.37
20779.16 20780.84
20779.16 20780.84
20780.67 20781.83
20777.90 20779.61
20777.90 20779.61
20775.38 20776.87
20775.38 20776.87
20775.66 20777.34
20775.65 20777.35
20775.65 20777.35
20776.88 20778.38
20776.62 20778.13
20776.62 20778.13
20776.91 20778.59
20776.38 20777.87
20776.38 20777.87
20775.39 20777.11
20773.91 20775.59
20773.91 20775.59
20774.14 20775.86
20774.14 20775.86
20774.15 20775.85
20775.41 20777.09
20775.41 20777.09
20774.16 20775.85
20775.91 20777.59
20777.39 20778.86
20777.39 20778.86
20775.90 20777.10
20775.90 20777.10
20776.13 20777.62
20776.13 20777.62
20776.41 20778.09
20776.41 20778.09
20777.13 20778.63
20777.38 20778.87
20777.38 20778.87
20776.39 20778.11
20776.88 20778.37
20776.64 20778.11
20776.64 20778.11
20774.89 20776.61
20774.38 20775.87
20774.38 20775.87
20774.91 20776.60
20774.91 20776.60
20777.14 20778.61
20776.88 20778.38
20776.88 20778.38
20777.63 20779.12
20773.66 20774.84
20773.66 20774.84
20773.39 20774.86
20771.73 20773.53
20771.73 20773.53
20772.65 20774.35
20774.66 20775.84
20774.66 20775.84
20775.63 20777.13
20775.63 20777.13
20775.13 20776.62
20773.91 20775.59
20773.91 20775.59
20775.14 20776.61
20775.41 20777.10
20775.41 20777.10
20772.41 20774.09
20774.39 20776.11
20774.39 20776.11
20774.66 20776.35
20774.66 20776.35
20774.89 20776.36
20774.38 20775.88
20774.38 20775.88
20773.65 20775.35
20773.63 20775.12
20773.63 20775.12
20773.90 20775.61
20771.65 20772.85
20771.65 20772.85
20770.63 20772.12
20770.63 20772.12
20771.91 20773.60
20772.13 20773.63
20772.13 20773.63
20772.88 20774.37
20773.40 20775.10
20773.40 20775.10
20772.63 20774.12
20772.37 20773.88
20772.37 20773.88
20772.67 20773.83
20773.66 20775.35
20773.66 20775.35
20772.89 20774.36
20772.89 20774.36
20773.16 20774.85
20773.12 20774.63
20773.12 20774.63
20773.64 20775.11
20773.41 20775.10
20773.41 20775.10
20774.15 20775.86
20776.65 20778.35
20776.65 20778.35
20778.17 20779.33
20778.17 20779.33
20778.63 20780.12
20780.39 20781.86
20780.39 20781.86
20779.66 20781.34
20776.89 20778.36
20776.89 20778.36
20775.65 20777.35
20776.14 20777.61
20776.14 20777.61
20776.41 20777.59
20776.37 20777.88
20776.37 20777.88
20778.15 20779.86
20776.38 20777.87
20777.15 20778.85
20777.15 20778.85
20775.64 20777.11
20775.64 20777.11
20775.90 20777.60
20775.65 20777.36
20776.16 20777.34
20776.16 20777.34
20776.14 20777.61
20776.14 20777.61
20775.65 20777.35
20776.41 20777.59
20776.41 20777.59
20775.66 20777.34
20775.66 20777.34
20774.91 20776.60
20778.40 20780.11
20778.40 20780.11
20779.39 20780.86
20780.62 20782.13
20780.62 20782.13
20779.90 20781.61
20775.97 20777.78
20775.97 20777.78
20776.40 20778.11
20775.92 20777.09
20775.92 20777.09
20776.16 20777.85
20776.16 20777.85
20777.91 20779.59
20777.91 20779.59
20776.13 20777.63
20777.15 20778.86
20777.15 20778.86
20777.40 20779.11
20777.12 20778.63
20777.12 20778.63
20777.22 20779.03
20779.73 20781.53
20779.73 20781.53
20778.39 20779.86
20778.39 20779.86
20778.38 20779.87
20779.40 20781.10
20779.40 20781.10
20779.39 20781.11
20779.39 20781.11
20777.66 20779.35
20779.72 20781.53
20779.72 20781.53
20780.91 20782.60
20782.16 20783.84
20782.16 20783.84
20783.39 20784.86
20781.39 20782.86
20781.39 20782.86
20781.13 20782.62
20777.64 20779.11
20777.64 20779.11
20777.38 20778.88
20776.89 20778.36
20776.89 20778.36
20775.66 20777.35
20775.66 20777.35
20775.66 20777.35
20775.65 20777.35
20775.65 20777.35
20774.65 20776.35
20771.64 20773.11
20771.64 20773.11
20770.91 20772.60
20770.91 20772.60
20772.90 20774.61
20773.71 20775.54
20773.71 20775.54
20773.14 20774.61
20773.14 20774.61
20774.12 20775.63
20774.14 20775.86
20774.14 20775.86
20774.15 20775.85
20774.16 20775.84
20774.16 20775.84
20774.40 20776.11
20775.14 20776.86
20775.14 20776.86
20774.16 20775.84
20775.90 20777.60
20775.90 20777.60
20774.88 20776.37
20777.66 20779.34
20777.66 20779.34
20775.91 20777.59
20775.90 20777.61
20775.90 20777.61
20776.40 20778.11
20776.40 20778.11
20781.12 20782.63
20781.88 20783.38
20781.88 20783.38
20780.71 20782.54
20781.89 20783.36
20781.89 20783.36
20779.40 20781.11
20779.13 20780.63
20779.13 20780.63
20778.14 20779.86
20778.15 20779.85
20778.15 20779.85
20780.39 20781.86
20780.39 20781.86
20779.13 20780.62
20781.16 20782.85
20781.16 20782.85
20779.90 20781.60
20778.66 20780.34
20778.66 20780.34
20778.38 20779.87
20778.41 20780.10
20778.41 20780.10
20778.14 20779.61
20778.39 20779.86
20778.39 20779.86
20778.97 20780.78
20779.65 20781.36
20779.65 20781.36
20779.64 20781.36
20779.90 20781.61
20779.90 20781.61
20780.12 20781.63
20779.39 20781.11
20779.39 20781.11
20780.63 20782.12
20781.66 20783.35
20781.66 20783.35
20780.66 20782.34
20781.63 20783.13
20781.63 20783.13
20782.39 20783.86
20782.12 20783.63
20782.12 20783.63
20783.12 20784.63
20783.12 20784.63
20782.38 20783.88
20782.66 20784.34
20782.66 20784.34
20785.41 20786.59
20786.13 20787.63
20786.13 20787.63
20783.40 20785.11
20786.14 20787.61
20786.14 20787.61
20785.90 20787.60
20785.97 20787.78
20785.97 20787.78
20787.15 20788.85
20787.15 20788.85
20786.91 20788.09
20785.88 20787.37
20785.88 20787.37
20786.56 20787.19
20785.64 20787.36
20785.64 20787.36
20785.63 20787.12
20784.90 20786.60
20784.90 20786.60
20785.39 20787.11
20785.39 20787.11
20784.63 20786.13
20784.38 20785.87
20784.38 20785.87
20785.42 20786.58
20785.42 20786.58
20784.42 20785.58
20785.13 20786.62
20785.13 20786.62
20784.38 20785.87
20784.38 20785.87
20784.67 20785.83
20784.66 20786.34
20784.66 20786.34
20785.40 20787.11
20785.40 20787.11
20786.13 20787.62
20785.41 20786.59
20785.41 20786.59
20785.14 20786.61
20784.72 20786.53
20784.72 20786.53
20785.65 20787.35
20783.88 20785.38
20783.88 20785.38
20783.91 20785.60
20782.15 20783.85
20782.15 20783.85
20782.14 20783.61
20781.65 20783.36
20781.65 20783.36
20780.66 20782.35
20780.66 20782.35
20782.12 20783.63
20781.16 20782.84
20780.89 20782.36
20780.89 20782.36
20781.41 20782.59
20781.41 20782.59
20781.14 20782.61
20781.14 20782.61
20781.89 20783.36
20783.39 20784.86
20783.39 20784.86
20784.38 20785.87
20784.63 20786.12
20784.63 20786.12
20785.91 20787.60
20785.91 20787.60
20785.12 20786.63
20786.56 20787.20
20786.56 20787.20
20785.64 20787.11
20785.12 20786.63
20785.12 20786.63
20784.12 20785.63
20784.38 20785.88
20784.38 20785.88
20782.88 20784.37
20783.64 20785.11
20783.64 20785.11
20783.90 20785.60
20783.90 20785.60
20783.16 20784.85
20785.15 20786.85
20785.15 20786.85
20785.13 20786.62
20786.15 20787.85
20786.15 20787.85
20783.91 20785.60
20783.91 20785.60
20783.93 20785.08
20782.37 20783.88
20782.37 20783.88
20783.88 20785.37
20784.91 20786.59
20784.91 20786.59
20784.64 20786.36
20783.90 20785.60
20783.90 20785.60
20783.14 20784.86
20783.14 20784.86
20782.15 20783.85
20783.40 20785.10
20783.40 20785.10
20783.88 20785.37
20782.41 20784.09
20782.41 20784.09
20783.63 20785.12
20785.88 20787.37
20785.88 20787.37
20781.87 20783.38
20781.87 20783.38
20780.14 20781.61
20780.88 20782.37
20780.88 20782.37
20782.16 20783.85
20782.16 20783.85
20781.15 20782.86
20780.90 20782.60
20780.90 20782.60
20780.64 20782.11
20780.64 20782.11
20780.65 20782.35
20780.65 20782.35
20780.91 20782.09
20780.91 20782.09
20780.39 20781.86
20780.65 20782.35
20780.65 20782.35
20780.65 20782.35
20781.40 20782.60
20781.40 20782.60
20782.16 20783.85
20782.16 20783.85
20781.68 20782.83
20780.40 20782.11
20780.40 20782.11
20782.65 20784.36
20782.65 20784.36
20782.41 20784.10
20781.66 20783.34
20781.66 20783.34
20780.89 20782.61
20781.39 20782.86
20781.39 20782.86
20781.66 20782.84
20781.48 20783.28
20781.48 20783.28
20781.89 20783.36
20784.38 20785.88
20784.38 20785.88
20785.16 20786.85
20785.41 20787.10
20785.41 20787.10
20785.62 20787.13
20784.89 20786.36
20784.89 20786.36
20784.63 20786.12
20783.90 20785.61
20783.90 20785.61
20785.87 20787.38
20785.87 20787.38
20785.15 20786.86
20785.15 20786.86
20784.90 20786.61
20784.90 20786.60
20784.90 20786.60
20786.39 20787.86
20785.90 20787.60
20785.90 20787.60
20788.89 20790.36
20789.63 20791.12
20789.63 20791.12
20791.39 20792.86
20791.39 20792.86
20792.67 20793.84
20793.13 20794.63
20793.13 20794.63
20792.63 20794.12
20793.13 20794.63
20793.13 20794.63
20793.64 20795.11
20792.39 20793.86
20792.39 20793.86
20792.91 20794.60
20792.91 20794.60
20794.15 20795.85
20793.13 20794.63
20793.13 20794.63
20791.39 20792.86
20792.87 20794.38
20792.87 20794.38
20792.39 20793.86
20792.88 20794.38
20792.88 20794.38
20792.39 20794.11
20792.39 20794.11
20793.63 20795.12
20794.56 20795.19
20794.56 20795.19
20794.64 20796.11
20793.88 20795.37
20793.88 20795.37
20795.14 20796.61
20794.14 20795.61
20794.14 20795.61
20793.41 20795.10
20793.41 20795.10
20792.64 20794.11
20791.91 20793.59
20791.91 20793.59
20792.40 20794.11
20792.40 20794.11
20793.63 20795.12
20792.66 20793.84
20792.66 20793.84
20791.64 20793.11
20791.13 20792.62
20791.13 20792.62
20791.40 20793.10
20791.40 20793.10
20791.41 20793.10
20790.62 20792.13
20790.62 20792.13
20790.63 20792.13
20790.63 20792.13
20790.90 20792.60
20789.40 20791.10
20789.40 20791.10
20791.15 20792.86
20791.15 20792.86
20791.16 20792.35
20790.63 20792.12
20790.63 20792.12
20791.39 20793.11
20790.87 20792.38
20790.87 20792.38
20792.15 20793.86
20791.64 20793.11
20791.64 20793.11
20793.66 20794.84
20793.66 20794.84
20793.87 20795.38
20796.62 20798.13
20796.62 20798.13
20797.88 20799.38
20796.38 20797.87
20796.38 20797.87
20795.41 20797.10
20793.15 20794.86
20793.15 20794.86
20793.14 20794.61
20793.12 20794.63
20793.12 20794.63
20793.13 20794.62
20792.15 20793.85
20792.15 20793.85
20792.41 20794.10
20792.91 20794.59
20792.91 20794.59
20792.90 20794.60
20792.91 20794.60
20792.91 20794.60
20793.39 20794.86
20792.89 20794.36
20792.89 20794.36
20791.62 20793.13
20791.37 20792.88
20791.37 20792.88
