21030.63 21032.87
21030.63 21032.87
21031.58 21033.67
21031.58 21033.67
21031.97 21033.78
21032.08 21034.17
21032.08 21034.17
21032.64 21034.36
21032.64 21034.36
21029.81 21033.45
21029.81 21033.45
21030.10 21032.90
21030.10 21032.90
21031.83 21033.92
21031.83 21033.92
21031.72 21033.53
21031.72 21033.53
21032.78 21034.72
21031.13 21033.37
21031.13 21033.37
21031.33 21033.42
21030.53 21032.47
21030.53 21032.47
21030.03 21031.97
21029.33 21031.42
21029.33 21031.42
21029.53 21031.48
21029.53 21031.48
21029.53 21031.48
21029.53 21031.48
21029.53 21031.48
21029.53 21031.48
21030.08 21032.17
21030.08 21032.17
21032.46 21034.29
21032.46 21034.29
21031.72 21033.53
21031.72 21033.53
21031.72 21033.53
21032.28 21034.22
21032.28 21034.22
21032.87 21034.38
21032.48 21034.28
21032.48 21034.28
21032.67 21033.83
21032.67 21033.83
21031.90 21033.61
21031.90 21033.61
21032.47 21034.28
21031.91 21033.59
21031.91 21033.59
21032.89 21034.36
21032.89 21034.36
21034.22 21036.03
21034.22 21036.03
21036.53 21038.47
21037.28 21039.22
21037.28 21039.22
21037.65 21039.35
21037.65 21039.35
21037.21 21039.04
21037.21 21039.04
21037.39 21038.86
21037.39 21038.86
21035.23 21037.03
21034.90 21036.61
21034.90 21036.61
21033.40 21034.60
21033.40 21034.60
21032.78 21034.73
21034.12 21036.64
21034.12 21036.64
21034.12 21036.64
21034.83 21036.92
21031.65 21033.36
21031.65 21033.36
21031.65 21033.36
21033.13 21035.37
21033.13 21035.37
21033.13 21035.37
21033.72 21035.53
21033.72 21035.53
21033.71 21035.54
21032.58 21034.67
21032.58 21034.67
21031.97 21033.78
21031.97 21033.78
21031.98 21033.78
21031.98 21033.78
21031.88 21033.37
21031.88 21033.37
21031.98 21033.78
21032.21 21034.04
21032.21 21034.04
21032.15 21033.85
21032.15 21033.85
21032.14 21033.86
21032.14 21033.86
21032.15 21033.85
21032.15 21033.85
21032.15 21033.85
21032.15 21033.85
21032.15 21033.85
21032.15 21033.85
21032.53 21034.48
21032.82 21036.18
21032.82 21036.18
21035.88 21038.12
21035.88 21038.12
21037.72 21039.53
21037.72 21039.53
21037.66 21039.35
21037.53 21039.48
21037.53 21039.48
21037.64 21039.36
21037.64 21039.36
21037.64 21039.36
21038.64 21040.11
21038.64 21040.11
21038.64 21040.11
21038.21 21040.04
21038.16 21039.84
21038.16 21039.84
21038.23 21040.03
21038.23 21040.03
21038.23 21040.03
21037.78 21039.72
21038.47 21040.28
21038.47 21040.28
21038.47 21040.28
21038.47 21040.28
21038.47 21040.28
21038.47 21040.28
21037.83 21039.92
21037.83 21039.92
21037.53 21039.47
21037.53 21039.47
21040.72 21042.53
21040.72 21042.53
21040.72 21042.53
21040.53 21042.48
21041.22 21043.03
21041.22 21043.03
21041.23 21043.03
21041.22 21043.03
21041.22 21043.03
21040.90 21042.60
21040.90 21042.60
21041.15 21042.86
21040.83 21042.92
21040.83 21042.92
21041.22 21043.03
21041.23 21043.03
21041.23 21043.03
21041.48 21043.28
21041.48 21043.28
21041.47 21043.28
21041.47 21043.28
21041.89 21043.36
21042.15 21043.86
21042.15 21043.86
21042.15 21043.86
21043.14 21044.61
21043.14 21044.61
21041.48 21043.28
21041.48 21043.28
21041.48 21043.28
21041.92 21043.09
21039.53 21041.47
21039.53 21041.47
21039.83 21041.92
21039.83 21041.92
21040.12 21042.64
21040.12 21042.64
21041.58 21043.67
21041.58 21043.67
21042.16 21043.84
21042.16 21043.84
21041.33 21043.42
21041.33 21043.42
21041.28 21043.23
21041.28 21043.23
21041.28 21043.23
21041.28 21043.23
21041.22 21043.03
21041.22 21043.03
21040.53 21042.48
21040.39 21042.11
21040.39 21042.11
21042.28 21044.22
21042.28 21044.22
21041.72 21043.53
21041.72 21043.53
21042.08 21044.17
21042.73 21044.53
21042.73 21044.53
21042.28 21044.22
21041.78 21043.72
21041.78 21043.72
21041.78 21043.72
21041.78 21043.72
21042.08 21044.17
21042.08 21044.17
21042.58 21044.67
21043.15 21044.85
21043.15 21044.85
21042.72 21044.53
21042.72 21044.53
21042.46 21044.29
21042.97 21044.78
21042.97 21044.78
21042.53 21044.48
21042.53 21044.48
21042.71 21044.54
21042.71 21044.54
21042.78 21044.72
21042.78 21044.72
21042.72 21044.53
21042.53 21044.47
21042.53 21044.47
21042.53 21044.47
21041.88 21043.38
21044.14 21045.61
21044.14 21045.61
21044.13 21045.62
21044.13 21045.62
21044.13 21045.62
21044.18 21045.33
21044.18 21045.33
21044.18 21045.33
21044.23 21046.03
21044.23 21046.03
21044.62 21046.13
21044.62 21046.13
21044.41 21046.09
21044.65 21046.36
21044.65 21046.36
21044.22 21046.03
21044.41 21046.09
21044.41 21046.09
21044.41 21046.09
21044.41 21046.09
21043.08 21045.17
21043.08 21045.17
21043.03 21044.98
21043.03 21044.98
21042.73 21044.53
21042.71 21044.54
21042.71 21044.54
21042.21 21044.04
21041.47 21043.28
21041.47 21043.28
21041.88 21043.38
21041.88 21043.38
21041.88 21043.38
21041.97 21043.78
21041.97 21043.78
21042.17 21043.33
21042.17 21043.33
21042.15 21043.86
21042.15 21043.86
21042.14 21043.86
21042.14 21043.86
21042.14 21043.86
21041.90 21043.10
21041.88 21043.38
21041.88 21043.38
21039.38 21040.88
21039.38 21040.88
21039.39 21040.86
21039.39 21040.86
21039.15 21040.86
21039.15 21040.86
21039.39 21040.86
21042.65 21043.85
21042.65 21043.85
21042.67 21043.83
21042.67 21043.83
21041.65 21043.35
21041.65 21043.35
21040.90 21042.60
21040.90 21042.60
21039.90 21041.61
21039.90 21041.61
21039.91 21041.59
21040.13 21041.63
21040.13 21041.63
21038.63 21040.13
21037.91 21039.59
21037.91 21039.59
21038.46 21040.29
21038.46 21040.29
21038.66 21040.34
21038.66 21040.34
21038.65 21040.36
21038.65 21040.36
21038.65 21040.36
21038.65 21040.36
21038.64 21040.36
21038.89 21040.36
21038.89 21040.36
21038.89 21040.36
21039.17 21040.33
21039.17 21040.33
21038.65 21040.35
21038.14 21039.86
21038.14 21039.86
21038.16 21039.84
21038.16 21039.84
21039.12 21040.63
21039.12 21040.63
21039.12 21040.63
21039.12 21040.63
21039.12 21040.63
21039.12 21040.63
21039.15 21040.35
21038.65 21040.36
21038.65 21040.36
21038.91 21040.59
21038.66 21040.34
21038.66 21040.34
21038.56 21039.19
21039.15 21040.35
21039.15 21040.35
21039.73 21041.53
21040.40 21042.11
21040.40 21042.11
21042.17 21043.33
21042.41 21044.09
21042.41 21044.09
21041.15 21042.86
21041.15 21042.86
21041.62 21043.13
21041.62 21043.13
21041.64 21043.11
21041.64 21043.11
21041.64 21043.11
21041.64 21043.36
21041.64 21043.36
21041.65 21043.35
21041.65 21043.35
21041.68 21042.83
21041.68 21042.83
21041.68 21042.83
21041.89 21043.61
21042.15 21043.86
21042.15 21043.86
21044.14 21045.61
21044.89 21046.36
21044.89 21046.36
21044.63 21046.13
21044.63 21046.13
21044.88 21046.37
21044.87 21046.38
21044.87 21046.38
21044.87 21046.38
21044.31 21044.95
21044.31 21044.95
21042.65 21044.35
21042.65 21044.35
21042.14 21043.61
21043.39 21044.86
21043.39 21044.86
21043.14 21044.61
21043.14 21044.61
21043.63 21045.13
21043.63 21045.13
21043.63 21045.13
21043.64 21045.11
21042.91 21044.60
21042.91 21044.60
21042.40 21044.11
21042.40 21044.11
21042.89 21044.36
21042.89 21044.36
21042.64 21044.36
21043.38 21044.88
21043.38 21044.88
21043.38 21044.88
21043.38 21044.88
21043.89 21045.61
21043.89 21045.61
21043.89 21045.61
21044.66 21046.34
21044.65 21046.36
21044.65 21046.36
21044.90 21046.61
21044.90 21046.61
21044.90 21046.61
21045.14 21046.61
21045.14 21046.61
21045.13 21046.62
21045.13 21046.62
21045.39 21047.11
21045.39 21047.11
21045.40 21046.60
21045.40 21046.60
21045.64 21047.11
21045.64 21047.11
21045.64 21047.11
21045.63 21047.13
21045.63 21047.13
21046.14 21047.61
21046.16 21047.84
21046.16 21047.84
21046.16 21047.84
21047.03 21048.97
21047.03 21048.97
21046.40 21048.11
21046.40 21048.11
21046.40 21048.11
21046.40 21048.11
21046.40 21048.11
21045.97 21047.78
21045.66 21047.34
21045.66 21047.34
21045.66 21047.34
21045.66 21047.34
21045.66 21047.34
21045.66 21047.34
21045.66 21047.34
21045.65 21047.36
21045.65 21047.36
21045.65 21047.36
21045.65 21047.36
21045.90 21047.60
21045.90 21047.60
21046.40 21048.10
21046.40 21048.10
21046.39 21048.11
21046.39 21048.11
21046.71 21048.54
21046.66 21048.34
21046.64 21048.11
21046.64 21048.11
21046.63 21048.13
21046.63 21048.13
21046.39 21047.86
21046.39 21047.86
21046.39 21047.86
21046.39 21047.86
21046.39 21047.86
21046.37 21047.88
21046.37 21047.88
21046.40 21047.60
21046.40 21047.60
21046.40 21047.60
21045.88 21047.37
21045.88 21047.37
21045.88 21047.38
21045.88 21047.38
21045.68 21046.83
21045.68 21046.83
21045.68 21046.83
21045.68 21046.83
21045.67 21046.83
21045.64 21047.11
21045.64 21047.11
21045.64 21047.11
21045.62 21047.13
21045.62 21047.13
21045.64 21047.11
21045.64 21047.11
21045.64 21047.11
21045.90 21047.61
21045.90 21047.61
21045.63 21047.13
21045.63 21047.13
21044.89 21046.36
21044.89 21046.36
21044.38 21045.88
21045.13 21046.63
21045.13 21046.63
21041.13 21042.63
21041.13 21042.63
21042.93 21044.08
21042.93 21044.08
21042.93 21044.08
21042.62 21044.13
21042.62 21044.13
21042.64 21044.11
21042.64 21044.11
21042.64 21044.11
21042.41 21044.09
21042.41 21044.09
21042.92 21044.08
21042.92 21044.08
21042.90 21044.10
21042.90 21044.10
21042.15 21043.86
21041.56 21042.19
21041.56 21042.19
21041.56 21042.19
21041.16 21042.84
21041.16 21042.84
21041.17 21042.33
21041.17 21042.33
21041.17 21042.33
21041.16 21042.34
21041.16 21042.34
21041.16 21042.34
21041.39 21042.86
21041.41 21042.60
21041.41 21042.60
21041.14 21042.61
21041.14 21042.61
21041.14 21042.61
21041.16 21042.34
21041.16 21042.34
21041.42 21042.59
21041.42 21042.59
21040.39 21041.86
21040.39 21041.86
21036.90 21038.61
21036.90 21038.61
21035.14 21036.61
21035.14 21036.61
21035.12 21036.63
21035.41 21036.60
21035.41 21036.60
21035.14 21036.61
21036.22 21038.03
21037.17 21038.34
21037.17 21038.34
21035.89 21037.36
21035.89 21037.36
21035.88 21037.37
21035.88 21037.37
21034.18 21035.33
21034.18 21035.33
21037.14 21038.61
21037.37 21038.88
21037.37 21038.88
21037.37 21038.88
21037.62 21039.13
21037.64 21039.11
21037.38 21038.88
21037.38 21038.88
21038.68 21039.83
21038.68 21039.83
21038.97 21040.78
21038.97 21040.78
21039.16 21040.34
21039.16 21040.34
21039.16 21040.34
21039.16 21040.34
21038.90 21040.10
21038.90 21040.10
21038.64 21040.11
21038.64 21040.11
21038.64 21040.11
21038.92 21040.09
21038.92 21040.09
21038.93 21040.08
21038.93 21040.08
21038.89 21040.36
21039.64 21041.11
21039.64 21041.11
21040.15 21041.86
21040.15 21041.86
21040.39 21041.86
21040.39 21041.86
21040.13 21041.63
21040.13 21041.63
21039.91 21041.59
21039.91 21041.59
21039.91 21041.59
21039.90 21041.61
21039.40 21041.11
21039.40 21041.11
21038.63 21040.13
21038.63 21040.13
21038.88 21040.38
21038.88 21040.38
21039.43 21040.58
21039.64 21041.11
21039.64 21041.11
21038.89 21040.61
21038.89 21040.61
21039.14 21040.61
21037.90 21039.61
21037.90 21039.61
21037.64 21039.11
21037.64 21039.11
21037.64 21039.11
21037.64 21039.11
21038.14 21039.61
21038.14 21039.61
21039.16 21040.84
21038.88 21040.37
21038.88 21040.37
21038.88 21040.37
21039.64 21041.11
21039.64 21041.11
21040.16 21041.34
21040.16 21041.34
21040.40 21042.10
21040.40 21042.10
21040.89 21042.36
21041.91 21043.10
21041.91 21043.10
21041.64 21043.11
21041.64 21043.11
21041.62 21043.13
21041.39 21043.11
21041.39 21043.11
21041.39 21043.11
21042.14 21043.61
21042.14 21043.61
21042.14 21043.61
21042.62 21044.13
21041.89 21043.36
21041.89 21043.36
21041.89 21043.36
21041.89 21043.36
21042.63 21044.12
21042.63 21044.12
21042.65 21043.85
21043.87 21045.38
21043.87 21045.38
21043.89 21045.36
21043.89 21045.36
21043.89 21045.36
21043.65 21045.35
21043.65 21045.35
