21001.92 21003.08
21001.92 21003.08
21001.92 21003.08
21001.92 21003.08
21001.42 21002.58
21001.42 21002.58
21000.80 21001.45
21000.80 21001.45
21001.17 21002.33
21001.17 21002.33
21001.17 21002.33
21001.39 21002.86
21002.41 21003.59
21002.41 21003.59
21001.92 21003.08
21001.92 21003.08
21001.41 21002.60
21001.41 21002.60
21002.16 21003.34
21002.13 21003.62
21002.13 21003.62
21002.13 21003.62
21002.16 21003.34
21002.16 21003.34
21002.16 21003.34
21002.16 21003.34
21002.16 21003.34
21002.55 21003.20
21002.62 21004.13
21002.62 21004.13
21002.67 21003.83
21002.67 21003.83
21002.67 21003.83
21002.63 21004.12
21002.38 21003.87
21002.38 21003.87
21002.38 21003.87
21002.38 21003.87
21002.38 21003.87
21002.17 21003.33
21002.16 21003.34
21002.16 21003.34
21002.16 21003.34
21002.16 21003.34
21001.63 21003.12
21001.63 21003.12
21001.91 21003.09
21001.91 21003.09
21000.42 21001.58
20999.88 21001.37
20999.88 21001.37
21000.17 21001.33
21000.17 21001.33
21000.41 21001.59
21000.41 21001.59
21000.42 21001.58
21000.42 21001.58
20999.91 21001.09
20999.91 21001.09
20999.41 21000.59
20999.41 21000.59
20999.92 21001.08
20999.92 21001.08
20999.38 21000.87
20997.17 20998.33
20997.17 20998.33
20997.16 20998.34
20997.63 20999.12
20997.63 20999.12
20998.66 20999.84
20998.66 20999.84
20999.16 21000.34
20999.16 21000.34
20999.67 21000.83
20999.67 21000.83
20999.38 21000.87
20999.38 21000.87
20999.38 21000.87
20999.67 21000.83
20999.67 21000.83
20999.63 21001.12
20999.64 21001.11
20999.64 21001.11
21000.80 21001.45
21000.80 21001.45
21000.40 21001.60
21000.40 21001.60
21000.39 21001.86
21000.39 21001.86
21000.39 21001.86
21000.39 21001.86
21000.39 21001.86
21000.41 21001.59
21000.41 21001.59
21000.31 21000.94
21000.31 21000.94
20998.92 21000.09
20998.92 21000.09
20999.92 21001.09
20999.39 21000.86
20999.39 21000.86
20999.39 21000.86
20999.06 20999.69
20999.41 21000.59
20999.41 21000.59
20999.64 21001.11
20999.41 21000.60
20999.41 21000.60
20999.41 21000.59
20999.41 21000.59
20999.14 21000.61
20999.14 21000.61
20999.14 21000.61
20999.39 21000.86
20999.39 21000.86
21000.17 21001.33
21000.17 21001.33
20998.37 20999.88
20998.37 20999.88
20998.41 20999.59
20998.41 20999.59
20997.38 20998.87
20997.38 20998.87
20997.38 20998.87
20996.88 20998.37
20997.67 20998.83
20997.67 20998.83
20998.30 20998.95
20998.30 20998.95
20998.38 20999.87
20998.38 20999.87
20998.65 20999.85
20998.65 20999.85
20998.42 20999.59
20998.42 20999.59
20998.42 20999.58
20998.42 20999.58
20998.38 20999.87
20998.38 20999.87
20998.41 20999.59
20998.41 20999.59
20998.38 20999.87
20998.38 20999.87
20997.89 20999.36
20997.89 20999.36
20997.89 20999.36
20997.89 20999.36
20997.89 20999.36
20997.88 20999.37
20997.88 20999.37
20998.16 20999.35
20998.14 20999.61
20998.14 20999.61
20998.56 20999.19
20998.56 20999.19
20996.41 20997.59
20996.41 20997.59
20996.17 20997.33
20996.17 20997.33
20996.55 20997.20
20996.55 20997.20
20996.55 20997.20
20996.55 20997.20
20996.66 20997.84
20996.89 20998.36
20996.89 20998.36
20997.17 20998.33
20997.17 20998.33
20997.17 20998.33
20997.17 20998.33
20997.17 20998.33
20997.30 20997.95
20997.30 20997.95
20996.67 20997.83
20995.16 20996.34
20995.16 20996.34
20995.16 20996.34
20995.16 20996.34
20995.16 20996.34
20994.42 20995.58
20993.41 20994.59
20993.41 20994.59
20993.16 20994.34
20993.16 20994.34
20994.91 20996.09
20994.88 20996.37
20994.88 20996.37
20995.42 20996.58
20996.12 20997.63
20996.12 20997.63
20996.13 20997.62
20996.13 20997.62
20996.81 20997.44
20995.40 20996.60
20995.40 20996.60
20995.41 20996.59
20995.41 20996.59
20995.14 20996.61
20995.14 20996.61
20994.92 20996.08
20994.92 20996.08
20994.39 20995.86
20994.30 20994.95
20994.30 20994.95
20994.30 20994.95
20993.66 20994.84
20993.66 20994.84
20993.91 20995.09
20993.91 20995.09
20993.90 20995.10
20994.17 20995.34
20994.17 20995.34
20995.31 20995.94
20995.31 20995.94
20994.64 20996.11
20994.64 20996.11
20994.88 20996.37
20994.91 20996.09
20995.16 20996.34
20995.16 20996.34
20995.16 20996.34
20995.16 20996.34
20993.66 20994.84
20993.66 20994.84
20993.91 20995.10
20993.91 20995.10
20992.63 20994.12
20993.30 20993.95
20993.30 20993.95
20992.63 20994.12
20993.81 20994.44
20993.81 20994.44
20993.81 20994.44
20993.81 20994.44
20993.81 20994.44
20994.06 20994.69
20994.06 20994.69
20993.67 20994.83
20993.67 20994.83
20993.66 20994.84
20993.63 20995.12
20993.63 20995.12
20993.66 20994.85
20993.66 20994.85
20992.55 20993.20
20992.55 20993.20
20992.55 20993.20
20992.67 20993.84
20992.91 20994.09
20992.91 20994.09
20992.87 20994.38
20992.87 20994.38
20993.87 20995.38
20994.67 20995.83
20994.67 20995.83
20994.66 20995.84
20994.67 20995.83
20994.67 20995.83
20994.67 20995.83
20994.15 20995.35
20994.15 20995.35
20994.15 20995.35
20995.05 20995.70
20993.62 20995.13
20993.62 20995.13
20994.31 20994.94
20994.55 20995.20
20994.55 20995.20
20994.38 20995.87
20994.38 20995.87
20994.38 20995.87
20994.66 20995.84
20994.66 20995.84
20995.05 20995.70
20995.05 20995.70
20994.17 20995.33
20994.17 20995.33
20994.42 20995.58
20995.42 20996.59
20995.42 20996.59
20995.67 20996.83
20995.66 20996.84
20995.66 20996.84
20994.90 20996.10
20994.90 20996.10
20995.30 20995.95
20995.30 20995.95
20995.30 20995.95
20994.92 20996.08
20994.92 20996.08
20995.13 20996.62
20995.13 20996.62
20995.13 20996.62
20995.67 20996.83
20995.67 20996.83
20995.14 20996.61
20995.41 20996.59
20995.41 20996.59
20995.41 20996.59
20995.41 20996.59
20996.13 20997.62
20996.13 20997.62
20996.13 20997.62
20995.87 20997.38
