20891.38 20892.88
20891.38 20892.88
20892.64 20894.11
20892.12 20893.63
20892.12 20893.63
20889.88 20891.37
20889.88 20891.37
20890.12 20891.63
20889.65 20890.85
20889.65 20890.85
20889.65 20890.85
20889.62 20891.13
20889.62 20891.13
20888.89 20890.36
20888.88 20890.38
20888.88 20890.38
20890.16 20891.35
20888.13 20889.62
20888.13 20889.62
20889.88 20891.38
20889.88 20891.38
20890.13 20891.62
20891.43 20892.58
20891.43 20892.58
20890.67 20891.83
20890.38 20891.88
20890.38 20891.88
20890.65 20891.85
20891.38 20892.88
20891.38 20892.88
20890.92 20892.08
20890.91 20892.09
20890.91 20892.09
20891.42 20892.59
20891.42 20892.59
20890.16 20891.34
20890.16 20891.34
20887.42 20888.58
20888.87 20890.38
20888.87 20890.38
20890.38 20891.87
20891.12 20892.63
20889.67 20890.83
20889.67 20890.83
20885.12 20886.63
20885.12 20886.63
20881.90 20883.10
20881.87 20883.38
20881.87 20883.38
20882.38 20883.87
20883.38 20884.87
20883.62 20885.13
20883.62 20885.13
20884.13 20885.62
20882.13 20883.63
20882.13 20883.63
20880.13 20881.62
20880.13 20881.62
20880.16 20881.35
20881.13 20882.62
20881.13 20882.62
20881.62 20883.13
20882.38 20883.87
20882.66 20883.84
20882.66 20883.84
20881.42 20882.58
20881.42 20882.58
20882.41 20883.59
20882.42 20883.58
20882.42 20883.58
20881.13 20882.63
20880.37 20881.88
20880.37 20881.88
20879.67 20880.83
20878.64 20880.11
20878.64 20880.11
20877.18 20878.33
20875.63 20877.12
20875.63 20877.12
20875.62 20877.13
20875.89 20877.36
20875.89 20877.36
20875.17 20876.33
20875.17 20876.33
20875.17 20876.33
20875.66 20876.84
20875.66 20876.84
20875.93 20877.08
20872.56 20873.19
20872.56 20873.19
20873.16 20874.35
20875.66 20876.84
20875.66 20876.84
20876.42 20877.58
20875.91 20877.09
20875.91 20877.09
20874.92 20876.08
20874.92 20876.08
20876.15 20877.35
20876.87 20878.38
20876.87 20878.38
20876.38 20877.88
20874.66 20875.84
20874.66 20875.84
20874.17 20875.33
20875.12 20876.63
20875.12 20876.63
20875.31 20875.94
20875.31 20875.94
20871.63 20873.12
20873.67 20874.84
20873.67 20874.84
20873.38 20874.87
20876.14 20877.61
20876.14 20877.61
20878.15 20879.35
20879.66 20880.85
20879.66 20880.85
20881.66 20882.84
20881.66 20882.84
20881.87 20883.38
20883.13 20884.62
20883.13 20884.62
20882.14 20883.61
20884.66 20885.84
20884.66 20885.84
20883.16 20884.34
20883.39 20884.86
20883.39 20884.86
20884.88 20886.37
20884.88 20886.37
20884.63 20886.12
20884.13 20885.62
20884.13 20885.62
20884.67 20885.84
20883.89 20885.36
20883.89 20885.36
20887.42 20888.58
20888.15 20889.35
20888.15 20889.35
20888.81 20889.44
20889.16 20890.34
20889.16 20890.34
20889.17 20890.33
20889.92 20891.08
20889.92 20891.08
20890.65 20891.85
20890.66 20891.84
20890.66 20891.84
20892.63 20894.12
20892.66 20893.84
20892.66 20893.84
20893.12 20894.63
20891.92 20893.08
20891.92 20893.08
20890.42 20891.58
20890.42 20891.58
20889.67 20890.83
20888.42 20889.58
20888.42 20889.58
20889.16 20890.34
20890.65 20891.85
20890.65 20891.85
20890.62 20892.13
20890.62 20892.13
20891.38 20892.87
20891.38 20892.87
20891.12 20892.63
20891.67 20892.83
20891.67 20892.83
20889.13 20890.62
20886.88 20888.37
20886.88 20888.37
20885.91 20887.10
20882.17 20883.34
20882.17 20883.34
20880.63 20882.13
20881.12 20882.63
20881.12 20882.63
20883.12 20884.63
20881.67 20882.83
20881.67 20882.83
20880.65 20881.85
20880.17 20881.33
20880.17 20881.33
20879.15 20880.35
20879.15 20880.35
20874.66 20875.84
20875.64 20877.11
20875.64 20877.11
20877.16 20878.34
20876.88 20878.37
20876.88 20878.37
20881.40 20882.60
20882.16 20883.35
20882.16 20883.35
20883.16 20884.34
20881.62 20883.13
20881.62 20883.13
20880.63 20882.13
20880.92 20882.08
20880.92 20882.08
20880.39 20881.86
20880.15 20881.35
20880.15 20881.35
20880.68 20881.83
20880.92 20882.08
20880.92 20882.08
20880.88 20882.38
20880.88 20882.38
20880.67 20881.83
20880.63 20882.12
20880.63 20882.12
20880.89 20882.36
20880.89 20882.36
20881.42 20882.58
20881.42 20882.58
20880.67 20881.83
20880.92 20882.08
20882.88 20884.37
20882.88 20884.37
20882.64 20884.11
20880.39 20881.86
20880.39 20881.86
20880.17 20881.34
20880.17 20881.34
20880.62 20882.13
20874.91 20876.09
20874.91 20876.09
20874.38 20875.87
20873.92 20875.08
20873.92 20875.08
20874.12 20875.63
20874.91 20876.09
20874.91 20876.09
20874.67 20875.83
20874.39 20875.86
20874.39 20875.86
20875.13 20876.62
20875.88 20877.37
20875.88 20877.37
20876.37 20877.88
20876.12 20877.63
20876.12 20877.63
20876.88 20878.37
20876.88 20878.37
20873.63 20875.12
20874.63 20876.12
20874.63 20876.12
20875.38 20876.87
20875.17 20876.33
20875.17 20876.33
20874.13 20875.62
20874.13 20875.62
20874.38 20875.87
20875.41 20876.59
20875.41 20876.59
20873.63 20875.12
20873.41 20874.59
20873.41 20874.59
20873.13 20874.62
20873.15 20874.35
20873.15 20874.35
20872.89 20874.36
20873.66 20874.84
20873.66 20874.84
20873.37 20874.88
20873.15 20874.35
20873.15 20874.35
20870.17 20871.33
20869.42 20870.59
20869.42 20870.59
20870.17 20871.33
20870.17 20871.33
20871.43 20872.58
20873.17 20874.33
20873.17 20874.33
20872.13 20873.63
20873.88 20875.37
20873.88 20875.37
20875.39 20876.86
20879.06 20879.69
20879.06 20879.69
20879.67 20880.83
20878.64 20880.11
20878.64 20880.11
20878.92 20880.08
20879.90 20881.10
20879.90 20881.10
20879.91 20881.09
20879.91 20881.09
20879.62 20881.13
20878.17 20879.33
20878.17 20879.33
20876.91 20878.09
20876.89 20878.36
20876.89 20878.36
20875.65 20876.85
20875.65 20876.85
20876.41 20877.59
20874.92 20876.08
20874.92 20876.08
20875.16 20876.34
20874.62 20876.13
20874.62 20876.13
20874.38 20875.87
20874.38 20875.87
20874.13 20875.62
20876.17 20877.33
20876.17 20877.33
20876.66 20877.84
20876.66 20877.84
20875.89 20877.36
20876.37 20877.88
20876.37 20877.88
20876.90 20878.10
20876.37 20877.88
20876.37 20877.88
20876.65 20877.85
20876.62 20878.13
20876.62 20878.13
20874.63 20876.12
20875.38 20876.88
20875.38 20876.88
20873.16 20874.34
20873.16 20874.34
20873.88 20875.37
20874.14 20875.61
20874.14 20875.61
20873.63 20875.12
20874.14 20875.61
20874.14 20875.61
20873.63 20875.13
20875.88 20877.37
20875.88 20877.37
20875.89 20877.36
20875.92 20877.08
20877.15 20878.35
20877.15 20878.35
20878.42 20879.58
20878.38 20879.87
20878.38 20879.87
20879.68 20880.83
20881.16 20882.34
20881.16 20882.34
20881.17 20882.33
20881.17 20882.33
20879.18 20880.33
20878.66 20879.84
20878.66 20879.84
20879.42 20880.58
20881.42 20882.58
20881.42 20882.58
20880.88 20882.38
20880.92 20882.08
20880.92 20882.08
20882.16 20883.34
20880.67 20881.83
20880.67 20881.83
20880.62 20882.13
20880.13 20881.62
20880.13 20881.62
20880.17 20881.33
20879.88 20881.37
20879.88 20881.37
20880.39 20881.86
20882.90 20884.10
20882.90 20884.10
20883.13 20884.62
20883.92 20885.08
20883.92 20885.08
20883.62 20885.13
20883.17 20884.34
20883.17 20884.34
20882.88 20884.37
20882.88 20884.37
20882.64 20884.11
20880.92 20882.08
20880.92 20882.08
20880.64 20882.11
20880.38 20881.87
20880.38 20881.87
20882.12 20883.63
20882.88 20884.38
20882.88 20884.38
20882.38 20883.87
20882.39 20883.86
20882.39 20883.86
20883.17 20884.33
20883.40 20884.60
20883.40 20884.60
20883.13 20884.62
20881.92 20883.08
20881.92 20883.08
20882.65 20883.85
20882.37 20883.88
20882.37 20883.88
20882.39 20883.86
20882.67 20883.83
20882.67 20883.83
20883.41 20884.59
20883.41 20884.59
20883.38 20884.88
20884.12 20885.63
20884.12 20885.63
20884.42 20885.58
20882.64 20884.11
20882.64 20884.11
20882.92 20884.08
20882.92 20884.08
20882.89 20884.36
20881.87 20883.38
20881.87 20883.38
20885.90 20887.10
20886.42 20887.58
20886.42 20887.58
20886.38 20887.87
20887.39 20888.86
20887.39 20888.86
20888.81 20889.44
20889.90 20891.10
20889.90 20891.10
20890.62 20892.13
20891.13 20892.62
20891.13 20892.62
20891.66 20892.84
20893.13 20894.62
20893.13 20894.62
20891.62 20893.13
20891.64 20893.11
20891.64 20893.11
20890.41 20891.59
20890.66 20891.84
20890.66 20891.84
20890.67 20891.83
20890.67 20891.83
20891.15 20892.35
20891.15 20892.35
20891.17 20892.33
20892.38 20893.87
20892.38 20893.87
20891.62 20893.13
20890.89 20892.36
20890.89 20892.36
20891.62 20893.13
20891.37 20892.88
20891.37 20892.88
20891.92 20893.08
20891.92 20893.08
20892.14 20893.61
20890.37 20891.88
20890.37 20891.88
20888.42 20889.58
20888.38 20889.87
20888.38 20889.87
20893.66 20894.85
20896.41 20897.59
20896.41 20897.59
20897.81 20898.44
20896.56 20897.19
20896.56 20897.19
20900.16 20901.34
20899.88 20901.37
20899.88 20901.37
20899.66 20900.84
20899.92 20901.08
20899.92 20901.08
20898.41 20899.59
20898.41 20899.59
20897.42 20898.58
20896.64 20898.11
20896.64 20898.11
20896.39 20897.86
20895.88 20897.37
20895.88 20897.37
20896.15 20897.35
20895.64 20897.11
20895.64 20897.11
20895.67 20896.83
20897.16 20898.34
20897.16 20898.34
20896.64 20898.11
20896.64 20898.11
20896.37 20897.88
20897.14 20898.61
20897.14 20898.61
20896.90 20898.10
20898.37 20899.88
20898.37 20899.88
20899.42 20900.59
20899.67 20900.83
20899.67 20900.83
20899.91 20901.09
20899.12 20900.63
20899.12 20900.63
20899.93 20901.08
20899.16 20900.35
20899.16 20900.35
20899.65 20900.85
20898.63 20900.12
20898.63 20900.12
20898.62 20900.13
20898.40 20899.60
20898.40 20899.60
20898.16 20899.34
20898.16 20899.34
20897.88 20899.37
20900.17 20901.33
20901.17 20902.33
20901.17 20902.33
20901.91 20903.09
20901.42 20902.58
20901.42 20902.58
20907.41 20908.60
20907.66 20908.84
20907.66 20908.84
20908.92 20910.08
20908.91 20910.09
20908.91 20910.09
20906.42 20907.58
20907.40 20908.60
20907.40 20908.60
20909.14 20910.61
20909.14 20910.61
20909.42 20910.58
20907.91 20909.09
20907.91 20909.09
20903.16 20904.34
20902.67 20903.83
20902.67 20903.83
20903.42 20904.58
20903.14 20904.61
20903.14 20904.61
20904.16 20905.34
20904.65 20905.85
20904.65 20905.85
20903.92 20905.08
20902.40 20903.60
20902.40 20903.60
20902.17 20903.33
20902.62 20904.13
20902.62 20904.13
20902.17 20903.33
20902.17 20903.33
20905.81 20906.44
20906.16 20907.35
20906.16 20907.35
20905.15 20906.35
20904.13 20905.62
20904.13 20905.62
20904.16 20905.35
20904.92 20906.08
20904.92 20906.08
20905.92 20907.09
20903.87 20905.38
20903.87 20905.38
20904.87 20906.38
20904.13 20905.62
20904.13 20905.62
20902.14 20903.61
20902.14 20903.61
20902.91 20904.10
20902.93 20904.08
20902.93 20904.08
20902.66 20903.84
20902.66 20903.84
20899.17 20900.33
20899.17 20900.33
20901.62 20903.13
20902.17 20903.33
20902.17 20903.33
20902.15 20903.35
20902.17 20903.33
20902.17 20903.33
20901.13 20902.62
20901.13 20902.62
20900.17 20901.33
20899.88 20901.38
20899.88 20901.38
20900.88 20902.37
20899.41 20900.59
20899.41 20900.59
20899.17 20900.33
20897.67 20898.83
20897.67 20898.83
20899.38 20900.87
20899.92 20901.08
20899.92 20901.08
20900.39 20901.86
20900.39 20901.86
20901.41 20902.59
20902.06 20902.69
20902.15 20903.35
20902.15 20903.35
20901.92 20903.08
20900.67 20901.83
20900.67 20901.83
20901.63 20903.12
20900.89 20902.36
20900.89 20902.36
20902.16 20903.35
20902.16 20903.35
20901.90 20903.10
20901.67 20902.83
20901.67 20902.83
20900.13 20901.63
20900.90 20902.10
20900.90 20902.10
20899.37 20900.88
20899.37 20900.88
20901.67 20902.83
20900.62 20902.13
20900.62 20902.13
20899.67 20900.83
20901.15 20902.35
20901.15 20902.35
20900.88 20902.37
20902.62 20904.13
20902.62 20904.13
20902.65 20903.85
20903.42 20904.59
20903.42 20904.59
20904.65 20905.85
