21043.65 21045.35
21043.65 21045.35
21043.65 21045.35
21043.65 21045.35
21043.39 21044.86
21043.39 21044.86
21043.39 21044.86
21043.90 21045.10
21044.16 21045.35
21044.16 21045.35
21044.55 21045.20
21044.55 21045.20
21043.90 21045.61
21043.90 21045.61
21043.90 21045.61
21043.89 21045.36
21043.39 21044.86
21043.39 21044.86
21043.39 21044.86
21043.39 21044.86
21043.39 21044.86
21043.39 21044.86
21044.17 21045.34
21044.17 21045.34
21044.16 21045.84
21044.16 21045.84
21043.88 21045.38
21043.88 21045.38
21043.15 21044.86
21043.15 21044.86
21043.15 21044.86
21043.15 21044.86
21041.91 21043.59
21041.91 21043.59
21042.64 21044.36
21042.64 21044.36
21043.22 21045.03
21043.22 21045.03
21043.38 21044.88
21043.38 21044.88
21043.39 21045.11
21043.88 21045.38
21043.88 21045.38
21044.42 21045.58
21042.89 21044.36
21042.89 21044.36
21043.41 21045.09
21043.41 21045.09
21043.40 21045.11
21043.40 21045.11
21044.12 21045.63
21044.12 21045.63
21044.41 21046.10
21044.41 21046.10
21043.89 21045.36
21043.89 21045.36
21043.90 21045.60
21043.90 21045.60
21043.41 21045.09
21043.41 21045.09
21043.64 21045.11
21043.64 21045.11
21043.64 21045.11
21043.22 21045.03
21043.22 21045.03
21043.22 21045.03
21043.41 21044.60
21043.41 21044.60
21043.41 21044.60
21042.15 21043.86
21042.39 21044.11
21042.39 21044.11
21042.13 21043.63
21042.13 21043.63
21041.97 21043.78
21042.15 21043.86
21042.15 21043.86
21041.91 21043.59
21041.91 21043.59
21040.42 21041.59
21040.42 21041.59
21039.73 21041.53
21039.73 21041.53
21039.73 21041.53
21039.66 21041.34
21039.66 21041.34
21039.66 21041.34
21039.16 21040.85
21039.14 21040.86
21039.14 21040.86
21039.14 21040.86
21039.14 21040.86
21039.41 21040.60
21038.15 21039.86
21038.15 21039.86
21038.38 21039.88
21038.38 21039.88
21038.18 21039.33
21038.18 21039.33
21037.13 21038.63
21036.64 21038.11
21036.64 21038.11
21036.64 21038.11
21036.63 21038.13
21036.63 21038.13
21036.63 21038.13
21036.88 21038.37
21037.14 21038.61
21037.14 21038.61
21035.65 21037.35
21035.65 21037.35
21035.65 21037.36
21036.14 21037.61
21036.14 21037.61
21036.63 21038.13
21036.63 21038.13
21036.89 21038.36
21036.89 21038.36
21036.63 21038.12
21036.63 21038.12
21037.39 21038.86
21037.12 21038.63
21037.12 21038.63
21036.89 21038.36
21036.89 21038.36
21036.89 21038.36
21037.13 21038.62
21037.13 21038.62
21037.39 21038.86
21037.39 21038.86
21037.14 21038.61
21037.14 21038.61
21038.15 21039.86
21038.15 21039.86
21038.16 21039.84
21038.16 21039.84
21038.64 21040.11
21038.64 21040.11
21039.15 21040.86
21039.14 21040.86
21039.14 21040.86
21039.89 21041.36
21039.89 21041.36
21040.38 21041.87
21040.38 21041.87
21040.39 21042.11
21040.39 21042.11
21040.64 21042.36
21040.64 21042.36
21040.88 21042.37
21040.65 21042.36
21040.65 21042.36
21040.65 21042.36
21040.65 21042.36
21040.65 21042.36
21041.17 21042.34
21041.66 21043.34
21041.66 21043.34
21041.66 21043.34
21041.66 21043.34
21040.91 21042.60
21041.15 21042.86
21041.15 21042.86
21042.66 21043.84
21041.89 21043.36
21041.89 21043.36
21041.89 21043.36
21041.92 21043.08
21041.92 21043.08
21041.64 21043.11
21041.64 21043.11
21041.64 21043.11
21041.65 21042.85
21041.65 21042.85
21041.17 21042.33
21041.92 21043.09
21041.92 21043.09
21039.90 21041.61
21040.16 21041.84
21040.16 21041.84
21039.47 21041.28
21039.47 21041.28
21039.47 21041.28
21039.47 21041.28
21041.17 21042.33
21041.17 21042.33
21041.40 21043.11
21041.40 21043.11
21041.38 21042.88
21041.38 21042.88
21041.38 21042.88
21041.38 21042.88
21041.40 21042.60
21041.40 21042.60
21041.40 21042.60
21041.40 21042.60
21041.40 21042.60
21041.41 21042.59
21041.12 21042.63
21041.12 21042.63
21041.43 21042.58
21041.43 21042.58
21041.43 21042.58
21041.64 21043.11
21041.90 21043.10
21041.90 21043.10
21042.63 21044.13
21042.63 21044.13
21042.63 21044.13
21042.63 21044.13
21042.39 21043.86
21042.39 21043.86
21042.39 21043.86
21042.39 21043.86
21042.42 21043.59
21042.42 21043.59
21041.38 21042.87
21041.38 21042.87
21041.38 21042.87
21041.38 21042.87
21041.38 21042.87
21041.38 21042.87
21040.64 21042.11
21040.64 21042.11
21040.64 21042.11
21040.63 21042.12
21040.63 21042.12
21040.62 21042.13
21040.62 21042.13
21040.92 21042.08
21040.92 21042.08
21040.92 21042.08
21040.92 21042.08
21040.92 21042.08
21040.92 21042.08
21040.91 21042.09
21041.42 21042.58
21041.42 21042.58
21041.39 21043.11
21041.39 21043.11
21041.39 21042.86
21041.39 21042.86
21041.15 21042.86
21041.15 21042.86
21040.65 21042.36
21040.65 21042.36
21040.88 21042.38
21040.88 21042.38
21039.14 21040.86
21039.14 21040.86
21039.15 21040.85
21039.47 21041.28
21039.47 21041.28
21039.46 21041.29
21039.46 21041.29
21039.40 21040.60
21039.40 21041.11
21039.40 21041.11
21039.40 21041.11
21039.66 21041.34
21039.66 21041.34
21039.72 21041.53
21039.72 21041.53
21040.53 21042.47
21040.53 21042.47
21040.48 21042.28
21041.39 21042.86
21041.39 21042.86
21041.39 21042.86
21041.39 21042.86
21041.46 21043.29
21041.46 21043.29
21040.64 21042.11
21040.64 21042.11
21040.65 21042.36
21040.65 21042.36
21040.16 21041.84
21039.66 21041.35
21039.66 21041.35
21039.64 21041.36
21039.64 21041.36
21040.15 21041.85
21040.15 21041.85
21039.48 21041.28
21039.48 21041.28
21039.48 21041.28
21039.88 21041.37
21039.88 21041.37
21040.14 21041.61
21040.15 21041.86
21040.15 21041.86
21040.15 21041.86
21040.15 21041.86
21040.15 21041.86
21040.39 21041.86
21040.39 21041.86
21040.38 21041.88
21040.38 21041.88
21040.38 21041.88
21040.38 21041.88
21040.38 21041.88
21040.38 21041.88
21040.72 21042.53
21040.72 21042.53
21040.72 21042.53
21040.72 21042.53
21040.66 21042.34
21040.66 21042.34
21040.66 21042.34
21040.66 21042.34
21040.21 21042.04
21040.21 21042.04
21040.48 21042.28
21040.48 21042.28
21040.21 21042.04
21040.21 21042.04
21040.64 21042.36
21040.64 21042.36
21040.64 21042.36
21040.72 21042.53
21040.72 21042.53
21040.72 21042.53
21040.72 21042.53
21040.81 21041.44
21040.81 21041.44
21040.81 21041.44
21040.65 21042.36
21040.65 21042.36
21040.65 21042.36
21040.46 21042.29
21040.98 21042.78
21040.98 21042.78
21041.65 21042.85
21041.65 21042.85
21041.65 21042.85
21041.39 21042.86
21041.39 21042.86
21040.47 21042.28
21040.39 21041.86
21040.39 21041.86
21039.90 21041.61
21039.90 21041.61
21039.90 21041.61
21039.90 21041.61
21039.90 21041.61
21040.14 21041.61
21040.14 21041.61
21040.14 21041.61
21040.14 21041.61
21039.96 21041.79
21039.96 21041.79
21039.96 21041.79
21039.78 21041.73
21039.78 21041.73
21039.78 21041.73
21037.64 21039.11
21037.64 21039.11
21037.23 21039.03
21037.23 21039.03
21037.23 21039.03
21037.21 21039.04
21037.21 21039.04
21037.40 21039.11
21037.40 21039.11
21037.40 21039.11
21038.41 21040.09
21039.47 21041.28
21039.47 21041.28
21039.40 21041.11
21039.40 21041.11
21039.48 21041.28
21039.48 21041.28
21039.40 21041.11
21039.40 21041.11
21039.55 21040.20
21039.55 21040.20
21039.55 21040.20
21039.55 21040.20
21039.55 21040.20
21038.92 21040.08
21038.92 21040.08
21038.92 21040.08
21038.64 21040.11
21038.64 21040.11
21038.64 21040.11
21038.64 21040.11
21038.64 21040.11
21038.64 21040.11
21037.97 21039.78
21037.97 21039.78
21037.97 21039.78
21037.97 21039.78
21038.16 21039.84
21038.16 21039.84
21038.16 21039.84
21037.72 21039.53
21037.72 21039.53
21037.72 21039.53
21038.14 21039.61
21038.14 21039.61
21038.13 21039.63
21038.73 21040.53
21038.73 21040.53
21038.73 21040.53
21037.64 21039.36
21037.64 21039.36
21037.64 21039.36
21037.64 21039.36
21037.64 21039.36
21037.73 21039.53
21037.73 21039.53
21037.39 21039.11
21037.39 21039.11
21037.15 21038.85
21037.15 21038.85
21037.23 21039.03
21037.23 21039.03
21037.23 21039.03
21037.66 21039.34
21037.66 21039.34
21037.66 21039.34
21037.66 21039.34
21037.66 21039.34
21037.66 21039.34
21037.66 21039.34
21037.66 21039.34
21039.05 21039.70
21039.05 21039.70
21039.05 21039.70
21039.64 21041.11
21039.40 21041.11
21039.40 21041.11
21039.40 21041.11
21040.30 21040.95
21040.30 21040.95
21040.30 21040.95
21038.72 21040.53
21038.72 21040.53
21038.98 21040.78
21039.39 21041.11
21039.39 21041.11
21039.39 21041.11
21039.14 21040.86
21039.14 21040.86
21038.97 21040.78
21038.97 21040.78
21038.33 21040.42
21038.33 21040.42
21037.72 21039.53
21037.72 21039.53
21037.90 21039.61
21037.90 21039.61
21037.47 21039.28
21037.47 21039.28
21037.67 21038.84
21036.98 21038.78
21036.98 21038.78
21037.66 21039.34
21038.65 21040.36
21038.65 21040.36
21039.14 21040.61
21039.14 21040.61
21039.41 21041.09
21039.41 21041.09
21039.64 21041.11
21039.88 21041.38
21039.88 21041.38
21039.88 21041.38
21039.63 21041.13
21039.63 21041.13
21038.97 21040.78
21038.97 21040.78
21038.97 21040.78
21038.15 21039.85
21038.14 21039.61
21038.14 21039.61
21038.14 21039.61
21038.14 21039.86
21038.14 21039.86
21037.73 21039.53
21037.73 21039.53
21037.39 21038.86
21037.72 21039.53
21037.72 21039.53
21038.15 21039.86
21038.15 21039.86
21037.90 21039.61
21037.90 21039.61
21037.90 21039.61
21037.87 21039.38
21037.87 21039.38
21037.91 21039.59
21037.91 21039.59
21037.91 21039.59
21037.91 21039.59
21037.91 21039.59
21037.91 21039.60
21037.91 21039.60
21037.89 21039.36
21036.89 21038.36
21036.89 21038.36
21036.89 21038.36
21036.88 21038.38
21036.40 21038.11
21036.40 21038.11
21036.39 21037.86
21036.39 21037.86
21036.15 21037.85
21035.40 21037.10
21035.40 21037.10
21035.47 21037.28
21035.47 21037.28
21035.47 21037.28
21035.73 21037.53
21035.73 21037.53
21035.97 21037.78
21035.97 21037.78
21035.97 21037.78
21035.97 21037.78
21035.97 21037.78
21036.16 21037.84
21036.16 21037.84
21036.53 21038.48
21036.53 21038.48
21037.48 21039.28
21037.48 21039.28
21037.66 21039.35
21037.66 21039.35
21037.66 21039.35
21037.64 21039.36
21037.64 21039.36
21038.63 21040.12
21038.63 21040.12
21036.97 21038.78
21036.97 21038.78
21036.89 21038.61
21036.89 21038.61
21037.06 21037.70
21037.06 21037.70
21037.40 21039.11
21037.40 21039.11
21037.21 21039.04
21037.21 21039.04
21037.91 21039.10
21037.91 21039.10
21037.91 21039.10
21036.96 21038.79
21036.96 21038.79
21036.89 21038.36
21037.98 21039.78
21037.98 21039.78
21037.98 21039.78
21037.98 21039.78
21038.39 21039.86
21038.39 21039.86
21038.66 21040.34
21038.66 21040.34
21038.88 21040.38
21038.88 21040.38
21038.88 21040.38
21038.88 21040.38
21038.47 21040.28
21038.47 21040.28
21038.47 21040.28
21036.39 21038.11
21037.89 21039.61
21037.89 21039.61
21038.40 21040.10
21038.40 21040.10
21038.22 21040.03
21038.64 21040.36
21038.64 21040.36
21038.66 21040.34
21038.66 21040.34
21038.89 21040.36
21038.87 21040.38
21038.87 21040.38
21038.87 21040.38
21038.14 21039.61
21038.43 21039.58
21038.43 21039.58
21038.88 21040.38
21038.89 21040.36
21038.89 21040.36
21038.89 21040.36
21039.48 21041.28
21039.48 21041.28
21039.46 21041.29
21039.38 21040.87
21039.38 21040.87
21039.38 21040.87
21039.38 21040.88
21039.38 21040.88
21039.39 21040.86
21039.39 21040.86
21039.39 21040.86
21039.98 21041.78
21039.98 21041.78
21040.66 21041.84
21040.66 21041.84
21039.89 21041.36
21039.89 21041.36
21039.89 21041.36
21039.89 21041.36
21039.64 21041.36
21039.64 21041.36
21039.64 21041.36
21039.64 21041.36
21039.65 21041.35
21039.65 21041.35
21039.14 21040.61
21039.14 21040.61
21039.14 21040.61
21039.39 21040.86
21039.88 21041.38
21039.88 21041.38
21039.64 21041.11
21039.64 21041.11
21039.67 21040.84
21039.67 21040.84
