20901.72 20903.53
20901.72 20903.53
20900.71 20902.54
20900.71 20902.54
20900.71 20902.54
20900.78 20902.73
20900.78 20902.73
20899.78 20901.73
20899.78 20901.73
20899.78 20901.73
20898.96 20900.79
20898.96 20900.79
20898.96 20900.79
20899.48 20901.28
20900.03 20901.98
20900.03 20901.98
20900.03 20901.97
20900.03 20901.97
20899.83 20901.92
20899.83 20901.92
20900.23 20902.03
20901.53 20903.48
20901.53 20903.48
20900.46 20902.29
20900.46 20902.29
20900.98 20902.78
20900.98 20902.78
20900.58 20902.67
20900.58 20902.67
20900.78 20902.73
20900.71 20902.54
20900.71 20902.54
20897.64 20899.11
20897.64 20899.11
20897.15 20898.86
20897.40 20899.10
20897.40 20899.10
20895.14 20896.61
20895.14 20896.61
20895.14 20896.61
20895.38 20896.87
20895.41 20897.09
20895.41 20897.09
20895.47 20897.28
20895.47 20897.28
20895.47 20897.28
20896.28 20898.23
20896.28 20898.23
20896.28 20898.23
20896.28 20898.23
20896.23 20898.03
20896.23 20898.03
20895.72 20897.53
20895.72 20897.53
20895.72 20897.53
20895.72 20897.53
20895.89 20897.61
20895.89 20897.61
20895.90 20897.60
20895.90 20897.60
20895.33 20897.42
20895.71 20897.54
20895.71 20897.54
20895.98 20897.78
20895.98 20897.78
20895.98 20897.78
20895.22 20897.03
20895.22 20897.03
20895.22 20897.03
20895.22 20897.03
20895.22 20897.03
20895.22 20897.03
20895.03 20896.98
20893.62 20895.13
20893.62 20895.13
20893.68 20894.83
20893.68 20894.83
20894.16 20895.84
20894.16 20895.84
20893.78 20895.72
20893.40 20895.10
20893.40 20895.10
20893.14 20894.86
20893.14 20894.86
20888.89 20890.36
20889.53 20891.47
20889.53 20891.47
20890.28 20892.23
20890.28 20892.23
20890.48 20892.28
20890.47 20892.28
20890.47 20892.28
20889.64 20891.11
20889.64 20891.11
20890.66 20892.34
20890.46 20892.29
20890.46 20892.29
20890.46 20892.29
20891.89 20893.36
20891.28 20893.23
20891.28 20893.23
20890.65 20892.35
20890.65 20892.35
20891.03 20892.98
20890.65 20892.35
20890.65 20892.35
20889.78 20891.72
20889.66 20891.34
20889.66 20891.34
20889.97 20891.78
20889.97 20891.78
20890.15 20891.85
20890.15 20891.85
20890.46 20892.29
20890.46 20892.29
20889.53 20891.47
20889.53 20891.47
20889.03 20890.97
20889.22 20891.03
20889.22 20891.03
20888.71 20890.54
20889.03 20890.98
20889.03 20890.98
20889.03 20890.98
20888.33 20890.42
20888.33 20890.42
20890.03 20891.98
20890.03 20891.98
20890.08 20892.17
20890.08 20892.17
20890.03 20891.97
20890.03 20891.97
20890.03 20891.97
20890.65 20892.35
20889.15 20890.86
20889.15 20890.86
20890.78 20892.73
20890.78 20892.73
20891.96 20893.79
20891.64 20893.36
20891.64 20893.36
20889.37 20890.88
20889.37 20890.88
20888.97 20890.78
20888.97 20890.78
20888.71 20890.54
20888.71 20890.54
20888.72 20890.53
20888.72 20890.53
20888.13 20889.62
20888.13 20889.62
20888.73 20890.53
20888.73 20890.53
20888.47 20890.28
20888.47 20890.28
20889.40 20891.10
20889.40 20891.10
20889.23 20891.03
20889.23 20891.03
20890.15 20891.85
20890.15 20891.85
20892.41 20894.09
20892.41 20894.09
20891.28 20893.22
20891.28 20893.22
20891.03 20892.97
20892.41 20894.09
20892.41 20894.09
20892.14 20893.61
20892.14 20893.61
20892.14 20893.61
20891.83 20893.92
20892.08 20894.17
20892.08 20894.17
20891.53 20893.48
20891.53 20893.48
20890.47 20892.28
20890.47 20892.28
20890.53 20892.48
20890.53 20892.48
20890.53 20892.48
20890.53 20892.48
20890.03 20891.97
20890.03 20891.97
20890.03 20891.97
20890.41 20892.09
20890.39 20891.86
20890.39 20891.86
20890.38 20891.87
20890.38 20891.87
20890.38 20891.87
20890.38 20891.87
20890.38 20891.87
20890.28 20892.23
20890.28 20892.23
20890.28 20892.23
20890.03 20891.97
20889.15 20890.85
20889.15 20890.85
20887.66 20889.34
20887.66 20889.34
20887.72 20889.53
20889.97 20891.78
20889.97 20891.78
20889.98 20891.78
20889.98 20891.78
20890.46 20892.29
20890.46 20892.29
20890.46 20892.29
20890.91 20892.60
20890.91 20892.60
20892.38 20893.88
20892.21 20894.04
20892.21 20894.04
20892.15 20893.85
20892.15 20893.85
20892.40 20894.11
20892.40 20894.11
20892.48 20894.28
20892.65 20894.35
20892.65 20894.35
20892.48 20894.28
20892.28 20894.23
20892.28 20894.23
20891.23 20893.03
20891.23 20893.03
20890.03 20891.98
20890.21 20892.04
20890.21 20892.04
20890.21 20892.04
20890.21 20892.04
20890.21 20892.04
20891.40 20893.10
20891.40 20893.10
20890.64 20892.36
20890.64 20892.36
20892.41 20894.09
20892.63 20894.12
20892.63 20894.12
20893.98 20895.78
20893.98 20895.78
20893.14 20894.86
20893.53 20895.48
20893.53 20895.48
20893.53 20895.48
20893.91 20895.59
20895.53 20897.47
20895.53 20897.47
20895.96 20897.79
20895.96 20897.79
20895.28 20897.23
20895.28 20897.23
20894.28 20896.23
20892.03 20893.98
20892.03 20893.98
20892.23 20894.03
20892.23 20894.03
20892.40 20894.10
20892.40 20894.10
20891.53 20893.48
20891.53 20893.48
20891.78 20893.72
20891.78 20893.72
20891.78 20893.72
20892.03 20893.98
20892.03 20893.98
20891.66 20892.85
20891.66 20892.85
20891.65 20893.36
20891.65 20893.36
20891.96 20893.79
20891.96 20893.79
20891.72 20893.53
20891.72 20893.53
20890.53 20892.48
20890.53 20892.48
20890.65 20892.35
20890.65 20892.35
20890.73 20892.53
20890.16 20891.85
20890.16 20891.85
20890.13 20891.63
20890.13 20891.63
20890.13 20891.63
20890.39 20891.86
20890.15 20891.85
20890.15 20891.85
20890.15 20891.85
20888.65 20890.35
20889.15 20890.85
20889.15 20890.85
20889.78 20891.73
20889.78 20891.73
20889.78 20891.73
20889.78 20891.72
20889.78 20891.72
20890.37 20891.88
20890.37 20891.88
20891.23 20893.03
20891.23 20893.03
20891.03 20892.98
20891.03 20892.98
20890.90 20892.61
20890.90 20892.61
20891.23 20893.03
20891.23 20893.03
20891.23 20893.03
20891.23 20893.03
20891.23 20893.03
20890.97 20892.78
20890.97 20892.78
20890.91 20892.59
20890.91 20892.59
20890.78 20892.73
20890.78 20892.73
20890.96 20892.79
20890.96 20892.79
20891.03 20892.97
20891.03 20892.97
20891.03 20892.98
20891.03 20892.98
20891.03 20892.97
20891.03 20892.97
20891.03 20892.97
20891.48 20893.28
20889.28 20891.23
20889.28 20891.23
20889.28 20891.23
20889.73 20891.53
20889.73 20891.53
20889.98 20891.78
20888.98 20890.78
20888.98 20890.78
20888.98 20890.78
20889.98 20891.78
20889.98 20891.78
20889.53 20891.47
20889.53 20891.47
20888.73 20890.53
20888.73 20890.53
20886.72 20888.53
20886.72 20888.53
20887.46 20889.29
20889.64 20891.36
20889.64 20891.36
20888.28 20890.23
20888.28 20890.23
20887.73 20889.53
20887.21 20889.04
20887.21 20889.04
20888.03 20889.97
20888.03 20889.97
20887.03 20888.98
20886.98 20888.78
20886.98 20888.78
20888.03 20889.97
20882.08 20884.17
20882.08 20884.17
20883.96 20885.79
20883.96 20885.79
20884.03 20885.98
20882.97 20884.78
20882.97 20884.78
20883.15 20884.85
20883.15 20884.85
20882.98 20884.78
20882.98 20884.78
20882.98 20884.78
20882.78 20884.72
20882.78 20884.72
20882.47 20884.28
20882.53 20884.47
20882.53 20884.47
20884.65 20886.35
20884.65 20886.35
20884.64 20886.36
20884.64 20886.36
20884.47 20886.28
20883.40 20885.10
20883.40 20885.10
20883.71 20885.54
20883.71 20885.54
20883.90 20885.60
20883.90 20885.60
20883.73 20885.53
20883.73 20885.53
20883.73 20885.53
20883.73 20885.53
20883.91 20885.60
20883.91 20885.60
20884.65 20886.35
20884.65 20886.35
20884.03 20885.97
20884.03 20885.97
20885.73 20887.53
20883.97 20885.78
20883.97 20885.78
20884.65 20886.35
20886.23 20888.03
20886.23 20888.03
20886.48 20888.28
20886.48 20888.28
20886.48 20888.28
20885.78 20887.73
20885.78 20887.73
20886.64 20888.36
20886.64 20888.36
20886.64 20888.36
20886.46 20888.29
20886.46 20888.29
20884.72 20886.53
20884.72 20886.53
20884.71 20886.54
20884.90 20886.61
20884.90 20886.61
20885.22 20887.03
20885.22 20887.03
20885.22 20887.03
20884.90 20886.60
20884.90 20886.60
20884.90 20886.60
20885.21 20887.04
20884.40 20886.10
20884.40 20886.10
20884.47 20886.28
20884.46 20886.29
20884.46 20886.29
20883.78 20885.73
20883.73 20885.53
20883.73 20885.53
20883.53 20885.47
20883.53 20885.47
20883.15 20884.85
20883.41 20885.09
20883.41 20885.09
20884.03 20885.97
20884.03 20885.97
20884.41 20886.10
20884.41 20886.10
20884.53 20886.47
20884.53 20886.47
20885.15 20886.85
20884.71 20886.54
20884.71 20886.54
20885.96 20887.79
20887.23 20889.03
20887.23 20889.03
20887.14 20888.86
20887.14 20888.86
20886.78 20888.73
20887.78 20889.72
20887.78 20889.72
20887.72 20889.53
20884.73 20886.53
20884.73 20886.53
20884.73 20886.53
20883.98 20885.78
20883.47 20885.28
20883.47 20885.28
20883.47 20885.28
20883.64 20885.36
20883.64 20885.36
20883.66 20885.35
20883.66 20885.35
20883.66 20885.35
20883.66 20885.34
20883.66 20885.34
20883.66 20885.34
20883.66 20885.34
20884.48 20886.28
20884.48 20886.28
20886.72 20888.53
20886.73 20888.53
20886.73 20888.53
20887.03 20888.98
20887.03 20888.98
20886.98 20888.78
20886.98 20888.78
20886.98 20888.78
20886.96 20888.79
20886.96 20888.79
20889.38 20890.88
20889.14 20890.61
20889.14 20890.61
20889.14 20890.61
20889.12 20890.63
20889.12 20890.63
20889.12 20890.63
20888.03 20889.97
20888.03 20889.97
20888.03 20889.97
20888.03 20889.97
20887.46 20889.29
20887.46 20889.29
20888.03 20889.98
20888.73 20890.53
20888.73 20890.53
20888.53 20890.48
20888.53 20890.48
20887.47 20889.28
20887.47 20889.28
20887.65 20889.35
20887.65 20889.35
20887.65 20889.36
20887.78 20889.73
20887.78 20889.73
20887.73 20889.53
20887.73 20889.53
20887.73 20889.53
20887.65 20889.35
20887.65 20889.35
20887.65 20889.35
20887.78 20889.72
20887.78 20889.72
20887.53 20889.48
20887.53 20889.48
20887.48 20889.28
20887.48 20889.28
20887.48 20889.28
20887.28 20889.23
20887.53 20889.47
20887.53 20889.47
20887.28 20889.22
20887.28 20889.23
20887.28 20889.23
20887.65 20889.35
20887.65 20889.35
20887.65 20889.35
20887.48 20889.28
20887.48 20889.28
20889.83 20891.92
20889.83 20891.92
20890.03 20891.98
20890.03 20891.98
20890.03 20891.98
20887.73 20889.53
20887.71 20889.54
20887.71 20889.54
20887.71 20889.54
20890.48 20892.28
20890.65 20892.35
20890.65 20892.35
20891.91 20893.59
20891.91 20893.59
20891.96 20893.79
20891.96 20893.79
20891.96 20893.79
20892.15 20893.85
20891.91 20893.60
20891.91 20893.60
20890.98 20892.78
20890.58 20892.67
20890.58 20892.67
20890.53 20892.47
20890.53 20892.47
20890.23 20892.03
20890.23 20892.03
20890.23 20892.03
20890.28 20892.23
20890.28 20892.23
20890.21 20892.04
20890.21 20892.04
20892.90 20894.60
20892.90 20894.60
20891.96 20893.79
20891.96 20893.79
20893.40 20895.10
20893.40 20895.10
20893.47 20895.28
20893.47 20895.28
20893.47 20895.28
20892.98 20894.78
20892.98 20894.78
20892.78 20894.72
20892.72 20894.53
20892.72 20894.53
20892.72 20894.53
20892.23 20894.03
20890.28 20892.22
20890.28 20892.22
20889.97 20891.78
20888.21 20890.04
20888.21 20890.04
20887.41 20889.09
20887.41 20889.09
20885.96 20887.79
20883.03 20884.98
20883.03 20884.98
20882.15 20883.85
20881.71 20883.54
20881.71 20883.54
20881.89 20883.61
20881.89 20883.61
20881.15 20882.85
20879.48 20881.28
20879.48 20881.28
20879.53 20881.47
20879.53 20881.47
20880.73 20882.53
20880.73 20882.53
20879.98 20881.78
20879.98 20881.78
20880.15 20881.85
20880.15 20881.85
20879.53 20881.47
20879.53 20881.47
20879.64 20881.36
20879.64 20881.36
20879.71 20881.54
20879.71 20881.54
20879.90 20881.60
20879.73 20881.53
20879.73 20881.53
20878.15 20879.85
20878.15 20879.85
20879.40 20881.10
20879.28 20881.23
20879.28 20881.23
20877.73 20879.53
20877.73 20879.53
20878.16 20879.84
20878.16 20879.84
20877.03 20878.98
