20985.63 20987.12
20985.63 20987.12
20985.63 20987.12
20985.39 20986.86
20985.39 20986.86
20985.14 20986.61
20985.14 20986.61
20984.88 20986.38
20984.88 20986.38
20985.16 20986.35
20985.16 20986.35
20985.66 20986.84
20985.13 20986.62
20985.13 20986.62
20985.05 20985.70
20985.05 20985.70
20985.66 20986.84
20985.66 20986.84
20985.31 20985.94
20984.16 20985.35
20984.16 20985.35
20983.64 20985.11
20983.39 20985.11
20983.39 20985.11
20983.39 20985.11
20984.40 20985.60
20984.40 20985.60
20984.14 20985.61
20984.14 20985.61
20983.41 20984.59
20983.41 20984.59
20983.65 20985.36
20983.16 20984.85
20983.16 20984.85
20983.42 20984.59
20983.42 20984.59
20983.16 20984.34
20983.16 20984.34
20983.12 20984.63
20983.12 20984.63
20983.14 20984.61
20983.38 20984.88
20983.38 20984.88
20983.38 20984.88
20982.89 20984.36
20984.14 20985.61
20984.14 20985.61
20983.90 20985.60
20983.90 20985.60
20983.90 20985.60
20984.16 20985.34
20984.16 20985.34
20984.16 20985.34
20983.63 20985.12
20983.63 20985.12
20983.63 20985.12
20983.39 20984.86
20983.38 20984.88
20983.38 20984.88
20984.14 20985.61
20983.66 20985.34
20983.66 20985.34
20983.64 20985.11
20983.64 20985.11
20982.38 20983.87
20982.38 20983.87
20984.05 20984.70
20984.05 20984.70
20984.39 20985.86
20984.39 20985.86
20984.92 20986.09
20985.64 20987.11
20985.64 20987.11
20984.63 20986.12
20984.63 20986.12
20984.63 20986.12
20984.39 20985.86
20984.39 20985.86
20984.91 20986.10
20984.91 20986.10
20980.39 20981.86
20980.64 20982.36
20980.64 20982.36
20980.62 20982.13
20980.62 20982.13
20981.13 20982.62
20978.40 20980.10
20978.40 20980.10
20979.39 20981.11
20978.89 20980.61
20978.89 20980.61
20978.89 20980.61
20978.89 20980.61
20976.37 20977.88
20976.37 20977.88
20975.40 20977.11
20974.14 20975.61
20974.14 20975.61
20973.89 20975.61
20973.91 20975.59
20973.91 20975.59
20973.91 20975.59
20976.41 20978.09
20976.41 20978.09
20976.63 20978.12
20976.63 20978.12
20977.14 20978.61
20977.88 20979.37
20977.88 20979.37
20978.16 20979.34
20978.16 20979.34
20978.16 20979.34
20978.16 20979.34
20978.15 20979.35
20977.16 20978.34
20977.16 20978.34
20978.43 20979.58
20978.12 20979.63
20978.12 20979.63
20977.16 20978.85
20977.16 20978.85
20976.87 20978.38
20976.87 20978.38
20977.37 20978.88
20977.37 20978.88
20977.15 20978.85
20977.91 20979.09
20977.91 20979.09
20978.66 20979.84
20978.89 20980.61
20978.89 20980.61
20979.13 20980.62
20979.13 20980.62
20978.88 20980.37
20978.88 20980.37
20979.16 20980.34
20979.16 20980.34
20978.66 20980.34
20978.66 20980.34
20978.66 20980.34
20981.16 20982.34
20980.91 20982.60
20980.91 20982.60
20980.89 20982.36
20980.89 20982.36
20980.88 20982.37
20980.88 20982.37
20980.81 20981.44
20980.81 20981.44
20980.41 20982.10
20980.41 20982.10
20980.13 20981.62
20980.13 20981.62
20980.13 20981.62
20979.66 20980.84
20980.14 20981.61
20980.14 20981.61
20980.91 20982.09
20980.91 20982.09
20980.64 20982.36
20980.64 20982.36
20980.64 20982.36
20980.89 20982.36
20980.89 20982.36
20980.89 20982.36
20981.16 20982.34
20981.16 20982.34
20981.15 20982.85
20981.43 20982.58
20981.43 20982.58
20981.12 20982.63
20980.91 20982.59
20980.91 20982.59
20980.91 20982.59
20981.14 20982.86
20981.14 20982.61
20981.14 20982.61
20981.14 20982.61
20980.89 20982.36
20980.89 20982.36
20981.16 20982.35
20981.16 20982.35
20980.41 20982.10
20980.41 20982.10
20982.89 20984.36
20982.89 20984.36
20981.89 20983.36
20981.89 20983.36
20982.16 20983.34
20982.16 20983.34
20982.39 20983.86
20982.39 20983.86
20983.13 20984.63
20983.13 20984.63
20982.66 20983.84
20982.66 20983.84
20982.14 20983.61
20982.66 20983.84
20982.66 20983.84
20982.16 20983.35
20982.16 20983.35
20980.37 20981.88
20979.43 20980.58
20979.43 20980.58
20979.41 20980.59
20979.41 20980.59
20979.41 20980.60
20979.41 20980.60
20978.63 20980.12
20978.93 20980.08
20978.93 20980.08
20978.98 20980.78
20978.98 20980.78
20979.88 20981.37
20979.88 20981.37
20979.87 20981.38
20979.87 20981.38
20979.87 20981.38
20980.12 20981.63
20980.12 20981.63
20979.64 20981.36
20979.64 20981.36
20979.64 20981.36
20980.06 20980.69
20980.06 20980.69
20979.65 20981.35
20979.65 20981.35
20979.16 20980.34
20979.16 20980.34
20977.92 20979.08
20977.92 20979.08
20977.64 20979.11
20977.64 20979.11
20977.38 20978.87
20977.38 20978.87
20977.12 20978.63
20977.12 20978.63
20977.17 20978.34
20976.89 20978.36
20976.89 20978.36
20976.41 20978.10
20976.14 20977.61
20976.41 20977.59
20976.41 20977.59
20975.89 20977.36
20975.89 20977.36
20975.89 20977.36
20976.15 20977.35
20975.87 20977.38
20975.87 20977.38
20975.62 20977.13
20975.62 20977.13
20975.39 20976.86
20975.39 20976.86
20975.38 20976.88
20975.38 20976.88
20974.16 20975.35
20974.16 20975.35
20973.64 20975.11
20973.64 20975.11
20973.66 20974.84
20973.91 20975.59
20973.91 20975.59
20975.16 20976.34
20975.16 20976.34
20975.64 20977.11
20975.63 20977.13
20975.63 20977.13
20975.63 20977.13
20975.63 20977.13
20975.64 20977.11
20976.56 20977.20
20976.56 20977.20
20976.56 20977.20
20975.65 20977.35
20975.65 20977.35
20975.92 20977.09
20975.92 20977.09
20975.39 20976.86
20975.39 20976.86
20975.39 20976.86
20976.16 20977.34
20977.14 20978.61
20977.14 20978.61
20977.14 20978.61
20977.14 20978.61
20977.14 20978.61
20977.14 20978.61
20977.14 20978.61
20977.14 20978.61
20977.14 20978.61
20977.92 20979.09
20977.92 20979.09
20979.16 20980.34
20979.16 20980.34
20978.91 20980.09
20978.91 20980.09
20979.88 20981.37
20980.17 20981.33
20980.17 20981.33
20980.17 20981.33
20979.88 20981.37
20979.88 20981.37
20979.41 20981.10
20979.41 20981.10
20979.89 20981.36
20979.89 20981.36
20980.42 20981.58
20980.42 20981.58
20980.14 20981.61
20981.63 20983.12
20981.63 20983.12
20982.38 20983.87
20982.38 20983.87
20981.91 20983.60
20981.91 20983.60
20981.89 20983.36
20981.89 20983.36
20981.89 20983.36
20982.15 20983.35
20981.89 20983.36
20981.89 20983.36
20983.12 20984.63
20983.12 20984.63
20983.39 20984.86
20982.89 20984.61
20982.89 20984.61
20983.15 20984.85
20983.15 20984.85
20983.14 20984.61
20983.14 20984.61
20982.89 20984.61
20983.14 20984.61
20983.14 20984.61
20983.14 20984.61
20983.14 20984.61
20983.14 20984.61
20983.39 20985.11
20983.39 20985.11
20983.38 20984.87
20983.38 20984.87
20983.63 20985.12
20983.63 20985.12
20981.87 20983.38
20981.87 20983.38
20982.38 20983.88
20982.38 20983.88
20981.90 20983.60
20981.90 20983.60
20983.89 20985.36
20984.15 20985.85
20984.15 20985.85
20984.15 20985.85
20984.39 20986.11
20984.66 20985.84
20984.66 20985.84
20984.12 20985.63
20984.12 20985.63
20984.12 20985.63
20983.66 20985.34
20983.66 20985.34
20983.13 20984.63
20983.13 20984.63
20983.13 20984.63
20982.64 20984.11
20982.64 20984.11
20982.12 20983.63
20982.12 20983.63
20982.13 20983.62
20982.13 20983.62
20982.13 20983.62
20983.63 20985.13
20983.63 20985.13
20982.90 20984.61
20982.16 20983.85
20982.16 20983.85
20982.14 20983.86
20982.14 20983.86
20982.14 20983.86
20981.91 20983.59
20981.91 20983.59
20981.14 20982.61
20981.14 20982.61
20981.14 20982.61
20981.12 20982.63
20981.12 20982.63
20981.66 20983.34
20981.66 20983.34
20982.37 20983.88
20982.37 20983.88
20982.14 20983.61
20981.66 20983.34
20981.66 20983.34
20981.66 20983.34
20980.93 20982.08
20980.93 20982.08
20980.40 20982.10
20980.40 20982.10
20980.38 20981.87
20980.38 20981.87
20981.38 20982.87
20981.38 20982.87
20981.41 20982.59
20981.41 20982.59
20981.41 20982.59
20981.41 20982.59
20981.41 20982.59
20981.41 20982.59
20981.42 20982.59
20981.42 20982.59
20981.42 20982.59
20981.93 20983.08
20981.93 20983.08
20980.63 20982.12
20980.66 20981.84
20980.66 20981.84
20980.12 20981.63
20980.12 20981.63
20980.12 20981.63
20980.12 20981.63
20980.13 20981.63
20980.13 20981.63
20980.13 20981.63
20980.14 20981.61
20980.14 20981.61
20980.14 20981.61
20980.14 20981.61
20980.63 20982.12
20980.63 20982.12
20980.63 20982.12
20980.64 20982.11
20980.64 20982.11
20980.39 20982.11
20980.39 20982.11
20980.39 20981.86
20980.64 20982.11
20980.64 20982.11
20980.64 20982.11
20980.41 20982.09
20980.41 20982.09
20979.14 20980.61
20979.14 20980.61
20978.64 20980.11
20978.64 20980.11
20979.81 20980.44
20979.81 20980.44
20979.66 20980.84
20979.66 20980.84
20979.64 20981.11
20979.64 20981.11
20979.64 20981.11
20980.13 20981.62
20980.13 20981.62
20980.13 20981.62
20980.41 20981.59
20980.41 20981.59
20980.12 20981.63
20980.12 20981.63
20980.12 20981.63
20980.88 20982.37
20980.63 20982.12
20980.63 20982.12
20980.64 20982.11
20980.62 20982.13
20980.62 20982.13
20981.13 20982.63
20981.13 20982.63
20981.14 20982.61
20981.14 20982.61
20981.14 20982.61
20981.14 20982.61
20981.68 20982.83
20981.68 20982.83
20981.68 20982.83
20981.39 20983.11
20981.39 20983.11
20981.39 20983.11
20981.93 20983.08
20981.93 20983.08
20981.39 20982.86
20981.39 20982.86
20981.39 20982.86
20981.41 20983.10
20981.66 20983.35
20981.66 20983.35
20981.66 20983.35
20981.90 20983.60
20981.90 20983.60
20981.90 20983.60
20981.89 20983.36
20981.13 20982.63
20981.13 20982.63
20981.13 20982.63
20981.13 20982.63
20981.89 20983.36
20982.14 20983.61
20982.14 20983.61
20982.14 20983.61
20982.14 20983.61
20982.14 20983.61
20981.89 20983.61
20981.89 20983.61
20981.63 20983.12
20982.14 20983.61
20982.14 20983.61
20981.88 20983.37
20981.88 20983.37
20982.41 20983.59
20982.41 20983.59
20982.41 20983.59
20982.39 20983.86
20982.39 20983.86
20982.66 20983.85
20982.66 20983.85
20982.66 20983.85
20982.39 20983.86
20982.39 20983.86
20982.14 20983.61
20982.14 20983.61
20982.15 20983.85
20982.15 20983.85
20982.39 20983.86
20982.39 20983.86
20982.14 20983.86
20982.14 20983.86
20982.67 20983.84
20982.67 20983.84
20982.63 20984.12
20982.63 20984.12
20982.63 20984.12
20982.16 20983.85
20982.16 20983.85
20982.88 20984.37
20982.88 20984.37
20983.91 20985.59
20983.91 20985.59
20983.91 20985.59
20982.89 20984.36
20982.89 20984.36
20982.88 20984.38
20982.88 20984.38
20982.64 20984.11
20982.89 20984.36
20982.89 20984.36
20982.89 20984.36
20982.87 20984.38
20983.38 20984.87
20983.38 20984.87
20983.38 20984.87
20983.38 20984.87
20983.91 20985.09
20983.91 20985.09
20983.91 20985.09
20983.39 20984.86
20983.39 20984.86
20983.89 20985.36
20983.89 20985.36
20983.38 20984.88
20983.38 20984.88
20983.38 20984.88
20983.89 20985.36
20983.89 20985.36
20984.15 20985.86
20984.15 20985.86
20983.91 20985.60
20983.91 20985.60
20984.14 20985.86
20984.14 20985.86
20984.43 20985.58
20984.43 20985.58
20984.80 20985.45
20984.80 20985.45
20984.13 20985.62
20984.13 20985.62
20984.13 20985.62
20983.39 20984.86
20983.39 20984.86
20983.14 20984.86
20983.14 20984.86
20983.16 20984.84
20983.16 20984.84
20983.16 20984.85
20983.16 20984.85
20983.14 20984.61
20982.91 20984.60
20982.91 20984.60
20982.91 20984.60
20982.89 20984.36
20982.89 20984.36
20982.89 20984.36
20982.89 20984.36
20982.64 20984.11
20982.17 20983.34
20982.17 20983.34
20982.14 20983.61
20982.14 20983.61
20982.14 20983.61
20982.38 20983.87
20982.38 20983.87
20982.67 20983.83
20981.91 20983.09
20981.91 20983.09
20981.41 20982.60
20981.41 20982.60
20982.15 20983.86
20982.15 20983.86
20982.15 20983.86
20982.41 20984.10
20982.41 20984.10
20982.39 20983.86
20982.39 20983.86
20982.39 20983.86
20982.39 20983.86
20981.91 20983.59
20981.91 20983.59
20980.14 20981.61
20980.14 20981.61
20979.91 20981.09
20979.91 20981.09
20980.56 20981.20
20980.56 20981.20
