20900.23 20902.03
20900.23 20902.03
20900.66 20902.35
20900.66 20902.35
20900.64 20902.11
20900.41 20902.10
20900.41 20902.10
20900.40 20902.10
20900.40 20902.10
20900.40 20902.10
20899.66 20901.35
20899.66 20901.35
20900.16 20901.84
20900.16 20901.84
20900.78 20902.72
20900.78 20902.72
20899.98 20901.78
20899.98 20901.78
20899.98 20901.78
20899.78 20901.73
20899.78 20901.73
20898.71 20900.54
20898.71 20900.54
20898.53 20900.47
20898.53 20900.47
20900.66 20902.35
20900.66 20902.35
20900.66 20902.35
20900.66 20902.35
20900.66 20902.35
20900.66 20902.35
20900.53 20902.47
20900.53 20902.47
20900.38 20901.87
20900.38 20901.87
20900.38 20901.87
20900.38 20901.87
20900.38 20901.87
20899.47 20901.28
20899.47 20901.28
20899.47 20901.28
20899.58 20901.67
20900.28 20902.22
20900.28 20902.22
20900.28 20902.22
20900.28 20902.22
20898.73 20900.53
20898.73 20900.53
20901.47 20903.28
20901.47 20903.28
20904.31 20904.94
20904.73 20906.53
20904.73 20906.53
20906.71 20908.54
20908.16 20909.85
20908.16 20909.85
20907.78 20909.73
20907.66 20909.35
20907.66 20909.35
20908.21 20910.04
20908.03 20909.97
20908.03 20909.97
20908.40 20910.10
20908.40 20910.10
20909.48 20911.28
20909.48 20911.28
20911.39 20912.86
20912.47 20914.28
20912.47 20914.28
20912.41 20914.09
20912.71 20914.54
20912.71 20914.54
20911.90 20913.61
20911.65 20913.36
20911.65 20913.36
20911.65 20913.36
20911.65 20913.36
20911.78 20913.72
20911.81 20912.44
20911.81 20912.44
20913.17 20914.34
20913.17 20914.34
20913.15 20914.85
20913.15 20914.85
20911.91 20913.60
20911.91 20913.60
20911.91 20913.60
20912.03 20913.97
20910.71 20912.54
20910.71 20912.54
20910.53 20912.48
20910.53 20912.48
20910.53 20912.48
20910.98 20912.78
20910.98 20912.78
20910.78 20912.72
20910.78 20912.72
20910.78 20912.73
20910.78 20912.73
20911.03 20912.97
20911.03 20912.97
20910.78 20912.73
20910.78 20912.73
20910.72 20912.53
20910.72 20912.53
20910.56 20911.19
20910.56 20911.19
20910.78 20912.72
20910.73 20912.53
20910.73 20912.53
20910.53 20912.48
20910.53 20912.47
20910.53 20912.47
20910.21 20912.04
20910.21 20912.04
20913.03 20914.97
20911.53 20913.48
20911.53 20913.48
20911.47 20913.28
20911.47 20913.28
20911.98 20913.78
20911.98 20913.78
20911.78 20913.72
20911.03 20912.97
20911.03 20912.97
20910.97 20912.78
20910.97 20912.78
20912.71 20914.54
20912.71 20914.54
20912.71 20914.54
20912.58 20914.67
20912.58 20914.67
20911.22 20913.03
20910.97 20912.78
20910.97 20912.78
20911.03 20912.97
20911.03 20912.97
20910.78 20912.73
20910.78 20912.73
20910.28 20912.23
20910.28 20912.23
20910.28 20912.22
20910.28 20912.22
20910.66 20912.35
20910.66 20912.35
20910.63 20912.13
20910.63 20912.13
20909.78 20911.72
20909.78 20911.72
20909.53 20911.47
20909.53 20911.47
20909.53 20911.47
20909.97 20911.78
20909.97 20911.78
20909.97 20911.78
20910.28 20912.22
20910.28 20912.22
20910.28 20912.22
20910.78 20912.72
20910.71 20912.54
20910.71 20912.54
20910.71 20912.54
20910.71 20912.54
20910.48 20912.28
20910.48 20912.28
20910.53 20912.47
20910.53 20912.47
20910.46 20912.29
20910.46 20912.29
20910.41 20912.10
20910.41 20912.10
20910.53 20912.47
20910.53 20912.47
20911.03 20912.97
20911.03 20912.97
20911.03 20912.97
20911.03 20912.97
20910.72 20912.53
20910.72 20912.53
20910.72 20912.53
20910.72 20912.53
20910.72 20912.53
20910.72 20912.53
20910.78 20912.72
20910.78 20912.72
20911.03 20912.98
20910.16 20911.84
20910.16 20911.84
20909.72 20911.53
20909.72 20911.53
20909.28 20911.22
20909.28 20911.22
20909.47 20911.28
20909.47 20911.28
20909.66 20911.35
20909.66 20911.35
20909.65 20911.36
20910.28 20912.23
20910.28 20912.23
20910.16 20911.85
20910.16 20911.85
20910.15 20911.85
20910.15 20911.85
20910.48 20912.28
20910.48 20912.28
20910.53 20912.48
20906.78 20908.72
20907.47 20909.28
20907.47 20909.28
20907.47 20909.28
20907.47 20909.28
20907.48 20909.28
20907.48 20909.28
20908.48 20910.28
20908.48 20910.28
20908.48 20910.28
20908.48 20910.28
20908.28 20910.22
20908.28 20910.23
20908.28 20910.23
20908.71 20910.54
20908.71 20910.54
20908.71 20910.54
20908.78 20910.72
20908.78 20910.72
20908.78 20910.72
20908.78 20910.72
20909.48 20911.28
20909.22 20911.03
20909.22 20911.03
20908.96 20910.79
20908.96 20910.79
20909.21 20911.04
20909.47 20911.28
20909.47 20911.28
20909.53 20911.47
20909.53 20911.47
20909.53 20911.47
20909.65 20911.36
20909.66 20911.34
20909.66 20911.34
20911.65 20913.35
20911.65 20913.35
20911.65 20913.36
20911.65 20913.36
20911.65 20913.36
20911.65 20913.36
20911.65 20913.36
20911.65 20913.36
20911.41 20913.10
20911.41 20913.10
20911.41 20913.10
20911.41 20913.10
20911.41 20913.10
20911.41 20913.10
20911.23 20913.03
20911.23 20913.03
20911.23 20913.03
20911.39 20913.11
20911.37 20912.88
20911.37 20912.88
20911.37 20912.88
20910.53 20912.47
20911.14 20912.86
20911.14 20912.86
20910.71 20912.54
20910.71 20912.54
20910.71 20912.54
20910.71 20912.54
20911.55 20912.20
20911.55 20912.20
20911.55 20912.20
20911.55 20912.20
20911.55 20912.20
20910.91 20912.60
20910.91 20912.60
20910.47 20912.28
20910.47 20912.28
20910.48 20912.28
20910.48 20912.28
20910.88 20912.37
20910.88 20912.37
20910.88 20912.37
20910.88 20912.37
20910.88 20912.37
20910.88 20912.37
20910.88 20912.37
20910.53 20912.47
20910.53 20912.47
20910.65 20912.35
20910.65 20912.35
20910.47 20912.28
20910.47 20912.28
20909.64 20911.36
20909.64 20911.36
20909.53 20911.47
20909.53 20911.47
20908.98 20910.78
20908.98 20910.78
20908.97 20910.78
20908.97 20910.78
20908.78 20910.72
20908.78 20910.72
20909.15 20910.86
20908.78 20910.73
20908.78 20910.73
20909.15 20910.85
20909.15 20910.85
20909.73 20911.53
20909.73 20911.53
20908.39 20909.86
20908.23 20910.03
20908.23 20910.03
20908.53 20910.48
20908.41 20910.09
20908.41 20910.09
20907.63 20909.12
20907.73 20909.53
20907.73 20909.53
20907.66 20909.35
20907.66 20909.35
20907.66 20909.34
20907.64 20909.11
20907.64 20909.11
20907.91 20909.59
20907.91 20909.59
20909.37 20910.88
20909.37 20910.88
20909.39 20911.11
20909.39 20911.11
20909.39 20911.11
20909.39 20911.11
20909.53 20911.47
20909.53 20911.47
20909.66 20911.35
20909.66 20911.35
20910.39 20911.86
20910.39 20911.86
20910.39 20911.86
20910.40 20912.10
20910.40 20912.10
20910.40 20912.10
20910.47 20912.28
20910.47 20912.28
20911.91 20913.60
20911.91 20913.60
20911.03 20912.97
20911.03 20912.97
20910.90 20912.60
20910.90 20912.60
20910.90 20912.60
20910.71 20912.54
20910.28 20912.22
20910.28 20912.22
20910.22 20912.03
20910.22 20912.03
20910.53 20912.47
20910.53 20912.47
20910.53 20912.47
20910.23 20912.03
20910.47 20912.28
20910.47 20912.28
20910.66 20912.34
20910.66 20912.34
20910.66 20912.34
20910.66 20912.34
20910.66 20912.34
20910.15 20911.86
20910.22 20912.03
20910.22 20912.03
20911.47 20913.28
20911.47 20913.28
20911.47 20913.28
20911.03 20912.97
20911.03 20912.98
20911.03 20912.98
20911.03 20912.98
20911.23 20913.03
20911.23 20913.03
20910.96 20912.79
20910.16 20911.85
20910.16 20911.85
20910.53 20912.48
20910.53 20912.48
20914.03 20915.98
20914.03 20915.98
20913.53 20915.48
20913.78 20915.72
20913.78 20915.72
20913.78 20915.72
20913.78 20915.72
20913.64 20915.36
20916.21 20918.04
20916.21 20918.04
20914.46 20916.29
20914.46 20916.29
20914.46 20916.29
20914.73 20916.53
20914.73 20916.53
20915.21 20917.04
20915.21 20917.04
20915.21 20917.04
20914.23 20916.03
20914.23 20916.03
20914.23 20916.03
20914.97 20916.78
20914.72 20916.53
20914.72 20916.53
20913.46 20915.29
20913.46 20915.29
20913.53 20915.48
20913.73 20915.53
20913.73 20915.53
20913.73 20915.53
20913.73 20915.53
20914.03 20915.98
20914.03 20915.98
20913.58 20915.67
20913.58 20915.67
20913.58 20915.67
20913.53 20915.47
20913.53 20915.47
20913.53 20915.47
20913.46 20915.29
20913.72 20915.53
20913.72 20915.53
20913.72 20915.53
20913.66 20915.35
20913.66 20915.35
20913.66 20915.35
20913.65 20915.36
20913.65 20915.36
20913.65 20915.36
20913.58 20915.67
20913.58 20915.67
20912.78 20914.73
20912.78 20914.73
20912.78 20914.72
20912.78 20914.72
20912.48 20914.28
20912.46 20914.29
20912.46 20914.29
20912.28 20914.22
20912.28 20914.22
20912.28 20914.22
20912.66 20914.35
20912.66 20914.35
20912.71 20914.54
20912.71 20914.54
20912.71 20914.54
20912.64 20914.36
20912.64 20914.36
20912.64 20914.36
20912.22 20914.03
20912.22 20914.03
20912.28 20914.23
20912.28 20914.23
20912.41 20914.10
20912.41 20914.10
20912.64 20914.36
20912.64 20914.36
20912.64 20914.36
20912.16 20913.84
20911.97 20913.78
20911.97 20913.78
20911.97 20913.78
20911.97 20913.78
20912.23 20914.03
20912.23 20914.03
20909.41 20911.09
20909.41 20911.09
20909.65 20911.35
20910.15 20911.86
20910.15 20911.86
20909.41 20911.09
20909.41 20911.09
20908.72 20910.53
20908.72 20910.53
20908.71 20910.54
20908.71 20910.54
20908.71 20910.54
20908.96 20910.79
20908.96 20910.79
20908.96 20910.79
20909.21 20911.04
20909.21 20911.04
20908.71 20910.54
20908.71 20910.54
20908.71 20910.54
20908.89 20910.61
20908.89 20910.61
20909.13 20910.62
20909.13 20910.62
20908.66 20910.35
20907.72 20909.53
20907.72 20909.53
20907.28 20909.22
20905.84 20908.92
20905.84 20908.92
20905.84 20908.92
20905.91 20907.60
20905.97 20907.78
20905.97 20907.78
20907.66 20909.34
20907.66 20909.34
20908.96 20910.79
20908.96 20910.79
20908.89 20910.61
20908.89 20910.61
20909.41 20911.09
20909.21 20911.04
20909.21 20911.04
20908.90 20910.61
20908.90 20910.61
20908.90 20910.61
20908.90 20910.61
20908.90 20910.61
20908.78 20910.72
20908.78 20910.72
20908.78 20910.72
20908.78 20910.72
20908.91 20910.59
20908.91 20910.59
20908.91 20910.59
20908.89 20910.61
20908.89 20910.61
20908.89 20910.61
20909.14 20910.61
20909.14 20910.61
20908.91 20910.60
20908.91 20910.60
20908.87 20910.38
20908.87 20910.38
20908.87 20910.38
20908.87 20910.38
20908.88 20910.37
20908.88 20910.37
20908.89 20910.36
20908.89 20910.36
20908.65 20910.35
20908.65 20910.35
20908.65 20910.35
20908.65 20910.35
20908.65 20910.35
20908.64 20910.36
20909.63 20911.13
20909.63 20911.13
20909.63 20911.12
20908.73 20910.53
20908.73 20910.53
20908.53 20910.47
20908.53 20910.47
20909.14 20910.61
20909.14 20910.61
20909.14 20910.61
20909.13 20910.62
20909.13 20910.62
20908.90 20910.60
20908.90 20910.60
20909.43 20910.58
20909.43 20910.58
20909.13 20910.62
20909.13 20910.62
20909.17 20910.33
20909.17 20910.33
20908.88 20910.38
20908.88 20910.37
20908.88 20910.37
20908.64 20910.36
20908.64 20910.36
20908.63 20910.13
20908.63 20910.13
20908.63 20910.13
20908.66 20910.35
20908.66 20910.35
20908.66 20910.35
20908.66 20910.35
20908.90 20910.61
20908.90 20910.61
20908.88 20910.37
20908.88 20910.37
20908.89 20910.61
20908.89 20910.61
20908.66 20910.35
20908.66 20910.35
20908.65 20909.85
20908.72 20910.53
20908.72 20910.53
20908.64 20910.11
20908.64 20910.11
20908.64 20910.36
20908.64 20910.36
20908.91 20910.10
20908.91 20910.10
20908.64 20910.11
20908.64 20910.11
20908.64 20910.11
20908.64 20910.11
20908.38 20909.87
20908.38 20909.87
20908.38 20909.87
20908.38 20909.87
20908.15 20909.86
20909.17 20910.33
20909.17 20910.33
20909.17 20910.33
20909.65 20911.36
20909.65 20911.36
20909.90 20911.60
20910.63 20912.12
20910.63 20912.12
20910.63 20912.12
20910.63 20912.12
20910.88 20912.37
20910.88 20912.37
20909.88 20911.37
20909.88 20911.37
20909.88 20911.37
20909.88 20911.38
20909.91 20911.59
20910.16 20911.84
20910.16 20911.84
