20930.89 20932.36
20930.89 20932.36
20930.92 20932.08
20930.92 20932.08
20933.39 20934.86
20932.87 20934.38
20932.87 20934.38
20933.42 20934.58
20934.17 20935.33
20934.17 20935.33
20935.64 20937.11
20934.63 20936.12
20934.63 20936.12
20934.13 20935.62
20930.93 20932.08
20930.93 20932.08
20929.64 20931.11
20929.14 20930.61
20929.14 20930.61
20929.62 20931.13
20929.62 20931.13
20929.41 20930.59
20929.41 20930.59
20930.91 20932.09
20931.87 20933.38
20931.87 20933.38
20932.92 20934.08
20933.64 20935.11
20933.64 20935.11
20933.89 20935.36
20935.14 20936.61
20935.14 20936.61
20935.39 20936.86
20934.64 20936.11
20934.64 20936.11
20933.90 20935.10
20934.67 20935.83
20934.67 20935.83
20932.63 20934.13
20933.15 20934.35
20933.15 20934.35
20933.17 20934.33
20932.66 20933.85
20932.66 20933.85
20932.38 20933.87
20932.88 20934.38
20932.88 20934.38
20932.17 20933.33
20932.17 20933.33
20932.91 20934.09
20931.17 20932.33
20931.17 20932.33
20934.62 20936.13
20935.13 20936.62
20935.13 20936.62
20933.67 20934.83
20933.67 20934.83
20933.89 20935.36
20932.67 20933.83
20932.67 20933.83
20930.88 20932.37
20931.66 20932.84
20931.66 20932.84
20929.41 20930.59
20929.88 20931.37
20929.88 20931.37
20931.13 20932.62
20931.89 20933.36
20931.89 20933.36
20929.40 20930.60
20929.40 20930.60
20927.92 20929.08
20926.63 20928.12
20926.63 20928.12
20926.12 20927.63
20924.62 20926.13
20924.62 20926.13
20923.89 20925.36
20926.39 20927.86
20926.39 20927.86
20926.66 20927.84
20926.17 20927.33
20926.17 20927.33
20928.90 20930.10
20929.67 20930.83
20929.67 20930.83
20932.17 20933.33
20933.42 20934.58
20933.42 20934.58
20934.13 20935.63
20934.39 20935.86
20934.39 20935.86
20936.16 20937.34
20936.05 20936.70
20936.05 20936.70
20936.87 20938.38
20935.90 20937.10
20935.90 20937.10
20934.89 20936.36
20934.92 20936.08
20934.92 20936.08
20934.38 20935.87
20934.13 20935.62
20934.13 20935.62
20934.42 20935.58
20932.38 20933.87
20932.38 20933.87
20933.17 20934.33
20931.13 20932.62
20931.13 20932.62
20930.39 20931.86
20934.38 20935.87
20934.38 20935.87
20934.39 20935.86
20934.39 20935.86
20934.63 20936.12
20934.63 20936.12
20933.16 20934.34
20932.89 20934.36
20932.89 20934.36
20933.39 20934.86
20933.14 20934.61
20933.14 20934.61
20930.13 20931.62
20930.37 20931.88
20930.37 20931.88
20931.64 20933.11
20930.88 20932.37
20930.88 20932.37
20930.16 20931.34
20930.92 20932.08
20930.92 20932.08
20932.63 20934.12
20932.63 20934.12
20933.16 20934.34
20932.89 20934.36
20932.89 20934.36
20932.17 20933.33
20931.67 20932.83
20931.67 20932.83
20931.64 20933.11
20933.81 20934.44
20933.81 20934.44
20932.18 20933.33
20932.18 20933.33
20932.66 20933.84
20932.14 20933.61
20932.14 20933.61
20930.89 20932.36
20930.67 20931.83
20930.67 20931.83
20927.17 20928.33
20930.18 20931.33
20930.18 20931.33
20929.39 20930.86
20929.39 20930.86
20929.67 20930.83
20929.67 20930.83
20929.66 20930.84
20929.66 20930.84
20930.91 20932.09
20930.42 20931.58
20930.42 20931.58
20929.41 20930.60
20929.88 20931.37
20929.88 20931.37
20926.14 20927.61
20926.64 20928.11
20926.64 20928.11
20925.62 20927.13
20926.13 20927.62
20926.13 20927.62
20926.92 20928.08
20926.92 20928.08
20924.88 20926.37
20919.80 20920.45
20919.80 20920.45
20922.66 20923.84
20922.14 20923.61
20922.14 20923.61
20922.89 20924.36
20922.62 20924.13
20922.62 20924.13
20922.68 20923.83
20924.39 20925.86
20924.39 20925.86
20925.39 20926.86
20926.38 20927.87
20926.38 20927.87
20926.90 20928.10
20926.89 20928.36
20926.89 20928.36
20927.18 20928.33
20927.18 20928.33
20927.38 20928.87
20926.39 20927.86
20927.63 20929.12
20927.63 20929.12
20927.92 20929.08
20927.92 20929.08
20926.63 20928.12
20926.63 20928.12
20927.43 20928.58
20926.89 20928.36
20926.89 20928.36
20926.90 20928.60
20933.87 20935.38
20933.87 20935.38
20930.14 20931.86
20929.90 20931.60
20929.90 20931.60
20933.38 20934.87
20932.42 20933.58
20932.42 20933.58
20931.90 20933.10
20931.90 20933.10
20932.64 20934.11
20931.13 20932.62
20931.90 20933.61
20931.90 20933.61
20932.14 20933.61
20932.15 20933.85
20932.15 20933.85
20933.67 20934.83
20934.38 20935.87
20934.38 20935.87
20939.13 20940.62
20941.62 20943.13
20941.62 20943.13
20943.15 20944.35
20943.15 20944.35
20943.88 20945.37
20940.92 20942.08
20940.92 20942.08
20940.39 20941.86
20939.39 20940.86
20939.39 20940.86
20944.41 20945.59
20945.91 20947.09
20945.91 20947.09
20946.17 20947.33
20948.66 20949.84
20948.66 20949.84
20948.14 20949.61
20948.14 20949.61
20948.14 20949.61
20948.66 20949.84
20948.66 20949.84
20948.65 20949.85
20948.92 20950.08
20948.92 20950.08
20950.91 20952.10
20950.91 20952.10
20949.40 20950.60
20952.88 20954.37
20952.88 20954.37
20953.40 20954.60
20954.67 20955.83
20954.67 20955.83
20954.66 20955.84
20955.41 20956.60
20955.41 20956.60
20956.12 20957.63
20953.67 20954.83
20953.67 20954.83
20951.14 20952.61
20949.91 20951.09
20949.91 20951.09
20951.67 20952.83
20950.64 20952.11
20950.64 20952.11
20949.42 20950.58
20950.39 20951.86
20950.39 20951.86
20950.16 20951.35
20950.18 20951.33
20950.18 20951.33
20950.06 20950.69
20948.15 20949.85
20948.15 20949.85
20948.40 20949.60
20950.41 20951.59
20950.41 20951.59
20952.65 20953.85
20952.65 20953.85
20951.39 20952.86
20950.13 20951.62
20950.13 20951.62
20950.18 20951.33
20950.18 20951.33
20950.66 20951.84
20950.66 20951.84
20952.13 20953.62
20954.65 20955.85
20954.65 20955.85
20953.87 20955.38
20953.87 20955.38
20952.89 20954.36
20954.38 20955.87
20954.38 20955.87
20953.90 20955.10
20953.67 20954.83
20953.67 20954.83
20952.42 20953.58
20952.64 20954.11
20952.64 20954.11
20952.63 20954.12
20952.63 20954.12
20952.89 20954.36
20953.40 20954.60
20953.40 20954.60
20954.37 20955.88
20953.62 20955.13
20953.62 20955.13
20954.65 20955.85
20954.65 20955.85
20954.42 20955.58
20954.42 20955.58
20954.64 20956.11
20954.67 20955.83
20954.67 20955.83
20954.15 20955.35
20953.91 20955.09
20953.91 20955.09
20954.65 20955.85
20959.17 20960.33
20959.17 20960.33
20961.16 20962.34
20961.92 20963.08
20961.92 20963.08
20957.41 20958.60
20956.90 20958.10
20956.90 20958.10
20955.88 20957.37
20955.88 20957.37
20955.17 20956.33
20955.68 20956.83
20955.68 20956.83
20956.66 20957.85
20956.43 20957.58
20956.43 20957.58
20955.87 20957.38
20956.91 20958.10
20956.91 20958.10
20957.80 20958.45
20957.80 20958.45
20958.40 20959.60
20953.64 20955.11
20953.64 20955.11
20956.18 20957.33
20956.16 20957.34
20956.16 20957.34
20956.66 20957.84
20957.15 20958.35
20957.15 20958.35
20956.87 20958.38
20956.15 20957.35
20956.15 20957.35
20956.92 20958.08
20955.89 20957.36
20955.89 20957.36
20954.40 20955.60
20955.87 20957.38
20955.87 20957.38
20956.16 20957.34
20955.39 20956.86
20955.39 20956.86
20954.64 20956.11
20950.91 20952.10
20950.91 20952.10
20950.88 20952.37
20954.63 20956.13
20954.63 20956.13
20953.17 20954.33
20953.39 20954.86
20953.39 20954.86
20952.63 20954.12
20951.64 20953.11
20951.64 20953.11
20951.90 20953.10
20951.90 20953.10
20950.41 20951.59
20949.91 20951.09
20949.91 20951.09
20947.37 20948.88
20948.87 20950.38
20948.87 20950.38
20949.63 20951.12
20950.66 20951.84
20950.66 20951.84
20947.13 20948.62
20949.14 20950.61
20949.14 20950.61
20948.65 20949.85
20950.42 20951.58
20950.42 20951.58
20950.12 20951.63
20950.12 20951.63
20951.92 20953.08
20952.67 20953.83
20952.67 20953.83
20951.88 20953.37
20953.88 20955.37
20953.88 20955.37
20953.90 20955.10
20953.90 20955.10
20953.88 20955.37
20955.67 20956.83
20955.67 20956.83
20955.90 20957.10
20955.90 20957.10
20957.66 20958.84
20959.17 20960.33
20959.17 20960.33
20958.89 20960.36
20957.91 20959.09
20957.91 20959.09
20958.91 20960.09
20958.91 20960.09
20959.17 20960.33
20958.92 20960.08
20958.92 20960.08
20958.67 20959.83
20959.14 20960.61
20959.14 20960.61
20959.91 20961.10
20960.42 20961.58
20960.42 20961.58
20959.30 20959.95
20959.56 20960.19
20959.56 20960.19
20960.41 20961.59
20960.31 20960.94
20960.31 20960.94
20961.17 20962.33
20961.40 20962.60
20961.40 20962.60
20961.41 20962.59
20961.41 20962.59
20961.91 20963.09
20961.92 20963.08
20961.92 20963.08
20962.56 20963.19
20962.62 20964.13
20962.62 20964.13
20962.91 20964.09
20963.38 20964.87
20963.38 20964.87
20962.40 20963.60
20961.91 20963.10
20961.91 20963.10
20963.41 20964.59
20962.17 20963.33
20962.17 20963.33
20963.14 20964.61
20962.16 20963.34
20962.16 20963.34
20962.38 20963.88
20960.91 20962.10
20960.91 20962.10
20960.64 20962.11
20960.64 20962.11
20960.40 20961.60
20957.88 20959.37
20957.88 20959.37
20959.67 20960.83
20961.18 20962.33
20961.18 20962.33
20958.42 20959.58
20957.41 20958.60
20957.41 20958.60
20957.92 20959.08
20957.90 20959.10
20957.90 20959.10
20958.42 20959.58
20958.66 20959.84
20958.66 20959.84
20958.40 20959.60
20959.66 20960.85
20959.66 20960.85
20958.88 20960.37
20958.15 20959.35
20958.15 20959.35
20959.65 20960.85
20959.65 20960.85
20957.17 20958.33
20956.92 20958.08
20956.92 20958.08
20955.81 20956.44
20952.42 20953.58
20952.42 20953.58
20952.90 20954.10
20954.17 20955.33
20954.17 20955.33
20953.41 20954.59
20954.17 20955.33
20954.17 20955.33
20952.66 20953.84
20952.66 20953.84
20954.67 20955.83
20953.16 20954.35
20953.16 20954.35
20952.92 20954.08
20951.31 20951.95
20951.31 20951.95
20948.42 20949.58
20950.81 20951.44
20950.81 20951.44
20950.92 20952.08
20950.67 20951.83
20950.67 20951.83
20952.68 20953.83
20950.91 20952.09
20950.91 20952.09
20947.17 20948.33
20944.90 20946.10
20944.90 20946.10
20938.81 20939.44
20941.90 20943.10
20941.90 20943.10
20941.92 20943.08
20942.17 20943.33
20942.17 20943.33
20945.17 20946.33
20947.91 20949.10
20947.91 20949.10
20941.16 20942.35
20939.16 20940.34
20939.16 20940.34
20940.17 20941.33
20939.17 20940.33
20939.17 20940.33
20942.67 20943.83
20944.56 20945.19
20944.56 20945.19
20945.06 20945.69
20947.92 20949.08
20947.92 20949.08
20949.18 20950.33
20949.18 20950.33
20950.92 20952.08
20951.66 20952.84
20951.66 20952.84
20953.15 20954.35
20951.42 20952.58
20951.42 20952.58
20952.66 20953.85
20952.66 20953.84
20952.66 20953.84
20951.66 20952.84
20953.40 20954.60
20953.40 20954.60
20958.05 20958.70
20958.05 20958.70
20957.16 20958.34
20955.91 20957.09
20955.91 20957.09
20956.42 20957.58
20956.16 20957.34
20956.16 20957.34
20957.65 20958.85
20956.66 20957.84
20956.66 20957.84
20956.80 20957.45
20955.91 20957.09
20955.91 20957.09
20955.92 20957.08
20953.64 20955.11
20953.64 20955.11
20952.89 20954.36
20952.41 20953.60
20952.41 20953.60
20954.41 20955.59
20954.41 20955.59
20953.66 20954.84
20953.66 20954.84
20955.67 20956.83
20956.30 20956.95
20956.30 20956.95
20957.90 20959.10
20957.90 20959.10
20957.67 20958.83
20956.66 20957.84
20956.17 20957.33
20956.17 20957.33
20955.91 20957.09
20955.91 20957.09
20954.65 20955.85
20954.92 20956.08
20954.92 20956.08
20956.40 20957.60
20958.14 20959.61
20958.14 20959.61
20959.42 20960.58
20957.13 20958.62
20957.13 20958.62
20956.42 20957.58
20957.12 20958.63
20957.12 20958.63
20957.38 20958.88
20957.38 20958.88
20958.17 20959.33
20958.91 20960.09
20958.91 20960.09
20958.16 20959.34
20958.37 20959.88
20958.37 20959.88
20959.12 20960.63
20958.67 20959.83
20958.67 20959.83
20961.17 20962.33
20960.91 20962.09
20960.91 20962.09
20960.64 20962.11
20961.80 20962.45
20961.80 20962.45
20962.16 20963.35
20962.16 20963.35
20964.17 20965.33
20964.87 20966.38
20964.87 20966.38
20964.68 20965.83
20962.91 20964.10
20962.91 20964.10
