20997.88 20999.37
20997.88 20999.37
21000.16 21001.34
21000.16 21001.34
21000.66 21001.85
21004.16 21005.34
21004.16 21005.34
21002.63 21004.12
21003.16 21004.35
21003.16 21004.35
21004.40 21005.60
21003.17 21004.33
21003.17 21004.33
21002.88 21004.37
21002.88 21004.37
21003.38 21004.88
21003.66 21004.84
21003.66 21004.84
21007.92 21009.08
21006.39 21007.86
21006.39 21007.86
21007.63 21009.13
21007.14 21008.61
21007.14 21008.61
21009.63 21011.12
21005.88 21007.37
21005.88 21007.37
21008.39 21009.86
21007.67 21008.83
21007.67 21008.83
21009.14 21010.61
21009.14 21010.61
21009.14 21010.61
21012.68 21013.83
21011.88 21013.37
21011.88 21013.37
21014.31 21014.94
21014.31 21014.94
21012.16 21013.34
21008.64 21010.11
21008.64 21010.11
21008.63 21010.12
21010.88 21012.37
21010.88 21012.37
21011.39 21012.86
21011.39 21012.86
21009.38 21010.87
21008.15 21009.35
21008.15 21009.35
21006.71 21008.54
21006.40 21008.10
21006.40 21008.10
21006.63 21008.12
21006.63 21008.12
21006.97 21008.78
21006.39 21007.86
21006.39 21007.86
21006.23 21008.03
21006.23 21008.03
21006.15 21007.85
21004.37 21005.88
21004.37 21005.88
21002.15 21003.85
21003.40 21005.11
21003.40 21005.11
21000.98 21002.78
21002.65 21003.85
21002.65 21003.85
20996.15 20997.85
20996.15 20997.85
20993.23 20995.03
20992.91 20994.59
20992.91 20994.59
20992.63 20994.12
20989.67 20990.83
20989.67 20990.83
20993.39 20994.86
20995.63 20997.12
20995.63 20997.12
21000.13 21001.62
21000.16 21001.34
21006.39 21007.86
21006.39 21007.86
21007.14 21008.61
21005.39 21006.86
21005.39 21006.86
21004.66 21006.34
21004.89 21006.61
21004.89 21006.61
21006.64 21008.11
21008.13 21009.63
21008.13 21009.63
21009.38 21010.87
21011.38 21012.87
21011.38 21012.87
21008.88 21010.37
21007.63 21009.12
21007.63 21009.12
21010.63 21012.12
21011.17 21012.33
21011.17 21012.33
21012.39 21013.86
21012.39 21013.86
21013.12 21014.63
21011.88 21013.38
21011.88 21013.38
21012.64 21014.11
21012.63 21014.12
21012.63 21014.12
21010.13 21011.63
21011.90 21013.10
21011.90 21013.10
21013.39 21014.86
21013.63 21015.12
21013.63 21015.12
21020.16 21021.34
21017.64 21019.11
21017.64 21019.11
21020.13 21021.62
21021.91 21023.10
21021.91 21023.10
21021.13 21022.62
21021.13 21022.62
21022.41 21023.59
21023.38 21024.88
21023.38 21024.88
21022.06 21022.70
21022.38 21023.87
21022.38 21023.87
21016.88 21018.38
21016.89 21018.36
21016.89 21018.36
21018.87 21020.38
21018.63 21020.13
21018.63 21020.13
21016.39 21017.86
21016.88 21018.37
21016.88 21018.37
21016.38 21017.87
21016.64 21018.11
21016.64 21018.11
21015.88 21017.37
21014.63 21016.12
21014.63 21016.12
21014.40 21015.60
21012.91 21014.09
21012.91 21014.09
21016.13 21017.62
21020.40 21021.60
21020.40 21021.60
21017.16 21018.34
21017.16 21018.34
21017.88 21019.37
21017.88 21019.37
21022.90 21024.10
21022.67 21023.83
21022.67 21023.83
21021.89 21023.36
21015.38 21016.88
21015.38 21016.88
21012.39 21013.86
21013.39 21014.86
21013.39 21014.86
21013.63 21015.12
21013.63 21015.12
21012.67 21013.83
21012.92 21014.08
21012.92 21014.08
21011.13 21012.62
21012.13 21013.62
21012.13 21013.62
21011.14 21012.61
21012.63 21014.12
21012.63 21014.12
21011.66 21013.34
21011.66 21013.34
21010.64 21012.11
21010.40 21012.10
21010.40 21012.10
21011.92 21013.08
21008.38 21009.87
21008.38 21009.87
21007.64 21009.11
21007.66 21008.85
21007.66 21008.85
21007.39 21008.86
21008.63 21010.12
21008.63 21010.12
21009.39 21010.86
21007.63 21009.12
21007.63 21009.12
21011.63 21013.12
21011.64 21013.11
21011.64 21013.11
21013.16 21014.34
21013.16 21014.34
21013.39 21014.86
21012.66 21013.85
21012.66 21013.85
21012.13 21013.62
21013.42 21014.58
21013.42 21014.58
21014.39 21015.86
21013.89 21015.36
21013.89 21015.36
21015.41 21016.60
21014.15 21015.35
21014.15 21015.35
21014.92 21016.08
21015.13 21016.62
21015.13 21016.62
21014.66 21015.85
21014.63 21016.12
21014.63 21016.12
21013.38 21014.88
21012.88 21014.37
21012.88 21014.37
21012.13 21013.62
21012.13 21013.62
21011.38 21012.87
21011.89 21013.36
21011.89 21013.36
21014.89 21016.36
21016.15 21017.35
21016.15 21017.35
21016.16 21017.34
21017.90 21019.10
21017.90 21019.10
21017.67 21018.83
21017.67 21018.83
21021.41 21022.59
21023.63 21025.13
21023.63 21025.13
21022.43 21023.58
21023.92 21025.08
21023.92 21025.08
21024.80 21025.45
21025.39 21026.86
21025.39 21026.86
21028.17 21029.33
21028.92 21030.08
21028.92 21030.08
21031.66 21032.85
21031.62 21033.13
21031.62 21033.13
21030.65 21031.85
21031.13 21032.63
21031.13 21032.63
21026.91 21028.09
21026.17 21027.33
21026.17 21027.33
21022.13 21023.62
21026.40 21027.60
21026.40 21027.60
21021.39 21022.86
21021.39 21022.86
21020.14 21021.61
21021.13 21022.62
21021.13 21022.62
21021.14 21022.61
21022.17 21023.33
21022.17 21023.33
21021.13 21022.63
21022.14 21023.61
21022.14 21023.61
21022.16 21023.35
21022.16 21023.35
21021.42 21022.58
21018.65 21020.36
21018.65 21020.36
21017.64 21019.11
21018.63 21020.12
21019.63 21021.12
21019.63 21021.12
21020.41 21021.59
21020.41 21021.59
21019.63 21021.12
21020.64 21022.11
21020.64 21022.11
21022.16 21023.34
21020.37 21021.88
21020.37 21021.88
21021.16 21022.35
21023.88 21025.37
21023.88 21025.37
21022.38 21023.87
21022.38 21023.87
21023.13 21024.63
21021.91 21023.09
21021.91 21023.09
21021.89 21023.36
21021.41 21022.60
21021.41 21022.60
21023.92 21025.08
21026.89 21028.36
21026.89 21028.36
21025.91 21027.10
21026.88 21028.38
21026.88 21028.38
21028.64 21030.11
21028.64 21030.11
21028.12 21029.63
21028.38 21029.87
21028.38 21029.87
21028.66 21029.84
