21039.97 21041.78
21039.97 21041.78
21039.97 21041.78
21039.97 21041.78
21040.14 21041.61
21040.14 21041.61
21037.65 21039.35
21037.66 21039.34
21037.66 21039.34
21037.66 21039.34
21037.89 21039.36
21037.89 21039.36
21037.66 21039.34
21037.66 21039.34
21039.16 21040.34
21039.65 21041.36
21039.65 21041.36
21039.66 21041.34
21039.66 21041.34
21039.71 21041.54
21039.71 21041.54
21039.91 21041.59
21040.13 21041.63
21040.13 21041.63
21040.17 21041.33
21040.17 21041.33
21039.90 21041.60
21039.90 21041.60
21039.64 21041.11
21039.64 21041.11
21038.66 21040.35
21037.64 21039.11
21037.64 21039.11
21037.38 21038.87
21037.38 21038.87
21037.66 21039.35
21037.66 21039.35
21037.39 21038.86
21037.39 21038.86
21037.39 21038.86
21037.98 21039.78
21037.41 21039.10
21037.41 21039.10
21036.41 21038.09
21036.41 21038.09
21036.63 21038.13
21036.16 21037.84
21036.16 21037.84
21036.38 21037.87
21036.38 21037.87
21036.38 21037.87
21036.14 21037.61
21036.14 21037.61
21036.37 21037.88
21036.37 21037.88
21036.41 21037.59
21036.40 21037.60
21036.40 21037.60
21036.39 21037.86
21036.63 21038.13
21036.63 21038.13
21036.67 21037.83
21036.67 21037.83
21036.65 21037.85
21036.63 21038.13
21036.63 21038.13
21036.63 21038.13
21036.63 21038.12
21036.64 21038.11
21036.64 21038.11
21036.64 21038.11
21036.64 21038.11
21036.92 21038.08
21036.92 21038.08
21037.12 21038.63
21037.12 21038.63
21035.96 21037.79
21036.39 21037.86
21036.39 21037.86
21034.63 21036.13
21034.63 21036.13
21034.39 21035.86
21034.39 21035.86
21034.38 21035.88
21035.66 21037.35
21035.66 21037.35
21036.39 21038.11
21036.15 21037.85
21036.15 21037.85
21036.39 21037.86
21036.39 21037.86
21036.40 21038.10
21036.38 21037.87
21036.38 21037.87
21036.40 21038.11
21036.64 21038.11
21036.64 21038.11
21036.16 21037.85
21035.89 21037.36
21035.89 21037.36
21034.90 21036.61
21034.90 21036.61
21033.90 21035.60
21033.66 21035.34
21033.66 21035.34
21034.39 21035.86
21033.39 21034.86
21033.39 21034.86
21033.88 21035.38
21033.88 21035.38
21033.88 21035.37
21034.56 21035.19
21034.56 21035.19
21034.39 21035.86
21034.89 21036.36
21034.89 21036.36
21034.89 21036.36
21034.89 21036.36
21035.65 21036.85
21035.65 21036.85
21035.38 21036.88
21035.38 21036.88
21035.15 21036.86
21035.38 21036.87
21035.38 21036.87
21035.56 21036.19
21035.14 21036.61
21035.14 21036.61
21036.13 21037.63
21036.13 21037.63
21036.13 21037.63
21035.38 21036.87
21035.21 21037.04
21035.21 21037.04
21035.16 21036.85
21035.16 21036.85
21035.64 21037.11
21035.64 21037.11
21036.16 21037.85
21036.65 21038.35
21036.65 21038.35
21036.65 21037.85
21036.65 21037.85
21036.65 21038.36
21036.65 21038.36
21037.16 21038.34
21037.16 21038.34
21037.88 21039.37
21037.88 21039.37
21037.88 21039.37
21038.39 21039.86
21038.39 21039.86
21037.92 21039.08
21037.92 21039.08
21037.67 21038.83
21037.65 21039.35
21037.65 21039.35
21037.65 21039.35
21037.65 21038.85
21037.65 21038.85
21038.39 21039.86
21038.64 21040.11
21038.64 21040.11
21038.42 21039.58
21038.42 21039.58
21038.16 21039.84
21038.66 21039.84
21038.66 21039.84
21038.66 21039.84
21038.64 21040.11
21038.64 21040.11
21038.64 21040.11
21038.92 21040.08
21038.92 21040.08
21038.39 21039.86
21038.39 21039.86
21038.14 21039.61
21038.14 21039.61
21038.14 21039.61
21038.14 21039.61
21038.14 21039.61
21037.64 21039.36
21037.64 21039.36
21037.87 21039.38
21037.87 21039.38
21037.87 21039.38
21036.65 21037.85
21036.64 21038.11
21036.64 21038.11
21035.87 21037.38
21035.65 21037.35
21035.65 21037.35
21035.65 21037.35
21035.40 21037.11
21035.40 21037.11
21035.64 21037.11
21035.64 21037.11
21035.38 21036.88
21035.38 21036.88
21035.38 21036.88
21035.89 21037.36
21035.63 21037.12
21035.63 21037.12
21035.41 21037.10
21035.41 21037.10
21030.15 21031.86
21028.41 21030.10
21028.41 21030.10
21027.78 21029.72
21027.78 21029.72
21028.15 21029.85
21027.16 21028.84
21027.16 21028.84
21028.91 21030.60
21028.63 21030.12
21028.63 21030.12
21028.63 21030.12
21028.91 21030.60
21028.64 21030.11
21028.64 21030.11
21028.62 21030.13
21028.62 21030.13
21029.16 21030.85
21030.16 21031.85
21030.16 21031.85
21029.64 21031.11
21029.64 21031.11
21030.14 21031.61
21030.14 21031.61
21030.40 21032.11
21030.40 21032.11
21031.15 21032.35
21031.16 21032.84
21031.16 21032.84
21030.47 21032.28
21030.47 21032.28
21030.66 21032.34
21030.66 21032.34
21031.56 21032.19
21029.89 21031.36
21029.89 21031.36
21030.63 21032.13
21030.14 21031.86
21030.14 21031.86
21030.18 21031.33
21030.16 21031.34
21030.16 21031.34
21031.16 21032.34
21031.16 21032.34
21030.65 21032.36
21030.89 21032.36
21030.89 21032.36
21030.89 21032.36
21031.15 21032.85
21031.13 21032.63
21031.13 21032.63
21031.14 21032.61
21031.14 21032.61
21031.14 21032.61
21031.63 21033.13
21031.63 21033.13
21032.38 21033.88
21032.14 21033.86
21032.14 21033.86
21032.14 21033.61
21032.40 21034.11
21032.40 21034.11
21032.40 21034.10
21032.40 21034.10
21032.16 21033.34
21032.13 21033.62
21032.13 21033.62
21032.13 21033.62
21032.14 21033.61
21032.14 21033.61
21032.14 21033.61
21032.14 21033.61
21032.14 21033.61
21032.41 21033.59
21032.15 21033.86
21032.15 21033.86
21032.40 21034.11
21032.40 21034.11
21032.16 21033.84
21032.14 21033.86
21032.14 21033.86
21032.14 21033.86
21032.16 21033.85
21032.16 21033.85
21032.14 21033.61
21032.14 21033.61
21032.22 21034.03
21032.38 21033.88
21032.38 21033.88
21032.40 21034.10
21032.40 21034.10
21032.41 21034.10
21032.64 21034.11
21032.64 21034.11
21032.66 21034.35
21032.66 21034.35
21032.66 21034.35
21032.89 21034.36
21032.89 21034.36
21032.41 21034.10
21033.63 21035.13
21033.63 21035.13
21033.63 21035.12
21033.63 21035.12
21033.39 21034.86
21033.39 21034.86
21033.64 21035.11
21033.88 21035.38
21033.88 21035.38
21033.65 21035.36
21034.39 21035.86
21034.39 21035.86
21034.40 21036.11
21034.16 21035.85
21034.16 21035.85
21033.06 21033.69
21033.13 21034.63
21033.13 21034.63
21031.64 21033.11
21031.89 21033.36
21031.89 21033.36
21031.89 21033.36
21031.89 21033.36
21033.38 21034.88
21033.38 21034.88
21033.38 21034.88
21032.63 21034.13
21032.38 21033.87
21032.38 21033.87
21032.16 21033.85
21032.16 21033.85
21031.91 21033.59
21031.91 21033.59
21032.41 21034.10
21032.41 21034.10
21032.66 21034.35
21032.66 21034.35
21032.40 21034.11
21032.40 21034.11
21032.39 21034.11
21032.39 21034.11
21032.89 21034.36
21032.89 21034.36
21032.88 21034.38
21034.15 21035.86
21034.15 21035.86
21034.15 21035.86
21034.66 21036.34
21035.39 21036.86
21035.39 21036.86
21035.43 21036.58
21035.43 21036.58
21035.43 21036.58
21035.39 21036.86
21035.39 21036.86
21035.66 21036.84
21035.66 21036.84
21035.66 21036.85
21035.66 21036.85
21036.43 21037.58
21036.90 21038.60
21037.41 21039.09
21037.41 21039.09
21037.14 21038.61
21036.89 21038.36
21036.89 21038.36
21037.16 21038.85
21037.16 21038.85
21038.14 21039.61
21037.89 21039.36
21037.89 21039.36
21037.91 21039.09
21037.40 21039.10
21037.40 21039.10
21037.40 21039.10
21036.41 21038.10
21036.15 21037.86
21036.15 21037.86
21036.16 21037.84
21036.16 21037.84
21039.40 21040.60
21039.56 21040.19
21039.56 21040.19
21038.89 21040.36
21038.89 21040.36
21039.66 21040.84
21040.39 21041.86
21040.39 21041.86
21040.38 21041.88
21040.38 21041.88
21040.88 21042.38
21040.91 21042.10
21040.91 21042.10
21041.13 21042.62
21041.39 21042.86
21041.39 21042.86
21041.65 21042.85
21040.87 21042.38
21040.87 21042.38
21040.91 21042.59
21040.91 21042.59
21041.14 21042.61
21041.14 21042.61
21041.16 21042.85
21041.16 21042.85
21040.64 21042.11
21041.14 21042.61
21041.14 21042.61
21040.63 21042.13
21040.63 21042.13
21040.65 21041.85
21040.65 21041.85
21039.39 21040.86
21039.39 21040.86
21038.66 21039.84
21038.64 21040.11
21038.64 21040.11
21038.65 21039.85
21039.41 21040.59
21039.41 21040.59
21040.39 21041.86
21040.39 21041.86
21040.65 21042.36
21040.65 21042.36
21040.65 21042.36
21040.41 21042.10
21040.41 21041.59
21040.65 21042.36
21040.65 21042.36
21040.64 21042.11
21040.64 21042.11
21040.41 21042.09
21040.41 21042.09
21040.14 21041.86
21040.89 21042.36
21040.89 21042.36
21040.63 21042.12
21040.89 21042.36
21040.89 21042.36
21041.67 21042.83
21042.16 21043.34
21042.16 21043.34
21042.17 21043.33
21040.87 21042.38
21040.87 21042.38
21041.39 21042.86
21041.39 21042.86
21041.41 21043.10
21041.89 21043.36
21041.89 21043.36
21041.14 21042.61
21041.14 21042.61
21040.13 21041.63
21039.13 21040.63
21039.13 21040.63
21039.40 21041.11
21039.40 21041.11
21039.63 21041.12
21039.63 21041.12
21039.89 21041.36
21039.89 21041.36
21040.39 21041.86
21040.39 21041.86
21040.41 21041.60
21040.41 21041.60
21039.65 21041.35
21038.87 21040.38
21038.87 21040.38
21039.14 21040.61
21039.14 21040.61
21039.91 21041.10
21040.65 21041.85
21040.65 21041.85
21040.90 21042.10
21040.90 21042.10
21042.15 21043.35
21042.15 21043.35
21042.80 21043.45
21041.88 21043.37
21041.88 21043.37
21042.16 21043.85
21042.16 21043.85
21042.16 21043.85
21042.14 21043.61
21041.89 21043.36
21041.89 21043.36
21041.64 21043.11
21041.64 21043.11
21041.40 21043.10
21041.89 21043.36
21041.89 21043.36
21041.89 21043.36
21042.15 21043.35
21041.15 21042.85
21041.15 21042.85
21040.15 21041.86
21040.15 21041.86
21039.73 21041.53
21039.13 21040.63
21039.13 21040.63
21039.16 21040.85
21039.16 21040.85
21039.13 21040.62
21039.12 21040.63
21039.12 21040.63
21039.14 21040.61
21039.22 21041.03
21039.22 21041.03
21038.39 21039.86
21038.39 21039.86
21038.65 21040.35
21038.65 21040.35
21039.14 21040.61
21040.41 21042.09
21040.41 21042.09
21040.22 21042.03
21040.22 21042.03
21039.91 21041.60
21039.91 21041.60
21039.91 21041.60
21039.91 21041.60
21039.91 21041.60
21040.15 21041.86
21040.15 21041.86
21040.66 21041.84
21040.66 21041.84
21040.41 21042.09
21040.40 21042.10
21040.40 21042.10
21040.16 21041.84
21040.16 21041.84
21040.16 21041.85
21040.16 21041.85
21040.38 21041.87
21040.16 21041.85
21040.16 21041.85
21040.89 21042.36
21040.89 21042.36
21040.14 21041.86
21039.89 21041.36
21039.89 21041.36
21040.38 21041.88
21040.38 21041.88
21040.39 21041.86
21040.39 21041.86
21040.65 21042.35
21040.89 21042.36
21040.89 21042.36
21040.88 21042.37
21040.88 21042.37
21041.15 21042.35
21041.15 21042.35
21038.91 21040.59
21039.38 21040.87
21039.38 21040.87
21038.91 21040.60
21038.91 21040.60
21039.89 21041.36
21039.40 21041.11
21039.40 21041.11
21040.42 21041.58
21040.42 21041.58
21040.13 21041.62
21040.13 21041.62
21039.90 21041.60
21039.90 21041.60
21039.90 21041.60
21040.14 21041.61
21040.14 21041.61
21040.14 21041.61
21039.91 21041.60
21039.91 21041.60
21039.63 21041.12
21039.63 21041.12
21039.41 21040.59
21039.41 21040.59
21039.63 21041.12
21040.68 21041.83
21040.68 21041.83
21040.68 21041.83
21043.14 21044.61
21042.38 21043.87
21042.38 21043.87
21042.66 21043.84
21042.40 21044.11
21042.40 21044.11
21042.88 21044.38
21042.88 21044.38
21042.91 21044.09
21042.91 21044.09
21042.91 21044.09
21042.63 21044.12
21042.63 21044.12
21043.17 21044.33
21043.17 21044.33
21043.42 21044.58
21043.42 21044.58
21043.13 21044.63
21043.13 21044.63
21043.63 21045.13
21043.63 21045.13
21043.64 21045.11
21043.64 21045.11
21042.64 21044.11
21043.40 21045.11
21043.40 21045.11
21043.40 21045.11
21043.40 21045.11
21043.40 21045.11
21043.39 21045.11
21044.90 21046.10
21044.90 21046.10
21047.92 21049.08
21047.92 21049.08
21047.41 21048.59
21046.89 21048.36
21046.89 21048.36
21047.15 21048.35
21047.15 21048.35
21047.63 21049.13
