20822.38 20823.88
20822.38 20823.88
20824.66 20826.35
20824.66 20826.35
20823.88 20825.37
20821.13 20822.62
20821.13 20822.62
20822.39 20823.86
20821.65 20823.36
20821.65 20823.36
20821.64 20823.11
20821.13 20822.62
20821.13 20822.62
20821.40 20823.10
20821.40 20823.10
20822.41 20824.09
20822.41 20824.09
20820.71 20822.54
20820.71 20822.54
20821.16 20822.85
20821.16 20822.85
20822.40 20824.10
20822.40 20824.10
20824.06 20824.69
20821.89 20823.36
20821.89 20823.36
20821.13 20822.62
20821.13 20822.62
20821.62 20823.13
20821.62 20823.13
20822.55 20823.20
20822.55 20823.20
20822.46 20824.29
20821.91 20823.60
20821.91 20823.60
20821.89 20823.36
20821.66 20823.35
20821.66 20823.35
20821.38 20822.87
20821.38 20822.87
20821.88 20823.37
20820.89 20822.36
20820.89 20822.36
20821.46 20823.29
20821.46 20823.29
20820.91 20822.09
20820.91 20822.09
20820.91 20822.09
20820.89 20822.36
20820.89 20822.36
20820.65 20822.36
20820.65 20822.36
20819.63 20821.12
20820.90 20822.61
20820.90 20822.61
20820.88 20822.38
20820.88 20822.38
20820.64 20822.11
20821.88 20823.37
20821.88 20823.37
20822.16 20823.85
20822.13 20823.62
20822.13 20823.62
20821.41 20823.09
20821.41 20823.09
20819.90 20821.61
20819.65 20821.36
20819.65 20821.36
20819.63 20821.13
20820.14 20821.61
20820.14 20821.61
20818.64 20820.36
20818.64 20820.36
20818.40 20820.10
20818.66 20820.35
20818.66 20820.35
20818.90 20820.61
20818.90 20820.61
20818.91 20820.59
20818.96 20820.79
20818.96 20820.79
20819.87 20821.38
20819.90 20821.61
20819.90 20821.61
20819.90 20821.61
20818.66 20820.35
20818.66 20820.35
20818.66 20820.35
20818.63 20820.12
20817.41 20819.10
20817.41 20819.10
20817.22 20819.03
20817.22 20819.03
20817.12 20818.63
20817.66 20819.35
20817.66 20819.35
20819.39 20820.86
20819.39 20820.86
20818.14 20819.86
20818.16 20819.84
20818.16 20819.84
20816.63 20818.12
20817.90 20819.60
20817.90 20819.60
20818.16 20819.85
20818.16 20819.85
20818.15 20819.86
20818.88 20820.38
20818.88 20820.38
20818.16 20819.84
20817.13 20818.63
20817.13 20818.63
20815.91 20817.59
20815.91 20817.59
20815.14 20816.61
20815.38 20816.87
20815.38 20816.87
20813.64 20815.11
20813.64 20815.11
20813.41 20814.59
20814.14 20815.61
20814.14 20815.61
20816.65 20818.36
20816.65 20818.36
20817.13 20818.62
20817.64 20819.11
20817.64 20819.11
20817.15 20818.86
20817.91 20819.59
20817.91 20819.59
20817.38 20818.87
20817.38 20818.87
20817.39 20818.86
20816.41 20818.10
20816.41 20818.10
20816.14 20817.61
20816.14 20817.61
20815.40 20817.11
20813.91 20815.59
20813.91 20815.59
20814.16 20815.85
20814.38 20815.88
20814.38 20815.88
20814.64 20816.36
20816.66 20818.35
20816.66 20818.35
20816.71 20818.54
20816.71 20818.54
20817.14 20818.61
20817.38 20818.88
20817.38 20818.88
20817.67 20818.83
20817.67 20818.83
20817.39 20818.86
20817.38 20818.87
20817.38 20818.87
20817.39 20818.86
20818.12 20819.63
20818.12 20819.63
20817.65 20819.36
20817.65 20819.36
20818.41 20820.10
20817.90 20819.61
20817.90 20819.61
20817.66 20819.35
20817.89 20819.61
20817.89 20819.61
20817.66 20819.35
20817.66 20819.35
20818.37 20819.88
20818.37 20819.88
20818.39 20819.86
20817.15 20818.86
20817.15 20818.86
20818.15 20819.86
20818.15 20819.86
20818.15 20819.86
20817.89 20819.36
20817.89 20819.36
20818.16 20819.85
20819.90 20821.61
20819.90 20821.61
20819.63 20821.12
20817.65 20819.36
20817.65 20819.36
20817.89 20819.36
20817.89 20819.36
20818.13 20819.62
20818.13 20819.62
20818.38 20819.87
20818.38 20819.88
20818.38 20819.88
20817.16 20818.84
20817.16 20818.84
20817.14 20818.61
20816.66 20818.34
20816.66 20818.34
20816.13 20817.63
20816.13 20817.63
20817.64 20819.11
20817.64 20819.11
20816.41 20818.10
20817.40 20819.11
20817.40 20819.11
20817.13 20818.62
20817.14 20818.61
20817.14 20818.61
20816.40 20818.10
20816.40 20818.10
20815.91 20817.60
20815.90 20817.61
20815.90 20817.61
20817.66 20819.35
20815.64 20817.36
20815.64 20817.36
20815.63 20817.13
20815.39 20816.86
20815.39 20816.86
20814.37 20815.88
20814.93 20816.08
20814.93 20816.08
20813.38 20814.87
20813.38 20814.87
20813.63 20815.12
20811.13 20812.63
20811.13 20812.63
20810.39 20811.86
20810.37 20811.88
20810.37 20811.88
20810.90 20812.61
20811.64 20813.11
20811.64 20813.11
20812.66 20813.84
20812.66 20813.84
20812.39 20813.86
20811.38 20812.87
20811.38 20812.87
20812.37 20813.88
20810.90 20812.61
20810.90 20812.61
20811.90 20813.60
20811.90 20813.60
20811.66 20813.34
20812.12 20813.63
20812.12 20813.63
20811.66 20812.84
20811.66 20812.84
20812.87 20814.38
20812.87 20814.38
20812.65 20814.36
20813.64 20815.11
20813.64 20815.11
20814.16 20815.34
20814.16 20815.34
20814.16 20815.34
20814.14 20815.61
20815.91 20817.09
20815.91 20817.09
20813.89 20815.36
20814.13 20815.63
20814.13 20815.63
20815.38 20816.87
20815.38 20816.87
20816.41 20818.09
20816.14 20817.61
20816.14 20817.61
20815.40 20817.10
20814.16 20815.85
20814.16 20815.85
20814.16 20815.34
20814.16 20815.34
20814.88 20816.37
20814.88 20816.37
20814.88 20816.37
20814.13 20815.62
20814.13 20815.62
20813.91 20815.59
20813.88 20815.38
20813.88 20815.38
20813.64 20815.11
20814.39 20815.86
20814.39 20815.86
20814.39 20815.86
20817.66 20819.34
20817.66 20819.34
20817.46 20819.29
20818.13 20819.62
20818.13 20819.62
20817.87 20819.38
20819.41 20821.10
20819.41 20821.10
20819.64 20821.11
20819.64 20821.11
20819.15 20820.85
20819.64 20821.11
20819.64 20821.11
20817.66 20819.35
20818.65 20820.36
20818.65 20820.36
20818.13 20819.63
20818.13 20819.63
20818.63 20820.12
20818.63 20820.12
20818.14 20819.61
20818.14 20819.61
20818.14 20819.61
20818.37 20819.88
20818.66 20819.85
20818.66 20819.85
20817.90 20819.61
20817.90 20819.61
20817.90 20819.61
20817.89 20819.36
20817.89 20819.36
20817.90 20819.61
20817.90 20819.61
20817.93 20819.08
20817.66 20818.84
20817.66 20818.84
20817.42 20818.59
20817.42 20818.59
20817.66 20819.34
20818.38 20819.88
20818.38 20819.88
20817.88 20819.38
20818.87 20820.38
20818.87 20820.38
20819.41 20820.59
20819.41 20820.59
20818.64 20820.11
20818.64 20820.11
20818.91 20820.59
20820.62 20822.13
20821.15 20822.86
20821.15 20822.86
20821.40 20823.11
20821.40 20823.11
20825.15 20826.86
20824.66 20826.35
20824.66 20826.35
20823.41 20825.09
20824.13 20825.62
20824.13 20825.62
20824.64 20826.11
20824.64 20826.11
20825.38 20826.88
20825.38 20826.88
20824.91 20826.09
20825.66 20826.84
20825.66 20826.84
20825.66 20826.84
20826.06 20826.69
20826.87 20828.38
20826.87 20828.38
20826.92 20828.08
20826.92 20828.08
20827.14 20828.61
20827.31 20827.94
20827.31 20827.94
20826.63 20828.12
20825.14 20826.61
20825.14 20826.61
20825.64 20827.11
20825.64 20827.11
20825.66 20826.85
20827.88 20829.38
20827.88 20829.38
20827.88 20829.37
20827.88 20829.37
20827.88 20829.37
20828.16 20829.34
20828.16 20829.34
20827.89 20829.36
20824.64 20826.11
20824.64 20826.11
20825.12 20826.63
20825.12 20826.63
20823.38 20824.88
20823.38 20824.88
20823.88 20825.37
20824.41 20825.60
20824.41 20825.60
20823.92 20825.08
20822.92 20824.09
20822.92 20824.09
20822.88 20824.37
20820.87 20822.38
20820.87 20822.38
20821.66 20822.84
20821.37 20822.88
20821.37 20822.88
20821.67 20822.83
20821.67 20822.84
20821.67 20822.84
20820.64 20822.11
20820.64 20822.11
20820.91 20822.59
20821.37 20822.88
20821.37 20822.88
20821.12 20822.63
20821.41 20823.10
20821.41 20823.10
20820.16 20821.35
20817.90 20819.61
20817.90 20819.61
20817.93 20819.08
20817.13 20818.62
20817.13 20818.62
20817.93 20819.08
20817.93 20819.08
20818.15 20819.86
20815.16 20816.35
20815.16 20816.35
20815.65 20817.36
20815.65 20817.36
20815.65 20816.85
20815.65 20816.85
20815.63 20817.12
20815.62 20817.13
20815.62 20817.13
20815.38 20816.87
20814.41 20816.10
20814.41 20816.10
20814.91 20816.60
20814.93 20816.08
20814.93 20816.08
20814.39 20815.86
20816.66 20817.85
20816.66 20817.85
20815.91 20817.59
20816.42 20817.58
20816.42 20817.58
20815.64 20817.36
20815.67 20816.83
20815.67 20816.83
20815.90 20817.61
20815.88 20817.37
20815.88 20817.37
20816.15 20817.35
20816.15 20817.35
20817.38 20818.87
20816.88 20818.38
20816.88 20818.38
20817.13 20818.62
20817.13 20818.62
20817.17 20818.33
20817.17 20818.33
20816.16 20817.34
20816.63 20818.12
20816.63 20818.12
20815.88 20817.37
20815.66 20816.84
20815.66 20816.84
20815.66 20816.84
20816.39 20817.86
20817.64 20819.11
20817.64 20819.11
20817.80 20818.45
20815.66 20817.35
20815.66 20817.35
20815.91 20817.59
20815.91 20817.60
20815.91 20817.60
20816.13 20817.62
20815.65 20817.36
20815.65 20817.36
20815.90 20817.60
20815.90 20817.60
20816.16 20817.84
20813.63 20815.13
20813.41 20814.60
20813.41 20814.60
20813.16 20814.85
20813.16 20814.85
20812.64 20814.11
20812.64 20814.11
20813.41 20814.59
20813.15 20814.86
20813.15 20814.86
20812.67 20813.83
20811.91 20813.60
20811.91 20813.60
20811.39 20812.86
20811.14 20812.86
20811.14 20812.86
20809.05 20809.70
20807.91 20809.09
20807.91 20809.09
20808.65 20810.36
20808.91 20810.59
20808.91 20810.59
20807.65 20809.36
20806.66 20808.35
20806.66 20808.35
20807.66 20809.34
20807.65 20809.36
20807.65 20809.36
20806.64 20808.11
20806.64 20808.11
20806.68 20807.83
20805.91 20807.09
20805.91 20807.09
20804.39 20805.86
20804.39 20805.86
20803.91 20805.60
20803.43 20804.58
20803.43 20804.58
20803.89 20805.61
20804.16 20805.84
20804.16 20805.84
20805.38 20806.87
20806.42 20807.58
20806.42 20807.58
20806.88 20808.37
20806.39 20807.86
20806.39 20807.86
20806.92 20808.08
20806.92 20808.08
20807.63 20809.12
20808.13 20809.63
20808.13 20809.63
20808.17 20809.33
20808.17 20809.33
20807.66 20808.84
20807.66 20808.84
20807.38 20808.87
20809.06 20809.69
20809.06 20809.69
20807.38 20808.88
20807.66 20808.84
20807.66 20808.84
20808.89 20810.36
20811.13 20812.63
20811.13 20812.63
20811.41 20812.60
20811.38 20812.87
20811.38 20812.87
20811.43 20812.58
20811.43 20812.58
20811.41 20812.59
20812.91 20814.10
20812.91 20814.10
20812.39 20813.86
20812.38 20813.87
20812.38 20813.87
20812.38 20813.87
20813.06 20813.69
20813.06 20813.69
20813.41 20814.59
20811.62 20813.13
20811.62 20813.13
20810.87 20812.38
20809.13 20810.62
20809.13 20810.62
20808.91 20810.09
20808.91 20810.09
20809.67 20810.83
20809.67 20810.83
20809.87 20811.38
20810.88 20812.37
20810.88 20812.37
20811.14 20812.61
20811.14 20812.61
20809.64 20811.11
20809.13 20810.63
20809.13 20810.63
20808.63 20810.13
20808.63 20810.13
20809.90 20811.10
20809.90 20811.10
20811.06 20811.69
20811.06 20811.69
20809.89 20811.36
20809.89 20811.36
20809.91 20811.10
20810.66 20811.84
20810.66 20811.84
20814.65 20815.85
20814.65 20815.85
20810.42 20811.59
20810.38 20811.88
20810.38 20811.88
20810.37 20811.88
20810.91 20812.09
20810.91 20812.09
20811.38 20812.87
20811.38 20812.87
20811.91 20813.09
20812.13 20813.62
20812.13 20813.62
20811.63 20813.13
20811.63 20813.13
20812.18 20813.33
20811.89 20813.36
20811.89 20813.36
20811.89 20813.36
20812.67 20813.83
20813.16 20814.34
20813.16 20814.34
20812.64 20814.11
20812.39 20813.86
20812.39 20813.86
20812.43 20813.58
20812.64 20814.11
20812.64 20814.11
20811.64 20813.11
20811.64 20813.11
20811.64 20813.11
20811.63 20813.12
20812.89 20814.36
20812.89 20814.36
20812.63 20814.12
20811.38 20812.87
20811.38 20812.87
20811.16 20812.35
20811.38 20812.87
20811.38 20812.87
20807.39 20808.86
20807.15 20808.35
20807.15 20808.35
20807.88 20809.37
20807.81 20808.44
20807.81 20808.44
