20871.16 20872.34
20871.16 20872.34
20869.90 20871.10
20869.90 20871.10
20870.62 20872.13
20870.14 20871.61
20870.14 20871.61
20868.88 20870.37
20868.88 20870.38
20868.88 20870.38
20869.91 20871.09
20871.63 20873.12
20871.63 20873.12
20874.38 20875.87
20875.66 20876.84
20875.66 20876.84
20875.91 20877.09
20875.63 20877.12
20875.63 20877.12
20877.91 20879.10
20878.16 20879.34
20878.16 20879.34
20875.67 20876.84
20875.67 20876.84
20877.93 20879.08
20877.38 20878.88
20877.38 20878.88
20877.62 20879.13
20878.41 20879.59
20878.41 20879.59
20878.38 20879.87
20878.38 20879.87
20879.17 20880.33
20878.40 20879.60
20878.40 20879.60
20879.17 20880.33
20880.91 20882.10
20880.91 20882.10
20880.38 20881.87
20881.13 20882.62
20881.13 20882.62
20880.17 20881.33
20880.17 20881.33
20879.64 20881.11
20880.38 20881.87
20880.38 20881.87
20881.18 20882.33
20882.12 20883.63
20882.12 20883.63
20883.93 20885.08
20883.93 20885.08
20881.89 20883.36
20881.63 20883.12
20881.63 20883.12
20882.68 20883.83
20882.17 20883.34
20882.17 20883.34
20882.67 20883.84
20884.66 20885.84
20884.66 20885.84
20886.67 20887.83
20886.63 20888.13
20886.63 20888.13
20885.89 20887.36
20884.65 20885.85
20884.65 20885.85
20888.67 20889.84
20890.42 20891.58
20890.42 20891.58
20891.17 20892.33
20891.17 20892.33
20890.91 20892.09
20890.91 20892.09
20891.68 20892.83
20891.15 20892.35
20891.15 20892.35
20891.66 20892.84
20891.37 20892.88
20891.37 20892.88
20891.91 20893.09
20894.66 20895.84
20894.66 20895.84
20896.15 20897.35
20896.15 20897.35
20895.92 20897.08
20895.91 20897.09
20895.91 20897.09
20894.41 20895.59
20894.16 20895.34
20894.16 20895.34
20893.91 20895.09
20893.92 20895.08
20893.92 20895.08
20894.64 20896.11
20895.41 20896.59
20895.41 20896.59
20898.39 20899.86
20896.38 20897.87
20896.38 20897.87
20893.92 20895.08
20895.42 20896.59
20895.42 20896.59
20896.16 20897.34
20896.16 20897.34
20894.62 20896.13
20893.66 20894.84
20893.66 20894.84
20894.17 20895.33
20894.16 20895.34
20894.16 20895.34
20894.06 20894.69
20893.39 20894.86
20893.39 20894.86
20896.17 20897.33
20895.42 20896.59
20895.42 20896.59
20896.06 20896.69
20894.43 20895.58
20894.43 20895.58
20895.16 20896.34
20894.89 20896.36
20894.89 20896.36
20894.90 20896.10
20894.90 20896.10
20895.92 20897.08
20895.92 20897.08
20894.91 20896.09
20894.91 20896.09
20894.92 20896.08
20895.92 20897.08
20895.92 20897.08
20895.16 20896.34
20894.92 20896.08
20894.92 20896.08
20895.16 20896.34
20895.56 20896.19
20895.56 20896.19
20893.93 20895.08
20893.93 20895.08
20892.90 20894.10
20892.17 20893.33
20892.17 20893.33
20894.13 20895.63
20895.12 20896.63
20895.12 20896.63
20895.39 20896.86
20894.67 20895.84
20894.67 20895.84
20894.62 20896.13
20895.16 20896.34
20895.16 20896.34
20893.91 20895.09
20893.17 20894.33
20893.17 20894.33
20894.63 20896.12
20894.38 20895.87
20894.38 20895.87
20894.17 20895.34
20894.14 20895.61
20894.14 20895.61
20892.63 20894.13
20894.16 20895.34
20894.16 20895.34
20892.37 20893.88
20893.14 20894.61
20893.14 20894.61
20897.63 20899.13
20897.91 20899.09
20897.91 20899.09
20897.88 20899.38
20897.17 20898.34
20897.17 20898.34
20896.89 20898.36
20896.38 20897.88
20896.38 20897.88
20896.14 20897.61
20895.91 20897.09
20895.91 20897.09
20895.67 20896.83
20894.63 20896.13
20894.63 20896.13
20894.63 20896.13
20894.63 20896.13
20895.91 20897.09
20895.38 20896.87
20893.63 20895.12
20893.63 20895.12
20894.91 20896.10
20894.91 20896.10
20894.89 20896.36
20894.41 20895.59
20894.41 20895.59
20894.17 20895.34
20895.66 20896.84
20895.66 20896.84
20894.88 20896.37
20893.91 20895.09
20893.91 20895.09
20892.63 20894.13
20892.63 20894.13
20892.91 20894.09
20894.67 20895.83
20894.67 20895.83
20894.42 20895.59
20896.65 20897.85
20896.65 20897.85
20895.92 20897.08
20895.92 20897.08
20897.92 20899.09
20896.67 20897.84
20896.67 20897.84
20896.16 20897.34
20896.67 20897.83
20896.67 20897.83
20896.39 20897.86
20900.42 20901.59
20900.42 20901.59
20903.17 20904.34
20904.38 20905.87
20904.38 20905.87
20905.66 20906.84
20905.66 20906.84
20908.17 20909.34
20909.67 20910.84
20909.67 20910.84
20908.38 20909.88
20908.14 20909.61
20908.14 20909.61
20910.42 20911.58
20912.15 20913.35
20912.15 20913.35
20912.37 20913.88
20911.42 20912.58
20911.42 20912.58
20910.42 20911.58
20910.42 20911.58
20909.81 20910.44
20909.65 20910.85
20909.65 20910.85
20911.67 20912.84
20910.63 20912.13
20910.37 20911.88
20910.37 20911.88
20910.66 20911.85
20910.66 20911.85
20910.92 20912.09
20909.67 20910.84
20909.67 20910.84
20909.40 20910.60
20909.17 20910.33
20909.17 20910.33
20909.42 20910.59
20908.38 20909.88
20908.38 20909.88
20907.18 20908.33
20908.42 20909.58
20908.42 20909.58
20908.38 20909.88
20907.62 20909.13
20907.62 20909.13
20907.14 20908.61
20907.14 20908.61
20906.38 20907.87
20905.68 20906.83
20905.68 20906.83
20907.17 20908.34
20906.64 20908.11
20906.64 20908.11
20906.14 20907.61
20907.13 20908.63
20907.13 20908.63
20906.88 20908.37
20907.13 20908.62
20907.13 20908.62
20907.38 20908.87
20902.92 20904.09
20902.92 20904.09
20903.15 20904.35
20903.65 20904.85
20903.65 20904.85
20903.31 20903.94
20904.41 20905.59
20904.41 20905.59
20903.41 20904.59
20903.18 20904.33
20903.18 20904.33
20905.42 20906.58
20907.90 20909.10
20907.90 20909.10
20908.38 20909.87
20907.16 20908.34
20907.16 20908.34
20907.37 20908.88
20907.37 20908.88
20905.64 20907.11
20905.64 20907.11
20905.41 20906.59
20905.41 20906.59
20904.38 20905.87
20903.66 20904.84
20903.66 20904.84
20906.16 20907.34
20905.91 20907.09
20905.91 20907.09
20906.39 20907.86
20906.63 20908.12
20906.63 20908.12
20906.12 20907.63
20906.12 20907.63
20906.64 20908.11
20907.63 20909.12
20907.63 20909.12
20907.37 20908.88
20907.66 20908.84
20907.66 20908.84
20907.92 20909.09
20906.91 20908.10
20906.91 20908.10
20906.63 20908.12
20906.63 20908.12
20907.41 20908.59
20907.41 20908.59
20907.63 20909.12
20908.14 20909.61
20908.14 20909.61
20908.41 20909.59
20908.62 20910.13
20908.62 20910.13
20904.39 20905.86
20901.42 20902.58
20901.42 20902.58
20903.91 20905.09
20904.63 20906.12
20904.63 20906.12
20903.37 20904.88
20904.66 20905.84
20904.66 20905.84
20902.42 20903.59
20902.38 20903.87
20902.38 20903.87
20902.67 20903.84
20902.67 20903.84
20900.66 20901.85
20898.16 20899.34
20898.16 20899.34
20898.88 20900.37
20897.18 20898.33
20897.18 20898.33
20898.37 20899.88
20898.67 20899.83
20898.67 20899.83
20898.63 20900.12
20898.17 20899.34
20898.17 20899.34
20897.64 20899.11
20897.64 20899.11
20897.89 20899.36
20900.06 20900.70
20900.06 20900.70
20900.62 20902.13
20900.90 20902.10
20900.90 20902.10
20901.88 20903.38
20903.88 20905.37
20903.88 20905.37
20903.91 20905.10
20903.41 20904.59
20903.41 20904.59
20902.67 20903.83
20902.06 20902.69
20902.06 20902.69
20901.65 20902.85
20901.14 20902.61
20901.14 20902.61
20901.18 20902.33
20900.41 20901.59
20900.41 20901.59
20901.12 20902.63
20901.12 20902.63
20900.38 20901.88
20900.42 20901.58
20900.42 20901.58
20902.39 20903.86
20903.38 20904.87
20903.38 20904.87
20902.89 20904.36
20902.89 20904.36
20903.41 20904.59
20903.41 20904.59
20903.42 20904.58
20903.92 20905.08
20903.92 20905.08
20903.89 20905.36
20902.62 20904.13
20902.62 20904.13
20901.88 20903.37
20901.88 20903.37
20902.89 20904.36
20902.12 20903.63
20902.12 20903.63
20904.39 20905.86
20903.88 20905.37
20903.88 20905.37
20904.37 20905.88
20904.37 20905.88
20905.88 20907.38
20905.17 20906.34
20905.17 20906.34
20907.15 20908.35
20905.88 20907.37
20905.88 20907.37
20906.64 20908.11
20907.18 20908.33
20907.18 20908.33
20907.41 20908.59
20907.14 20908.61
20907.14 20908.61
20907.88 20909.37
20907.88 20909.37
20908.92 20910.08
20907.13 20908.62
20907.13 20908.62
20907.92 20909.08
20906.88 20908.37
20906.88 20908.37
20905.66 20906.84
20906.63 20908.12
20906.63 20908.12
20906.14 20907.61
20905.92 20907.09
20905.92 20907.09
20905.92 20907.08
20905.92 20907.08
20905.13 20906.62
20905.66 20906.84
20905.66 20906.84
20905.13 20906.63
20903.92 20905.09
20903.92 20905.09
20900.89 20902.36
20901.12 20902.63
20901.12 20902.63
20901.88 20903.38
20901.91 20903.09
20901.91 20903.09
20900.93 20902.08
20900.88 20902.38
20900.88 20902.38
20898.89 20900.36
20898.64 20900.11
20898.64 20900.11
20899.67 20900.84
20899.63 20901.13
20899.63 20901.13
20900.13 20901.62
20900.42 20901.58
20900.42 20901.58
20900.37 20901.88
20900.37 20901.88
20898.16 20899.34
20898.42 20899.58
20898.42 20899.58
20895.66 20896.84
20896.37 20897.88
20896.37 20897.88
20897.39 20898.86
20896.64 20898.11
20896.64 20898.11
20896.38 20897.88
20896.13 20897.62
20896.13 20897.62
20896.88 20898.37
20896.13 20897.63
20893.64 20895.11
20893.64 20895.11
20896.91 20898.10
20896.91 20898.10
20894.66 20895.84
20895.17 20896.33
20895.17 20896.33
20893.90 20895.10
20896.63 20898.13
20896.63 20898.13
20896.64 20898.11
20896.66 20897.84
20896.66 20897.84
20896.42 20897.58
20896.42 20897.58
20896.88 20898.38
20896.39 20897.86
20896.39 20897.86
20895.37 20896.88
20895.92 20897.08
20895.92 20897.08
20896.14 20897.61
20894.68 20895.83
20894.68 20895.83
20894.87 20896.38
20894.38 20895.88
20894.38 20895.88
20893.92 20895.08
20892.88 20894.37
20892.88 20894.37
20893.66 20894.84
20893.66 20894.84
20893.67 20894.84
20894.90 20896.10
20894.90 20896.10
20895.42 20896.58
20895.16 20896.34
20895.16 20896.34
20893.62 20895.13
20893.14 20894.61
20893.14 20894.61
20892.89 20894.36
20893.37 20894.88
20893.38 20894.88
20893.38 20894.88
20893.89 20895.36
20893.89 20895.36
20890.92 20892.09
20888.87 20890.38
20888.87 20890.38
20888.39 20889.86
20888.41 20889.60
20888.41 20889.60
20887.63 20889.13
20884.66 20885.84
20884.66 20885.84
20884.64 20886.11
20883.42 20884.58
20883.42 20884.58
20883.64 20885.11
20883.39 20884.86
20883.39 20884.86
20882.17 20883.33
20882.17 20883.33
20880.16 20881.34
20879.42 20880.59
20879.42 20880.59
20880.66 20881.84
20880.67 20881.83
20880.67 20881.83
20881.87 20883.38
20878.16 20879.34
20878.16 20879.34
20879.81 20880.45
20878.92 20880.08
20878.92 20880.08
20879.13 20880.62
20881.42 20882.58
20881.42 20882.58
20880.41 20881.60
20879.66 20880.84
20879.66 20880.84
20877.67 20878.83
20877.67 20878.83
20878.16 20879.35
20878.15 20879.35
20878.15 20879.35
20877.38 20878.87
20876.91 20878.09
20876.91 20878.09
20879.64 20881.11
20880.17 20881.33
20880.17 20881.33
20880.17 20881.34
20880.17 20881.34
20879.38 20880.87
20878.13 20879.63
20877.92 20879.08
20877.92 20879.08
20876.65 20877.85
20876.65 20877.85
20874.56 20875.19
20874.92 20876.08
20874.92 20876.08
20876.66 20877.84
20875.13 20876.63
20875.13 20876.63
20873.38 20874.88
20873.38 20874.88
20875.67 20876.83
20877.13 20878.62
20877.13 20878.62
20878.17 20879.34
20877.38 20878.87
20877.38 20878.87
20877.91 20879.09
20877.92 20879.09
20877.92 20879.09
20878.17 20879.33
20877.66 20878.84
20877.66 20878.84
20877.92 20879.09
20874.42 20875.58
20874.42 20875.58
20875.31 20875.95
20874.13 20875.62
20874.13 20875.62
20871.38 20872.87
20872.67 20873.83
20872.67 20873.83
20875.39 20876.86
20875.39 20876.86
20874.42 20875.59
20874.42 20875.58
20873.89 20875.36
20873.89 20875.36
20875.42 20876.58
20874.41 20875.59
20874.41 20875.59
20875.43 20876.58
20876.13 20877.62
20876.13 20877.62
20876.42 20877.59
20876.37 20877.88
20876.37 20877.88
20878.42 20879.58
20878.42 20879.58
20877.89 20879.36
20876.38 20877.87
20876.38 20877.87
20875.64 20877.11
