20760.89 20762.36
20760.89 20762.36
20760.65 20762.35
20760.89 20762.61
20760.89 20762.61
20759.66 20761.34
20759.66 20761.34
20759.91 20761.59
20760.22 20762.03
20760.22 20762.03
20760.40 20762.11
20757.14 20758.61
20757.14 20758.61
20757.39 20758.86
20757.65 20759.35
20757.65 20759.35
20757.64 20759.11
20758.65 20760.36
20758.65 20760.36
20758.64 20760.36
20759.66 20761.34
20759.66 20761.34
20759.66 20761.34
20759.71 20761.54
20759.39 20760.86
20759.39 20760.86
20759.16 20760.85
20757.40 20759.10
20757.40 20759.10
20757.40 20759.10
20757.63 20759.13
20757.66 20759.35
20757.66 20759.35
20757.63 20759.13
20757.63 20759.13
20757.64 20759.11
20757.65 20759.35
20757.65 20759.35
20757.38 20758.87
20756.40 20758.10
20756.40 20758.10
20756.88 20758.38
20756.88 20758.38
20758.16 20759.85
20758.16 20759.85
20758.62 20760.13
20758.62 20760.13
20757.63 20759.13
20757.87 20759.38
20757.87 20759.38
20757.64 20759.36
20757.64 20759.36
20757.64 20759.36
20757.65 20759.35
20757.65 20759.35
20757.14 20758.86
20757.14 20758.86
20757.16 20758.85
20757.16 20758.85
20756.39 20758.11
20754.89 20756.36
20754.89 20756.36
20757.66 20759.35
20757.64 20759.36
20757.64 20759.36
20757.39 20758.86
20756.66 20758.34
20756.66 20758.34
20756.62 20758.13
20756.62 20758.13
20756.15 20757.85
20756.15 20757.85
20756.39 20757.86
20756.14 20757.61
20756.14 20757.61
20757.13 20758.62
20757.66 20759.35
20757.66 20759.35
20757.66 20759.35
20757.65 20759.36
20757.65 20759.36
20759.62 20761.13
20759.62 20761.13
20760.66 20761.84
20760.66 20761.84
20760.89 20762.36
20760.14 20761.61
20760.14 20761.61
20760.03 20761.97
20760.03 20761.97
20760.39 20761.86
20759.66 20761.34
20759.66 20761.34
20759.66 20761.34
20759.88 20761.38
20759.88 20761.38
20759.88 20761.38
20760.12 20761.63
20760.12 20761.63
20760.12 20761.63
20760.12 20761.63
20760.14 20761.61
20760.14 20761.61
20761.16 20762.84
20761.16 20762.84
20761.16 20762.84
20760.65 20762.35
20760.65 20762.35
20760.65 20762.35
20760.65 20762.35
20760.64 20762.36
20760.64 20762.36
20760.41 20761.59
20760.41 20761.59
20759.63 20761.12
20760.37 20761.88
20760.37 20761.88
20761.14 20762.61
20761.14 20762.61
20760.41 20762.10
20757.90 20759.60
20757.90 20759.60
20757.90 20759.60
20757.90 20759.60
20760.92 20762.08
20761.13 20762.63
20761.13 20762.63
20761.13 20762.63
20760.89 20762.61
20760.89 20762.61
20758.72 20760.53
20758.72 20760.53
20758.72 20760.53
20758.22 20760.03
20758.62 20760.13
20758.62 20760.13
20758.64 20760.11
20758.64 20760.11
20758.41 20760.10
20758.88 20760.37
20758.88 20760.37
20757.16 20758.34
20757.90 20759.60
20757.90 20759.60
20758.66 20760.34
20756.15 20757.85
20756.15 20757.85
20757.71 20759.54
20757.71 20759.54
20757.91 20759.60
20758.66 20760.35
20758.66 20760.35
20757.90 20759.60
20757.90 20759.60
20757.90 20759.60
20760.17 20761.34
20760.17 20761.34
20760.64 20762.36
20762.15 20763.86
20762.15 20763.86
20762.15 20763.85
20762.15 20763.85
20762.53 20764.47
20763.41 20765.09
20763.41 20765.09
20762.64 20764.11
20762.66 20763.84
20762.66 20763.84
20762.64 20764.11
20762.64 20764.11
20762.64 20764.11
20763.65 20765.36
20763.89 20765.36
20763.89 20765.36
20763.89 20765.36
20763.16 20764.85
20763.16 20764.85
20763.05 20763.70
20761.91 20763.59
20761.91 20763.59
20762.65 20764.35
20762.65 20764.35
20762.89 20764.61
20764.38 20765.87
20764.38 20765.87
20764.38 20765.87
20764.38 20765.87
20764.73 20766.53
20764.63 20766.12
20763.66 20765.35
20763.66 20765.35
20764.89 20766.36
20764.89 20766.36
20764.38 20765.88
20764.38 20765.88
20764.66 20766.34
20764.66 20766.34
20763.47 20765.28
20763.47 20765.28
20763.47 20765.28
20763.22 20765.03
20763.22 20765.03
20763.46 20765.29
20763.46 20765.29
20763.46 20765.29
20763.46 20765.29
20763.72 20765.53
20764.13 20765.62
20764.13 20765.62
20764.13 20765.62
20763.41 20764.59
20763.41 20764.59
20764.38 20765.88
20764.38 20765.88
20764.88 20766.38
20764.88 20766.38
20764.88 20766.38
20764.73 20766.53
20765.64 20767.11
20765.64 20767.11
20765.64 20767.11
20765.39 20766.86
20765.39 20766.86
20764.89 20766.36
20765.14 20766.61
20765.14 20766.61
20765.14 20766.61
20765.14 20766.61
20764.91 20766.09
20763.14 20764.61
20763.14 20764.61
20762.63 20764.12
20762.63 20764.12
20762.41 20764.10
20762.41 20764.10
20762.13 20763.62
20762.13 20763.62
20762.16 20763.85
20761.38 20762.87
20761.38 20762.87
20762.30 20762.95
20762.30 20762.95
20762.30 20762.95
20762.14 20763.61
20762.14 20763.61
20762.14 20763.86
20759.41 20761.10
20759.41 20761.10
20759.89 20761.61
20759.89 20761.61
20759.91 20761.60
20759.91 20761.60
20759.91 20761.59
20759.91 20761.59
20760.64 20762.11
20760.40 20762.10
20760.40 20762.10
20760.41 20762.10
20760.41 20762.10
20760.88 20762.37
20760.88 20762.37
20760.88 20762.38
20760.89 20762.36
20760.89 20762.36
20760.91 20762.60
20761.41 20763.09
20761.41 20763.09
20760.66 20762.34
20760.66 20762.34
20760.16 20761.84
20759.65 20761.36
20759.65 20761.36
20759.64 20761.11
20759.64 20761.11
20759.89 20761.61
20760.16 20761.85
20760.16 20761.85
20760.13 20761.63
20760.13 20761.63
20760.15 20761.85
20760.15 20761.85
20760.15 20761.85
20760.41 20762.09
20762.16 20763.34
20762.16 20763.34
20762.62 20764.13
20762.62 20764.13
20762.40 20764.11
20762.40 20764.11
20762.40 20764.11
20762.40 20764.11
20762.21 20764.04
20762.21 20764.04
20762.21 20764.04
20762.39 20764.11
20762.39 20764.11
20762.41 20764.10
20762.64 20764.11
20762.64 20764.11
20763.14 20764.61
20763.14 20764.61
20763.39 20764.86
20763.39 20764.86
20763.39 20764.86
20763.39 20764.86
20762.42 20763.59
20762.42 20763.59
20762.63 20764.13
20762.40 20764.10
20762.40 20764.10
20762.89 20764.36
20762.89 20764.36
20762.91 20764.09
20762.91 20764.09
20763.64 20765.11
20763.89 20765.36
20763.89 20765.36
20764.14 20765.61
20764.14 20765.61
20762.89 20764.36
20763.71 20765.54
20763.71 20765.54
20763.72 20765.53
20763.72 20765.53
20763.72 20765.53
20763.89 20765.61
20763.89 20765.61
20763.89 20765.61
20764.40 20766.11
20764.40 20766.11
20763.15 20764.85
20763.16 20764.84
20763.16 20764.84
20762.39 20763.86
20762.41 20764.10
20762.41 20764.10
20762.41 20764.10
20762.66 20764.34
20762.66 20764.34
20762.66 20764.34
20762.66 20764.34
20762.97 20764.78
20762.97 20764.78
20762.64 20764.36
20762.64 20764.36
20762.64 20764.36
20762.66 20764.35
20762.66 20764.35
20762.15 20763.86
20762.15 20763.86
20762.15 20763.86
20762.15 20763.86
20762.15 20763.86
20762.39 20763.86
20762.38 20763.88
20762.38 20763.88
20762.38 20763.88
20763.14 20764.86
20764.41 20766.10
20764.41 20766.10
20763.64 20765.11
20764.41 20765.59
20764.41 20765.59
20764.66 20766.34
20764.39 20765.86
20764.39 20765.86
20764.39 20765.86
20764.39 20765.86
20764.39 20765.86
20764.89 20766.36
20764.89 20766.36
20765.17 20766.33
20765.17 20766.33
20765.16 20766.84
20765.14 20766.86
20765.14 20766.86
20765.39 20767.11
20765.39 20767.11
20764.88 20766.38
20764.15 20765.35
20764.15 20765.35
20764.15 20765.35
20764.16 20765.84
20764.16 20765.84
20764.16 20765.84
20764.39 20766.11
20764.39 20766.11
20764.39 20766.11
20764.63 20766.13
20764.66 20765.85
20764.66 20765.85
20764.62 20766.13
20764.62 20766.13
20764.62 20766.13
20764.41 20766.10
20764.41 20766.10
20764.41 20766.10
20764.41 20766.09
20764.41 20766.09
20764.39 20766.11
20764.39 20766.11
20764.39 20765.86
20764.39 20765.86
20762.47 20764.28
20762.65 20764.35
20762.65 20764.35
20763.63 20765.12
20763.65 20765.36
20763.65 20765.36
20763.15 20764.85
20763.64 20765.11
20763.64 20765.11
20763.16 20764.84
20763.16 20764.84
20763.13 20764.63
20762.41 20764.10
20762.41 20764.10
20761.64 20763.11
20761.14 20762.61
20761.14 20762.61
20760.39 20762.11
20760.39 20762.11
20759.88 20761.38
20759.88 20761.38
20759.65 20761.35
20759.65 20761.35
20759.91 20761.60
20758.48 20760.28
20758.48 20760.28
20758.48 20760.28
20758.90 20760.60
20758.87 20760.38
20758.87 20760.38
20757.14 20758.86
20757.88 20759.38
20757.88 20759.38
20759.90 20761.60
20759.90 20761.60
20759.62 20761.13
20759.62 20761.13
20759.39 20760.86
20759.39 20760.86
20759.89 20761.36
20760.40 20762.10
20760.40 20762.10
20760.40 20762.10
20761.16 20762.84
20761.22 20763.03
20761.22 20763.03
20761.65 20763.36
20761.65 20763.36
20761.64 20763.36
20761.64 20763.36
20761.41 20763.10
20761.14 20762.61
20761.14 20762.61
20761.14 20762.61
20761.14 20762.61
20763.92 20765.09
20766.14 20767.61
20766.14 20767.61
20765.13 20766.63
20765.16 20766.34
20765.16 20766.34
20765.66 20767.34
20764.89 20766.61
20764.89 20766.61
20763.66 20765.35
20765.13 20766.62
20765.13 20766.62
20764.89 20766.36
20764.89 20766.36
20764.91 20766.59
20764.91 20766.59
20764.91 20766.59
20764.90 20766.60
20764.90 20766.60
20764.16 20765.85
20764.16 20765.85
20764.39 20765.86
20763.65 20765.35
20763.65 20765.35
20763.89 20765.61
20763.89 20765.61
20763.89 20765.61
20764.17 20765.33
20764.17 20765.33
20764.41 20766.09
20764.41 20766.09
20763.14 20764.86
20763.66 20765.34
20763.66 20765.34
20763.39 20765.11
20764.15 20765.86
20764.15 20765.86
20763.89 20765.61
20764.64 20766.11
20764.64 20766.11
20764.64 20766.11
20764.97 20766.78
20764.97 20766.78
20764.97 20766.78
20763.91 20765.59
20763.91 20765.59
20763.39 20765.11
20763.39 20765.11
20763.39 20765.11
20763.41 20765.10
20763.41 20765.10
20763.41 20765.10
20763.63 20765.12
20763.63 20765.12
20763.39 20764.86
20763.62 20765.13
20763.62 20765.13
20764.63 20766.12
20764.63 20766.12
20764.23 20766.03
20764.91 20766.09
20764.91 20766.09
20763.66 20765.34
20764.14 20765.61
20764.14 20765.61
20763.14 20764.86
20763.41 20765.10
20763.41 20765.10
20763.15 20764.85
20763.15 20764.85
20762.41 20764.10
20762.41 20764.10
20762.41 20764.10
20761.41 20763.09
20761.41 20763.09
20762.39 20764.11
20763.37 20764.88
20763.37 20764.88
20762.66 20764.34
20761.97 20763.78
20761.97 20763.78
20761.88 20763.37
20761.88 20763.37
20763.64 20765.36
20763.64 20765.36
20760.92 20762.09
20760.14 20761.61
20760.14 20761.61
20760.15 20761.85
20759.64 20761.11
20759.64 20761.11
20759.64 20761.11
20759.16 20760.35
20759.16 20760.84
20759.16 20760.84
20759.89 20761.61
20759.91 20761.60
20759.91 20761.60
20759.90 20761.61
20759.90 20761.61
20760.40 20762.10
20760.40 20762.10
20760.40 20762.10
20759.98 20761.78
20759.98 20761.78
20759.66 20761.35
20759.71 20761.54
20759.71 20761.54
20760.22 20762.03
20759.91 20761.59
20759.91 20761.59
20760.40 20762.11
20760.40 20762.11
20760.22 20762.03
20760.22 20762.03
20760.14 20761.86
20760.14 20761.86
20758.66 20760.35
20758.39 20759.86
20758.39 20759.86
20758.39 20759.86
20758.40 20760.10
20758.40 20760.10
20759.90 20761.60
20759.90 20761.60
20759.64 20761.36
20759.64 20761.36
20759.64 20761.36
20760.89 20762.36
20759.65 20761.35
20759.65 20761.35
20765.66 20766.84
20765.66 20766.84
20765.66 20767.35
20765.66 20767.35
20765.41 20767.10
20766.89 20768.61
20766.89 20768.61
20767.23 20769.03
20767.64 20769.36
20767.64 20769.36
20768.12 20769.63
20768.12 20769.63
20767.89 20769.36
20768.14 20769.86
20768.14 20769.86
20768.89 20770.36
20767.14 20768.86
20767.14 20768.86
20767.13 20768.63
20767.13 20768.63
20767.16 20768.85
20768.87 20770.38
20768.87 20770.38
20767.39 20768.86
20767.39 20768.86
20767.14 20768.86
20767.63 20769.13
20767.63 20769.13
20767.92 20769.08
20766.89 20768.36
20766.89 20768.36
20766.89 20768.36
20766.64 20768.36
