21030.91 21032.60
21030.91 21032.60
21030.63 21032.12
21030.63 21032.12
21028.43 21029.58
21026.40 21028.11
21026.40 21028.11
21025.14 21026.61
21025.63 21027.13
21025.63 21027.13
21019.14 21020.86
21013.92 21015.09
21013.92 21015.09
21017.90 21019.60
21019.16 21020.85
21019.16 21020.85
21021.38 21022.87
21021.38 21022.87
21023.66 21025.35
21021.15 21022.86
21021.15 21022.86
21020.90 21022.60
21023.12 21024.63
21023.12 21024.63
21023.13 21024.62
21022.87 21024.38
21022.87 21024.38
21021.63 21023.12
21020.14 21021.86
21020.14 21021.86
21022.16 21023.85
21022.66 21024.35
21022.66 21024.35
21023.13 21024.63
21021.39 21023.11
21021.39 21023.11
21019.73 21021.53
21022.63 21024.12
21022.63 21024.12
21021.12 21022.63
21019.66 21021.34
21019.66 21021.34
21020.66 21022.35
21020.66 21022.35
21019.62 21021.13
21019.64 21021.11
21019.64 21021.11
21018.23 21020.03
21018.65 21020.35
21018.65 21020.35
21018.98 21020.78
21017.14 21018.61
21017.14 21018.61
21016.14 21017.86
21017.14 21018.61
21017.14 21018.61
21014.14 21015.86
21014.14 21015.86
21014.14 21015.86
21014.14 21015.61
21015.16 21016.85
21015.16 21016.85
21014.64 21016.36
21014.64 21016.36
21014.63 21016.13
21012.15 21013.85
21012.15 21013.85
21011.98 21013.78
21013.12 21014.63
21013.12 21014.63
21010.14 21011.86
21011.66 21013.35
21011.66 21013.35
21012.72 21014.53
21011.89 21013.61
21011.89 21013.61
21012.13 21013.62
21011.48 21013.28
21011.48 21013.28
21011.65 21013.35
21010.63 21012.13
21011.64 21013.36
21011.64 21013.36
21012.47 21014.28
21012.47 21014.28
21013.40 21015.11
21013.65 21015.36
21013.65 21015.36
21015.89 21017.61
21012.47 21014.28
21012.47 21014.28
21010.21 21012.04
21010.21 21012.04
21008.48 21010.28
21005.40 21007.10
21009.13 21010.63
21009.13 21010.63
21017.91 21019.60
21016.63 21018.12
21016.63 21018.12
21018.39 21020.11
21019.91 21021.09
21019.91 21021.09
21017.28 21019.22
21017.28 21019.22
21017.71 21019.54
21018.41 21020.10
21018.41 21020.10
21019.65 21021.36
21022.12 21023.63
21022.12 21023.63
21022.12 21023.63
21021.64 21023.11
21020.66 21022.35
21020.66 21022.35
21019.65 21021.35
21020.64 21022.36
21020.64 21022.36
21019.14 21020.86
21019.15 21020.86
21019.15 21020.86
21020.38 21021.87
21019.96 21021.79
21019.96 21021.79
21019.89 21021.36
21019.89 21021.36
21019.87 21021.38
21019.87 21021.38
21019.14 21020.61
21019.38 21020.87
21019.38 21020.87
21019.64 21021.36
21019.40 21021.11
21019.40 21021.11
21019.13 21020.63
21020.38 21021.87
21020.38 21021.87
21019.90 21021.61
21020.41 21022.09
21020.41 21022.09
21020.41 21022.10
21020.41 21022.10
21020.38 21021.87
21020.37 21021.88
21020.37 21021.88
21020.40 21022.10
21019.40 21021.10
21019.40 21021.10
21019.65 21021.35
21019.90 21021.60
21019.90 21021.60
21019.66 21021.35
21019.14 21020.61
21019.14 21020.61
21015.91 21017.60
21015.91 21017.60
21016.38 21017.88
21017.16 21018.85
21016.15 21017.85
21016.15 21017.85
21016.14 21017.86
21016.14 21017.86
21014.92 21016.08
21016.38 21017.88
21016.38 21017.88
21016.63 21018.12
21016.63 21018.12
21017.13 21018.62
21019.91 21021.60
21019.91 21021.60
21015.66 21017.35
21015.39 21017.11
21015.39 21017.11
21013.40 21015.11
21013.40 21015.11
21015.97 21017.78
21015.97 21017.78
21017.87 21019.38
21017.87 21019.38
21018.91 21020.60
21018.64 21020.11
21018.64 21020.11
21019.40 21021.11
21018.65 21020.35
21018.65 21020.35
21017.66 21019.35
21018.65 21020.36
21018.65 21020.36
21019.66 21021.34
21019.64 21021.36
21019.64 21021.36
21019.88 21021.37
21020.22 21022.03
21020.22 21022.03
21019.63 21021.12
21019.63 21021.12
21019.16 21020.85
21018.64 21020.36
21018.64 21020.36
21019.89 21021.61
21019.66 21021.35
21019.66 21021.35
21020.15 21021.85
21020.15 21021.85
21021.89 21023.36
21022.23 21024.03
21022.23 21024.03
21022.89 21024.36
21025.14 21026.86
21025.14 21026.86
21024.73 21026.53
21024.73 21026.53
21024.14 21025.86
21024.56 21025.19
21024.56 21025.19
21026.13 21027.62
21026.40 21028.11
21026.40 21028.11
21025.73 21027.53
21026.14 21027.61
21026.14 21027.61
21024.15 21025.85
21021.97 21023.78
21021.97 21023.78
21021.16 21022.85
21021.16 21022.85
21022.66 21024.34
21022.66 21024.34
21023.41 21025.10
21023.16 21024.85
21023.16 21024.85
21025.15 21026.85
21025.15 21026.85
21025.88 21027.37
21025.88 21027.37
21026.41 21028.09
21026.40 21028.11
21026.40 21028.11
21026.88 21028.37
21026.65 21028.35
21026.65 21028.35
21027.13 21028.62
21026.41 21028.09
21026.41 21028.09
21025.90 21027.60
21025.90 21027.60
21025.14 21026.86
21025.67 21026.84
21025.67 21026.84
21025.15 21026.85
21025.14 21026.61
21025.14 21026.61
21023.13 21024.62
21023.13 21024.62
21024.15 21025.85
21024.65 21026.36
21024.65 21026.36
21024.90 21026.61
21024.90 21026.61
21025.65 21027.35
21025.96 21027.79
21025.96 21027.79
21026.39 21027.86
21026.39 21027.86
21024.64 21026.11
21024.64 21026.11
21024.47 21026.28
21020.73 21022.53
21020.73 21022.53
21018.91 21020.59
21018.91 21020.59
21018.73 21020.53
21017.88 21019.38
21017.88 21019.38
21017.89 21019.61
21017.89 21019.61
21017.67 21018.83
21017.89 21019.36
21017.89 21019.36
21019.91 21021.60
21019.91 21021.60
21019.63 21021.12
21020.14 21021.61
21020.14 21021.61
21019.16 21020.85
21017.88 21019.38
21017.88 21019.38
21018.66 21020.35
21018.66 21020.35
21019.14 21020.61
21016.98 21018.78
21016.98 21018.78
21017.66 21019.35
21018.38 21019.87
21018.38 21019.87
21018.16 21019.84
21018.16 21019.84
21017.16 21018.85
21016.64 21018.36
21016.64 21018.36
21015.89 21017.61
21014.89 21016.36
21014.89 21016.36
21014.39 21016.11
21014.12 21015.63
21014.12 21015.63
21015.42 21016.58
21015.42 21016.58
21016.15 21017.86
21016.15 21017.86
21016.16 21017.85
21016.66 21018.35
21016.66 21018.35
21016.88 21018.38
21016.88 21018.38
21017.13 21018.62
21016.88 21018.37
21016.12 21017.63
21016.12 21017.63
21015.15 21016.86
21015.41 21017.10
21015.41 21017.10
21015.15 21016.86
21015.15 21016.86
21014.40 21016.10
21015.39 21016.86
21015.39 21016.86
21015.42 21016.58
21015.87 21017.38
21015.87 21017.38
21014.65 21016.36
21014.39 21015.86
21014.39 21015.86
21014.65 21016.35
21014.65 21016.35
21013.89 21015.61
21013.39 21014.86
21013.39 21014.86
21013.14 21014.86
21010.89 21012.36
21010.89 21012.36
21011.65 21013.35
21011.65 21013.35
21012.38 21013.87
21011.14 21012.86
21011.14 21012.86
21009.67 21010.83
21008.41 21010.10
21008.41 21010.10
21007.15 21008.85
21007.15 21008.86
21007.15 21008.86
21005.66 21006.84
21005.66 21006.84
21007.41 21009.10
21007.91 21009.60
21009.15 21010.85
21009.15 21010.85
21008.48 21010.28
21008.48 21010.28
21008.91 21010.60
21009.66 21011.35
21009.66 21011.35
21008.16 21009.85
21008.16 21009.85
21007.39 21008.86
21007.64 21009.11
21007.64 21009.11
21007.37 21008.88
21006.66 21008.35
21006.66 21008.35
21006.38 21007.87
21005.67 21006.83
21005.67 21006.83
21005.92 21007.08
21006.40 21008.11
21006.40 21008.11
21006.40 21008.10
21003.46 21005.29
21003.46 21005.29
21003.15 21004.85
21003.65 21005.35
21003.65 21005.35
21003.91 21005.60
21003.91 21005.60
21004.88 21006.37
21004.88 21006.37
21004.40 21006.10
21004.90 21006.61
21005.14 21006.86
21005.14 21006.86
21005.40 21007.10
21006.33 21008.42
21006.33 21008.42
21006.16 21007.85
21006.16 21007.85
21005.87 21007.38
21004.41 21005.59
21004.41 21005.59
21005.22 21007.03
21005.21 21007.04
21005.21 21007.04
21006.41 21008.10
21006.41 21008.10
21005.78 21007.72
21005.78 21007.72
21006.67 21007.83
21003.16 21004.85
21003.16 21004.85
21005.15 21006.86
21002.48 21004.28
21002.48 21004.28
21006.03 21007.97
21006.03 21007.97
21003.53 21005.48
21003.98 21005.78
21003.98 21005.78
21004.90 21006.60
21004.90 21006.60
21004.39 21006.11
21004.71 21006.54
21004.65 21006.36
21004.65 21006.36
21006.16 21007.84
21006.16 21007.84
21006.66 21008.35
21005.39 21007.11
21005.39 21007.11
21007.15 21008.86
21007.12 21008.63
21007.12 21008.63
21006.89 21008.61
21007.39 21009.11
21007.39 21009.11
21007.14 21008.86
21007.40 21009.10
21007.40 21009.10
21007.13 21008.63
21008.73 21010.53
21008.73 21010.53
21009.65 21011.35
21008.89 21010.61
21008.89 21010.61
21009.23 21011.03
21009.88 21011.38
21009.88 21011.38
21009.65 21010.85
21009.40 21011.11
21009.40 21011.11
21008.90 21010.60
21008.90 21010.60
21008.91 21010.60
21011.62 21013.13
21011.62 21013.13
21009.91 21011.60
21010.40 21012.11
21010.40 21012.11
21010.66 21012.34
21010.66 21012.34
21013.12 21014.63
21013.89 21015.61
21013.89 21015.61
21013.90 21015.60
21013.88 21015.38
21013.88 21015.38
21013.66 21015.35
21013.66 21015.35
21014.13 21015.62
21014.13 21015.62
21014.12 21015.63
21013.89 21015.61
21013.89 21015.61
21014.64 21016.11
21014.64 21016.11
21014.65 21016.35
21015.65 21017.36
21015.65 21017.36
21013.90 21015.60
21013.14 21014.86
21013.14 21014.86
21013.42 21014.58
21014.67 21015.83
21014.67 21015.83
21014.90 21016.61
21014.65 21016.35
21014.65 21016.35
21012.90 21014.61
21013.14 21014.86
21013.14 21014.86
21012.41 21014.10
21012.41 21014.10
21012.64 21014.11
21012.65 21014.36
21012.65 21014.36
21012.63 21014.12
21012.63 21014.12
21011.13 21012.62
21012.38 21013.88
21012.38 21013.88
21012.38 21013.88
21012.64 21014.11
21012.40 21014.11
21012.40 21014.11
21009.62 21011.13
21009.15 21010.86
21009.15 21010.86
21011.63 21013.12
21011.63 21013.12
21011.66 21013.35
21011.66 21013.35
21009.90 21011.61
21010.16 21011.85
21010.16 21011.85
21009.97 21011.78
21010.13 21011.62
21010.13 21011.62
21010.14 21011.61
21010.14 21011.61
21009.97 21011.78
21009.97 21011.78
21009.97 21011.78
21010.13 21011.62
21009.39 21010.86
21009.39 21010.86
21009.16 21010.85
21009.16 21010.85
21009.16 21010.85
21010.15 21011.86
21010.15 21011.86
21011.15 21012.86
21011.41 21013.10
21011.41 21013.10
21010.14 21011.86
21010.14 21011.86
21010.14 21011.61
21010.40 21012.11
21010.40 21012.11
21011.38 21012.88
21011.38 21012.88
21008.41 21010.10
21008.41 21010.10
21008.66 21009.84
21009.14 21010.61
21009.14 21010.61
21008.66 21010.35
21009.81 21010.44
21009.81 21010.44
21009.40 21011.10
21009.40 21011.10
21009.90 21011.61
21009.65 21011.35
21009.65 21011.35
21009.18 21010.33
21008.66 21010.35
21008.66 21010.35
21008.92 21010.08
21008.92 21010.08
21009.64 21011.11
21009.41 21011.10
21009.41 21011.10
21010.64 21012.36
21011.40 21013.10
21011.40 21013.10
21012.88 21014.37
21012.88 21014.37
21013.62 21015.13
21013.66 21015.35
21013.66 21015.35
21013.41 21015.10
21013.41 21015.10
21010.92 21012.08
21010.92 21012.08
21010.96 21012.79
21010.96 21012.79
21013.14 21014.61
21013.14 21014.61
21014.40 21016.10
21014.40 21016.10
21014.14 21015.86
21012.39 21014.11
21012.41 21014.10
21012.41 21014.10
21010.90 21012.61
21010.90 21012.61
21012.65 21014.35
21012.65 21014.35
21009.91 21011.09
21007.96 21009.79
21007.96 21009.79
21008.46 21010.29
21008.46 21010.29
21009.66 21011.35
21009.66 21011.35
21011.40 21013.11
21011.40 21013.11
21010.90 21012.60
21011.89 21013.61
21011.89 21013.61
21013.16 21014.85
21014.15 21015.85
21014.15 21015.85
21015.14 21016.61
21013.66 21015.35
21013.66 21015.35
21013.14 21014.86
21011.66 21013.35
21011.66 21013.35
21011.66 21013.35
21012.16 21013.34
21012.16 21013.34
21012.13 21013.63
21011.38 21012.87
21011.38 21012.87
21011.89 21013.36
21011.89 21013.36
21011.91 21013.09
21011.91 21013.09
21012.62 21014.13
21012.62 21014.13
21012.17 21013.33
21012.39 21013.86
21012.39 21013.86
21012.64 21014.11
21012.64 21014.11
21012.65 21014.35
