21037.89 21039.36
21037.89 21039.36
21038.88 21040.38
21038.88 21040.38
21039.13 21040.62
21039.13 21040.62
21039.81 21040.45
21039.81 21040.45
21039.13 21040.62
21039.15 21040.86
21039.15 21040.86
21039.64 21041.11
21039.16 21040.84
21039.16 21040.84
21038.64 21040.11
21038.64 21040.11
21039.16 21040.84
21039.41 21041.09
21039.41 21041.09
21039.41 21041.10
21039.16 21040.85
21039.16 21040.85
21038.13 21039.62
21038.13 21039.62
21038.73 21040.53
21038.73 21040.53
21039.66 21040.85
21039.66 21040.85
21039.92 21041.08
21039.92 21041.08
21040.63 21042.13
21040.63 21042.13
21041.40 21042.60
21041.40 21042.60
21041.63 21043.13
21039.88 21041.37
21039.88 21041.37
21039.66 21041.35
21039.63 21041.12
21039.63 21041.12
21038.91 21040.60
21038.91 21040.60
21038.91 21040.60
21039.40 21041.11
21039.89 21041.36
21039.89 21041.36
21040.39 21041.86
21040.39 21041.86
21040.39 21041.86
21040.14 21041.61
21039.39 21040.86
21039.39 21040.86
21038.90 21040.61
21038.87 21040.38
21038.87 21040.38
21038.90 21040.60
21038.90 21040.60
21038.16 21039.85
21038.68 21039.83
21038.68 21039.83
21038.65 21040.36
21038.91 21040.59
21038.91 21040.59
21038.41 21040.10
21038.64 21040.11
21038.64 21040.11
21038.97 21040.78
21038.97 21040.78
21039.38 21040.87
21039.38 21040.87
21038.62 21040.13
21038.41 21040.10
21038.41 21040.10
21038.63 21040.12
21038.63 21040.12
21038.40 21040.11
21038.40 21040.11
21038.40 21040.11
21038.41 21040.10
21038.41 21040.10
21038.41 21040.10
21038.41 21040.10
21038.41 21040.10
21038.41 21040.10
21038.40 21040.11
21038.40 21040.11
21038.14 21039.61
21038.14 21039.61
21039.48 21041.28
21039.47 21041.28
21039.47 21041.28
21039.47 21041.28
21039.64 21041.11
21040.16 21041.35
21040.16 21041.35
21039.40 21041.11
21039.87 21041.38
21039.87 21041.38
21038.40 21040.10
21038.91 21040.60
21038.91 21040.60
21038.63 21040.12
21037.47 21039.28
21037.47 21039.28
21037.47 21039.28
21037.47 21039.28
21037.41 21039.10
21037.65 21039.36
21037.65 21039.36
21037.65 21039.36
21037.65 21039.36
21037.71 21039.54
21037.71 21039.54
21037.72 21039.53
21037.91 21039.60
21037.91 21039.60
21037.72 21039.53
21037.72 21039.53
21037.96 21039.79
21037.40 21039.10
21037.40 21039.10
21037.41 21039.10
21037.91 21039.59
21037.91 21039.59
21037.91 21039.59
21037.97 21039.78
21037.89 21039.36
21037.89 21039.36
21037.89 21039.36
21037.91 21039.60
21037.91 21039.60
21037.91 21039.60
21037.91 21039.60
21037.96 21039.79
21037.96 21039.79
21038.16 21039.85
21038.16 21039.85
21038.23 21040.03
21038.23 21040.03
21038.16 21039.84
21038.16 21039.84
21038.16 21039.84
21038.14 21039.86
21038.14 21039.86
21038.16 21039.85
21038.16 21039.85
21038.16 21039.85
21038.16 21039.85
21038.16 21039.85
21038.16 21039.85
21037.88 21039.37
21037.88 21039.37
21037.88 21039.38
21037.88 21039.38
21037.87 21039.38
21037.87 21039.38
21037.87 21039.38
21037.65 21039.35
21037.65 21039.35
21037.23 21039.03
21037.23 21039.03
21036.89 21038.36
21036.89 21038.36
21036.90 21038.60
21036.90 21038.60
21036.90 21038.60
21036.91 21038.60
21036.91 21038.60
21036.91 21038.60
21036.91 21038.59
21036.91 21038.59
21036.91 21038.59
21037.14 21038.61
21037.14 21038.61
21037.14 21038.61
21036.66 21038.35
21036.66 21038.35
21036.63 21038.13
21033.87 21035.38
21033.87 21035.38
21035.22 21037.03
21035.41 21037.09
21035.41 21037.09
21035.66 21037.35
21035.66 21037.35
21034.47 21036.28
21035.39 21036.86
21035.39 21036.86
21035.39 21036.86
21035.43 21036.58
21035.43 21036.58
21034.65 21036.35
21034.65 21036.35
21034.65 21036.36
21034.65 21036.36
21034.65 21036.36
21034.65 21036.36
21034.66 21036.34
21034.66 21036.34
21033.91 21035.60
21033.91 21035.60
21033.47 21035.28
21033.47 21035.28
21033.47 21035.28
21033.22 21035.03
21033.63 21035.13
21033.63 21035.13
21033.66 21035.34
21034.14 21035.61
21034.14 21035.61
21034.14 21035.61
21034.14 21035.61
21033.90 21035.61
21033.90 21035.61
21034.03 21035.98
21034.03 21035.98
21034.64 21036.11
21034.66 21036.34
21034.66 21036.34
21034.88 21036.38
21034.88 21036.38
21034.88 21036.38
21034.88 21036.38
21035.15 21036.86
21035.15 21036.86
21034.91 21036.60
21034.90 21036.61
21034.90 21036.61
21034.90 21036.61
21034.90 21036.61
21035.16 21036.85
21035.16 21036.85
21035.39 21036.86
21035.38 21036.88
21035.38 21036.88
21035.38 21036.88
21035.37 21036.88
21035.37 21036.88
21035.15 21036.85
21035.15 21036.86
21035.15 21036.86
21034.96 21036.79
21034.96 21036.79
21035.15 21036.85
21035.15 21036.85
21035.89 21037.36
21035.89 21037.36
21036.73 21038.53
21036.73 21038.53
21036.91 21038.60
21036.91 21038.60
21037.21 21039.04
21037.21 21039.04
21037.16 21038.84
21037.16 21038.84
21037.16 21038.85
21037.16 21038.85
21037.41 21039.10
21037.41 21039.10
21037.46 21039.29
21037.40 21039.10
21037.40 21039.10
21037.22 21039.03
21037.22 21039.03
21037.40 21039.11
21037.41 21039.09
21037.41 21039.09
21037.40 21039.10
21037.40 21039.10
21036.97 21038.78
21036.97 21038.78
21038.46 21040.29
21038.46 21040.29
21038.46 21040.29
21038.46 21040.29
21038.14 21039.61
21038.14 21039.61
21038.41 21040.10
21038.63 21040.13
21038.63 21040.13
21038.41 21040.10
21038.41 21040.10
21038.62 21040.13
21038.62 21040.13
21038.40 21040.11
21037.21 21039.04
21037.21 21039.04
21037.21 21039.04
21037.48 21039.28
21037.41 21039.10
21037.41 21039.10
21037.14 21038.61
21037.14 21038.61
21036.65 21038.35
21036.73 21038.53
21036.73 21038.53
21036.73 21038.53
21036.65 21038.35
21036.65 21038.35
21036.66 21038.35
21036.87 21038.38
21036.87 21038.38
21036.63 21038.12
21036.63 21038.12
21036.63 21038.12
21036.66 21037.84
21035.15 21036.86
21035.15 21036.86
21035.16 21036.85
21035.39 21036.86
21035.39 21036.86
21035.89 21037.36
21035.89 21037.36
21035.89 21037.36
21035.14 21036.86
21035.14 21036.86
21035.14 21036.86
21035.37 21036.88
21034.87 21036.38
21034.87 21036.38
21034.87 21036.38
21035.39 21036.86
21035.39 21036.86
21035.39 21036.86
21035.14 21036.61
21035.14 21036.61
21035.14 21036.61
21035.40 21037.10
21035.65 21037.36
21035.65 21037.36
21035.65 21037.36
21035.65 21037.36
21035.65 21037.36
21035.65 21037.36
21035.65 21037.36
21035.65 21037.36
21035.65 21037.36
21035.65 21037.36
21035.65 21037.36
21035.65 21037.36
21035.65 21037.36
21035.65 21037.36
21035.65 21037.36
21035.65 21037.36
21036.16 21037.85
21036.16 21037.84
21036.16 21037.84
21036.16 21037.84
21036.16 21037.84
21036.16 21037.84
21036.16 21037.84
21036.15 21037.86
21034.91 21036.60
21034.91 21036.60
21034.87 21036.38
21034.13 21035.62
21034.13 21035.62
21034.13 21035.62
21033.91 21035.59
21033.64 21035.36
21033.64 21035.36
21033.64 21035.11
21033.64 21035.11
21032.92 21034.08
21033.16 21034.34
21033.16 21034.34
21033.16 21034.34
21032.90 21034.61
21032.90 21034.61
21033.03 21034.97
21033.03 21034.97
21033.41 21035.09
21033.96 21035.79
21033.96 21035.79
21033.96 21035.79
21034.40 21036.10
21034.40 21036.10
21034.23 21036.03
21034.23 21036.03
21034.41 21036.09
21034.41 21036.09
21034.15 21035.86
21034.15 21035.86
21034.22 21036.03
21034.22 21036.03
21034.48 21036.28
21035.39 21037.11
21035.39 21037.11
21034.96 21036.79
21034.96 21036.79
21034.38 21035.87
21034.38 21035.87
21034.38 21035.87
21034.38 21035.87
21034.38 21035.87
21034.38 21035.87
21034.38 21035.87
21034.38 21035.87
21034.89 21036.36
21034.89 21036.36
21034.40 21036.11
21034.40 21036.11
21034.39 21035.86
21034.39 21035.86
21034.14 21035.61
21034.14 21035.61
21034.43 21035.58
21034.43 21035.58
21034.43 21035.58
21034.89 21036.36
21034.89 21036.36
21034.65 21036.35
21035.40 21037.10
21035.40 21037.10
21035.40 21037.10
21035.41 21037.10
21035.41 21037.10
21035.16 21036.84
21035.47 21037.28
21035.47 21037.28
21035.47 21037.28
21035.40 21037.11
21034.13 21035.63
21034.13 21035.63
21034.12 21035.63
21034.41 21036.10
21034.41 21036.10
21035.91 21037.59
21035.91 21037.59
21035.23 21037.03
21035.23 21037.03
21035.16 21036.85
21035.16 21036.85
21035.16 21036.85
21034.90 21036.61
21034.90 21036.61
21036.15 21037.85
21036.16 21037.35
21036.16 21037.35
21035.90 21037.61
21035.90 21037.60
21035.90 21037.60
21035.65 21037.35
21035.65 21037.35
21034.97 21036.78
21034.97 21036.78
21034.65 21036.36
21034.65 21036.36
21034.63 21036.13
21034.63 21036.13
21034.89 21036.61
21034.89 21036.61
21034.89 21036.61
21034.89 21036.61
21034.47 21036.28
21034.47 21036.28
21034.97 21036.78
21034.97 21036.78
21035.16 21036.85
21035.16 21036.85
21035.15 21036.86
21035.15 21036.86
21035.15 21036.86
21035.15 21036.86
21035.15 21036.85
21035.15 21036.85
21035.15 21036.85
21035.53 21037.47
21035.53 21037.47
21036.13 21037.62
21036.13 21037.62
21036.16 21037.84
21036.16 21037.84
21036.16 21037.84
21036.13 21037.63
21036.13 21037.63
21036.39 21037.86
21036.39 21037.86
21036.41 21038.10
21036.16 21037.84
21036.16 21037.84
21036.16 21037.84
21036.41 21038.10
21037.16 21038.85
21037.16 21038.85
21036.98 21038.78
21036.98 21038.78
21037.39 21038.86
21037.39 21038.86
21036.90 21038.61
21036.90 21038.61
21036.91 21038.59
21036.91 21038.59
21037.15 21038.85
21037.15 21038.85
21036.91 21038.60
21036.91 21038.60
21036.91 21038.60
21036.88 21038.38
21036.91 21038.60
21036.91 21038.60
21037.16 21038.85
21037.16 21038.85
21036.90 21038.61
21036.23 21038.03
21036.23 21038.03
21036.39 21038.11
21036.39 21038.11
21036.41 21038.10
21036.41 21038.10
21036.41 21038.10
21036.41 21038.10
21036.56 21037.19
21036.56 21037.19
21036.56 21037.19
21036.56 21037.19
21036.41 21038.10
21036.41 21038.10
21035.63 21037.12
21035.63 21037.12
21035.65 21037.35
21035.65 21037.35
21035.90 21037.61
21035.90 21037.61
21035.90 21037.61
21035.91 21037.59
21035.91 21037.59
21035.91 21037.60
21035.91 21037.60
21035.91 21037.60
21035.91 21037.60
21035.91 21037.59
21035.91 21037.59
21034.91 21036.60
21034.91 21036.60
21035.13 21036.63
21035.13 21036.63
21036.66 21038.35
21037.15 21038.35
21037.15 21038.35
21037.15 21038.35
21037.41 21039.10
21037.41 21039.10
21037.65 21039.36
21037.65 21039.36
21037.65 21039.36
21036.78 21038.73
21036.96 21038.79
21036.96 21038.79
21036.71 21038.54
21036.71 21038.54
21036.65 21038.36
21036.65 21038.36
21036.64 21038.11
21036.64 21038.11
21036.22 21038.03
21036.22 21038.03
21036.16 21037.85
21035.39 21036.86
21035.39 21036.86
21035.39 21036.86
21035.47 21037.28
21034.40 21035.60
21034.40 21035.60
21034.14 21035.61
21034.14 21035.61
21035.38 21036.88
21035.38 21036.88
21035.15 21036.85
21035.15 21036.85
21034.23 21036.03
21034.23 21036.03
21034.47 21036.28
21034.47 21036.28
21034.47 21036.28
21034.47 21036.28
21034.22 21036.03
21034.22 21036.03
21034.13 21035.62
21034.13 21035.62
21034.41 21036.10
21034.41 21036.10
21034.41 21036.10
21034.41 21036.10
21034.97 21036.78
21034.97 21036.78
21034.40 21036.11
21034.40 21036.11
21034.40 21036.11
21034.39 21036.11
21034.39 21036.11
21035.48 21037.28
21035.48 21037.28
21035.22 21037.03
21035.22 21037.03
21037.15 21038.86
21037.15 21038.86
21037.40 21039.10
21037.41 21039.09
21037.41 21039.09
21037.41 21039.09
21037.15 21038.86
21037.41 21039.10
21037.41 21039.10
21037.40 21039.11
21037.40 21039.11
21037.40 21039.11
21037.64 21039.11
21037.64 21039.11
21037.16 21038.85
21037.16 21038.85
21037.16 21038.85
21037.15 21038.86
21035.39 21036.86
21035.39 21036.86
21035.39 21036.86
21035.65 21037.35
21035.16 21036.84
21035.16 21036.84
21035.16 21036.84
21035.89 21037.36
21035.40 21037.11
21035.40 21037.11
21035.39 21037.11
21035.39 21037.11
21035.39 21037.11
