21014.13 21015.62
21014.13 21015.62
21015.17 21016.34
21015.17 21016.34
21015.92 21017.08
21015.63 21017.12
21015.63 21017.12
21015.90 21017.10
21015.90 21017.10
21016.87 21018.38
21016.87 21018.38
21017.63 21019.12
21018.39 21019.86
21018.39 21019.86
21017.88 21019.37
21018.41 21019.59
21018.41 21019.59
21014.16 21015.34
21012.39 21013.86
21012.39 21013.86
21012.63 21014.12
21012.63 21014.12
21012.63 21014.12
21013.64 21015.11
21013.64 21015.11
21012.17 21013.34
21011.64 21013.11
21011.64 21013.11
21013.80 21014.45
21013.80 21014.45
21012.63 21014.12
21011.42 21012.58
21011.42 21012.58
21011.41 21012.59
21011.41 21012.59
21009.88 21011.37
21009.88 21011.37
21009.16 21010.34
21009.16 21010.34
21009.66 21010.84
21009.66 21010.84
21009.66 21010.84
21009.88 21011.37
21009.90 21011.10
21009.90 21011.10
21009.63 21011.12
21009.63 21011.12
21010.16 21011.34
21012.17 21013.33
21012.17 21013.33
21012.17 21013.33
21012.91 21014.09
21012.91 21014.09
21012.67 21013.83
21012.63 21014.12
21012.63 21014.12
21013.40 21014.60
21013.40 21014.60
21012.87 21014.38
21012.87 21014.38
21012.91 21014.10
21013.91 21015.09
21013.91 21015.09
21011.88 21013.37
21012.42 21013.58
21012.42 21013.58
21013.66 21014.84
21015.16 21016.34
21015.16 21016.34
21014.63 21016.12
21014.63 21016.12
21014.64 21016.11
21014.64 21016.11
21015.66 21016.84
21014.67 21015.83
21014.67 21015.83
21014.67 21015.83
21015.67 21016.83
21015.42 21016.59
21015.42 21016.59
21015.41 21016.59
21015.41 21016.59
21016.05 21016.70
21020.66 21021.84
21020.66 21021.84
21021.66 21022.84
21021.66 21022.84
21022.17 21023.33
21022.66 21023.85
21022.66 21023.85
21022.91 21024.09
21024.81 21025.44
21024.81 21025.44
21024.17 21025.33
21025.06 21025.69
21025.06 21025.69
21022.41 21023.59
21021.80 21022.45
21021.80 21022.45
21020.13 21021.62
21020.81 21021.44
21020.81 21021.44
21019.13 21020.62
21017.38 21018.87
21017.38 21018.87
21016.37 21017.88
21016.37 21017.88
21017.16 21018.35
21017.88 21019.37
21017.88 21019.37
21019.91 21021.09
21019.91 21021.09
21018.14 21019.61
21018.38 21019.87
21018.38 21019.87
21021.13 21022.62
21020.64 21022.11
21020.64 21022.11
21019.92 21021.08
21021.16 21022.34
21021.16 21022.34
21020.14 21021.61
21020.14 21021.61
21019.92 21021.08
21019.38 21020.87
21019.38 21020.87
21017.89 21019.36
21017.89 21019.36
21017.67 21018.84
21018.91 21020.10
21018.91 21020.10
21019.06 21019.69
21019.06 21019.69
21017.42 21018.58
21017.42 21018.58
21017.38 21018.87
21016.16 21017.34
21016.16 21017.34
21016.89 21018.36
21016.89 21018.36
21017.30 21017.95
21017.30 21017.95
21018.17 21019.34
21018.92 21020.08
21018.92 21020.08
21019.41 21020.60
21019.41 21020.60
21019.38 21020.87
21019.38 21020.87
21017.88 21019.37
21018.92 21020.08
21018.92 21020.08
21018.88 21020.37
21018.88 21020.37
21020.38 21021.87
21020.38 21021.87
21019.91 21021.09
21019.91 21021.09
21020.39 21021.86
21020.39 21021.86
21020.41 21021.59
21020.41 21021.59
21018.88 21020.37
21017.88 21019.37
21017.88 21019.37
21018.64 21020.11
21018.64 21020.11
21017.92 21019.08
21017.92 21019.08
21016.63 21018.12
21018.55 21019.20
21018.55 21019.20
21017.91 21019.09
21017.91 21019.09
21017.41 21018.59
21017.67 21018.83
21017.67 21018.83
21018.38 21019.87
21018.38 21019.87
21018.41 21019.59
21017.62 21019.13
21017.62 21019.13
21017.14 21018.61
21017.14 21018.61
21017.16 21018.34
21017.16 21018.34
21016.88 21018.37
21017.39 21018.86
21017.39 21018.86
21017.16 21018.34
21017.37 21018.88
21017.37 21018.88
21017.37 21018.88
21018.30 21018.95
21018.30 21018.95
21018.14 21019.61
21019.91 21021.10
21019.91 21021.10
21019.37 21020.88
21019.37 21020.88
21019.39 21020.86
21019.38 21020.87
21019.38 21020.87
21019.66 21020.84
21019.66 21020.84
21019.38 21020.87
21019.38 21020.87
21019.39 21020.86
21019.39 21020.86
21019.67 21020.83
21019.67 21020.83
21020.66 21021.85
21020.66 21021.85
21021.64 21023.11
21021.64 21023.11
21021.91 21023.09
21020.14 21021.61
21020.14 21021.61
21019.92 21021.08
21019.92 21021.08
21019.38 21020.87
21019.17 21020.33
21019.17 21020.33
21019.16 21020.34
21019.16 21020.34
21019.40 21020.60
21018.91 21020.09
21018.91 21020.09
21018.42 21019.59
21018.17 21019.33
21018.17 21019.33
21017.14 21018.61
21017.14 21018.61
21017.91 21019.09
21014.92 21016.09
21014.92 21016.09
21015.13 21016.62
21015.39 21016.86
21015.39 21016.86
21015.39 21016.86
21015.39 21016.86
21015.88 21017.37
21015.88 21017.37
21016.16 21017.34
21016.16 21017.34
21016.42 21017.58
21016.42 21017.58
21016.91 21018.09
21017.40 21018.60
21017.40 21018.60
21018.41 21019.59
21018.41 21019.59
21017.67 21018.83
21017.67 21018.83
21017.66 21018.85
21017.66 21018.85
21016.92 21018.08
21016.92 21018.08
21017.41 21018.59
21017.41 21018.59
21017.41 21018.59
21017.66 21018.84
21017.66 21018.84
21017.42 21018.59
21017.42 21018.59
21017.41 21018.59
21017.41 21018.59
21017.66 21018.85
21017.92 21019.09
21017.92 21019.09
21017.38 21018.87
21017.38 21018.87
21014.05 21014.70
21012.17 21013.33
21012.17 21013.33
21012.42 21013.58
21012.41 21013.59
21012.41 21013.59
21011.89 21013.36
21011.89 21013.36
21009.37 21010.88
21009.92 21011.09
21009.92 21011.09
21010.37 21011.88
21009.66 21010.84
21009.66 21010.84
21009.64 21011.11
21009.64 21011.11
21009.66 21010.85
21010.14 21011.61
21010.14 21011.61
21010.81 21011.44
21010.81 21011.44
21011.41 21012.59
21011.67 21012.83
21011.67 21012.83
21011.63 21013.12
21012.13 21013.62
21012.13 21013.62
21012.13 21013.62
21011.66 21012.84
21011.42 21012.58
21011.42 21012.58
21010.41 21011.59
21010.41 21011.59
