21001.16 21002.34
21001.16 21002.34
21000.38 21001.87
21000.38 21001.87
21000.64 21002.11
21000.64 21002.11
21000.64 21002.11
21000.66 21001.85
21000.66 21001.85
21001.41 21002.59
21001.41 21002.59
21001.41 21002.59
21001.16 21002.35
21001.16 21002.35
21001.16 21002.35
21000.31 21000.94
20999.37 21000.88
20999.37 21000.88
21000.12 21001.63
21000.42 21001.59
21000.42 21001.59
21000.42 21001.59
20999.41 21000.59
20999.41 21000.59
20999.41 21000.59
20999.41 21000.59
20999.14 21000.61
20999.14 21000.61
20999.14 21000.61
20999.14 21000.61
20999.16 21000.34
20999.16 21000.34
20999.41 21000.59
20999.63 21001.12
20999.63 21001.12
20999.63 21001.12
21000.15 21001.35
21000.15 21001.35
21000.39 21001.86
21000.39 21001.86
21000.66 21001.84
21000.66 21001.84
21000.67 21001.84
21001.16 21002.34
21001.16 21002.34
21001.16 21002.34
21001.41 21002.59
21001.41 21002.59
21001.38 21002.87
21001.38 21002.87
21001.67 21002.84
21001.67 21002.84
21001.16 21002.34
21001.16 21002.34
21000.63 21002.12
21000.63 21002.12
21000.92 21002.08
21000.89 21002.36
21000.89 21002.36
21001.55 21002.20
21001.55 21002.20
21001.55 21002.20
21001.16 21002.34
21001.16 21002.34
21001.16 21002.34
21000.89 21002.36
21000.88 21002.37
21000.88 21002.37
21000.88 21002.37
21000.88 21002.37
20999.87 21001.38
20999.87 21001.38
20999.87 21001.38
21000.30 21000.95
21000.30 21000.95
21000.30 21000.95
20999.17 21000.33
20999.17 21000.33
20999.38 21000.87
20999.38 21000.87
20998.67 20999.83
20998.67 20999.83
20998.37 20999.88
20998.65 20999.85
20998.65 20999.85
20998.88 21000.37
20999.13 21000.62
20999.13 21000.62
20999.13 21000.62
20999.17 21000.34
20999.16 21000.34
20999.16 21000.34
20999.38 21000.87
20999.38 21000.87
20999.16 21000.34
20999.16 21000.34
20999.12 21000.63
20999.63 21001.12
20999.63 21001.12
21000.66 21001.84
21000.66 21001.84
21000.66 21001.84
21001.06 21001.69
21001.06 21001.69
21000.66 21001.84
21001.40 21002.60
21001.40 21002.60
21001.67 21002.84
21001.67 21002.84
21001.67 21002.84
21002.41 21003.59
21002.41 21003.59
21002.41 21003.59
21002.41 21003.59
21002.41 21003.59
21002.41 21003.59
21002.17 21003.33
21002.16 21003.34
21002.16 21003.34
21002.16 21003.34
21001.67 21002.83
21001.67 21002.83
21000.90 21002.60
21000.87 21002.38
21000.87 21002.38
21000.87 21002.38
21000.89 21002.36
21000.89 21002.36
21000.89 21002.36
21000.89 21002.36
21000.89 21002.36
21000.63 21002.12
21000.63 21002.12
21000.63 21002.12
21000.63 21002.12
21000.63 21002.12
21000.63 21002.12
21000.62 21002.13
21000.62 21002.13
20999.40 21001.11
20999.40 21001.11
20999.90 21001.61
20999.90 21001.61
20999.90 21001.61
20999.90 21001.61
20999.90 21001.61
21000.66 21002.35
20998.66 20999.84
20998.66 20999.84
20998.62 21000.13
20998.62 21000.13
20998.62 21000.13
20998.62 21000.13
20998.41 21000.10
20998.41 21000.10
20999.55 21000.20
20999.55 21000.20
20999.55 21000.20
20999.55 21000.20
20998.91 21000.09
20998.91 21000.09
20998.13 20999.62
20998.13 20999.62
20997.65 20999.35
20997.65 20999.35
20997.65 20999.35
20997.62 20999.13
20997.62 20999.13
20997.62 20999.13
20997.81 20998.44
20997.81 20998.44
20997.66 20998.84
20997.66 20998.84
20997.66 20998.84
20998.30 20998.95
20998.30 20998.95
20998.30 20998.95
20998.13 20999.62
20998.13 20999.62
20998.13 20999.62
20998.13 20999.62
20998.17 20999.33
20998.17 20999.33
20998.14 20999.61
20998.14 20999.61
20998.16 20999.35
20998.16 20999.35
20998.16 20999.35
20998.16 20999.35
20998.16 20999.35
20998.16 20999.35
20998.16 20999.35
20998.16 20999.34
20998.16 20999.34
20997.88 20999.37
20997.88 20999.37
20997.39 20998.86
20997.39 20998.86
20997.39 20998.86
20997.42 20998.58
20997.42 20998.58
20997.42 20998.58
20996.87 20998.38
20996.89 20998.36
20996.89 20998.36
20996.89 20998.36
20996.89 20998.36
20996.89 20998.36
20996.42 20997.58
20996.42 20997.58
20995.81 20996.44
20995.81 20996.44
20995.17 20996.34
20995.17 20996.34
20994.13 20995.62
20994.13 20995.62
20994.17 20995.33
20994.17 20995.33
20994.17 20995.33
20994.17 20995.33
20993.80 20994.45
20993.80 20994.45
20993.88 20995.37
20993.88 20995.37
20993.91 20995.09
20993.91 20995.09
20993.92 20995.08
20993.92 20995.08
20993.91 20995.60
20993.91 20995.60
20993.40 20994.60
20993.40 20994.60
20993.66 20994.84
20993.66 20994.84
20993.64 20995.11
20993.64 20995.11
20993.64 20995.11
20993.40 20995.11
20993.66 20994.84
20993.66 20994.84
20993.66 20994.84
20993.66 20994.84
20993.87 20995.38
20993.87 20995.38
20993.65 20995.35
20993.63 20995.12
20993.63 20995.12
20993.38 20994.87
20993.38 20994.87
20993.38 20994.87
20993.38 20994.87
20993.38 20994.87
20993.41 20995.10
20993.41 20995.10
20993.41 20995.10
20993.22 20995.03
20993.16 20994.85
20993.16 20994.85
20993.16 20994.85
20993.38 20994.87
20993.38 20994.87
20993.39 20994.86
20993.39 20994.86
20993.65 20995.35
20993.65 20995.35
20993.65 20995.35
20993.88 20995.37
20993.88 20995.37
20993.66 20995.35
20993.66 20995.35
20993.46 20995.29
20993.47 20995.28
20993.47 20995.28
20993.47 20995.28
20993.47 20995.28
20993.46 20995.29
20993.46 20995.29
20993.46 20995.29
20993.46 20995.29
20993.46 20995.29
20993.46 20995.29
20996.13 20997.62
20996.13 20997.62
20996.13 20997.62
20996.88 20998.37
20996.88 20998.37
20996.66 20998.34
20996.66 20998.34
20997.17 20998.33
20997.17 20998.33
20997.41 20998.59
20997.67 20998.83
20997.67 20998.83
20997.15 20998.86
20997.15 20998.86
20996.21 20998.04
20996.21 20998.04
20994.91 20996.60
20994.89 20996.61
20994.89 20996.61
20994.91 20996.60
20995.16 20996.35
20995.16 20996.35
