21023.15 21024.86
21023.15 21024.86
21022.64 21024.36
21022.64 21024.36
21021.88 21023.37
21021.88 21023.37
21022.39 21024.11
21022.39 21024.11
21022.88 21024.38
21023.87 21025.38
21023.87 21025.38
21024.14 21025.61
21025.15 21026.85
21025.15 21026.85
21024.88 21026.37
21024.88 21026.37
21024.92 21026.09
21022.91 21024.60
21022.91 21024.60
21022.64 21024.36
21021.15 21022.86
21021.15 21022.86
21020.91 21022.59
21020.90 21022.61
21020.90 21022.61
21020.13 21021.62
21019.16 21020.85
21019.16 21020.85
21019.65 21021.36
21019.38 21020.88
21019.38 21020.88
21018.66 21020.35
21018.66 21020.35
21018.88 21020.38
21017.15 21018.86
21017.15 21018.86
21017.15 21018.85
21017.41 21019.10
21017.41 21019.10
21017.28 21019.23
21017.48 21019.28
21017.48 21019.28
21016.67 21017.83
21015.88 21017.38
21015.88 21017.38
21015.88 21017.38
21016.53 21018.48
21017.90 21019.61
21017.90 21019.61
21018.88 21020.37
21018.88 21020.37
21020.62 21022.13
21020.62 21022.13
21022.39 21023.86
21021.66 21023.35
21021.66 21023.35
21021.88 21023.37
21021.88 21023.37
21020.90 21022.60
21020.90 21022.60
21021.42 21022.58
21021.42 21022.58
21020.65 21022.35
21020.65 21022.35
21020.88 21022.37
21020.88 21022.37
21021.40 21023.10
21021.40 21023.10
21022.38 21023.87
21022.38 21023.87
21020.91 21022.60
21016.65 21018.36
21016.65 21018.36
21016.90 21018.61
21016.90 21018.61
21017.39 21018.86
21017.62 21019.13
21017.62 21019.13
21017.16 21018.85
21017.13 21018.62
21017.13 21018.62
21018.65 21020.36
21018.65 21020.36
21018.65 21020.36
21018.88 21020.37
21017.67 21018.83
21017.67 21018.83
21016.90 21018.61
21017.67 21018.84
21017.67 21018.84
21017.64 21019.36
21015.91 21017.60
21015.91 21017.60
21015.91 21017.60
21015.91 21017.59
21015.63 21017.12
21015.63 21017.12
21015.65 21017.36
21015.65 21017.36
21015.88 21017.38
21015.88 21017.38
21015.88 21017.38
21015.39 21017.11
21015.67 21016.83
21015.67 21016.83
21015.64 21017.11
21015.64 21017.11
21016.41 21018.10
21018.15 21019.85
21018.15 21019.85
21017.90 21019.61
21017.90 21019.61
21018.64 21020.36
21018.64 21020.36
21017.89 21019.36
21017.89 21019.36
21017.89 21019.36
21017.89 21019.36
21018.38 21019.87
21018.62 21020.13
21018.62 21020.13
21019.16 21020.34
21019.16 21020.34
21018.16 21019.84
21018.16 21019.84
21018.13 21019.62
21018.15 21019.85
21018.15 21019.85
21018.41 21020.10
21018.41 21020.10
21016.63 21018.12
21016.40 21018.11
21016.40 21018.11
21017.56 21018.19
21017.88 21019.37
21017.88 21019.37
21019.89 21021.36
21020.39 21022.11
21020.39 21022.11
21018.41 21020.10
21018.41 21020.10
21017.40 21019.10
21017.40 21019.10
21018.31 21018.94
21018.31 21018.94
21018.38 21019.88
21018.38 21019.88
21018.38 21019.88
21018.16 21019.34
21018.16 21019.34
21019.15 21020.85
21021.88 21023.37
21021.88 21023.37
21021.13 21022.63
21021.13 21022.63
21021.13 21022.62
21020.88 21022.37
21020.88 21022.37
21019.39 21020.86
21019.39 21020.86
21019.65 21021.35
21019.38 21020.88
21019.38 21020.88
21019.39 21020.86
21019.39 21020.86
21019.38 21020.88
21016.15 21017.86
21016.15 21017.86
21016.15 21017.86
21016.40 21018.10
21015.88 21017.37
21015.88 21017.37
21015.40 21017.11
21016.15 21017.86
21016.15 21017.86
21016.38 21017.87
21016.38 21017.87
21016.38 21017.87
21017.14 21018.86
21017.38 21018.87
21017.38 21018.87
21016.89 21018.36
21017.13 21018.63
21017.13 21018.63
21017.13 21018.63
21016.66 21018.35
21015.39 21016.86
21015.39 21016.86
21015.88 21017.37
21015.38 21016.88
21015.38 21016.88
21015.38 21016.87
21015.38 21016.87
21014.14 21015.61
21013.63 21015.12
21013.63 21015.12
21015.63 21017.12
21015.38 21016.88
21015.38 21016.88
21014.63 21016.12
21014.63 21016.12
21014.62 21016.13
21014.62 21016.13
21014.67 21015.83
21013.64 21015.11
21013.64 21015.11
21013.65 21015.36
21013.65 21015.36
21013.62 21015.13
21014.40 21016.10
21014.40 21016.10
21016.38 21017.87
21016.37 21017.88
21016.37 21017.88
21016.14 21017.86
21016.14 21017.86
21016.13 21017.62
21016.13 21017.62
21015.65 21017.36
21015.65 21017.36
21015.18 21016.33
21015.18 21016.33
21014.90 21016.61
21014.63 21016.13
21014.63 21016.13
21014.63 21016.13
21014.89 21016.61
21014.88 21016.37
21014.88 21016.37
21014.88 21016.37
21014.14 21015.61
21013.91 21015.09
21013.91 21015.09
21013.91 21015.09
21013.90 21015.61
21013.90 21015.61
21014.17 21015.33
21014.17 21015.33
21015.90 21017.61
21017.37 21018.88
21017.37 21018.88
21016.91 21018.60
21016.91 21018.60
21017.17 21018.34
21017.17 21018.34
21015.38 21016.87
21017.15 21018.86
21017.15 21018.86
21017.15 21018.86
21017.15 21018.86
21016.66 21018.35
21016.66 21018.35
21016.92 21018.09
21016.92 21018.09
21015.63 21017.13
21015.15 21016.85
21015.15 21016.85
21015.39 21016.86
21015.39 21016.86
21015.39 21016.86
21015.91 21017.60
21015.88 21017.37
21015.88 21017.37
21014.40 21016.10
21014.13 21015.62
21014.13 21015.62
21014.15 21015.86
21014.15 21015.86
21014.39 21015.86
21014.39 21015.86
21014.05 21014.70
21014.16 21015.85
21014.16 21015.85
21014.16 21015.85
21014.39 21016.11
21014.39 21016.11
21014.12 21015.63
21014.14 21015.61
21014.14 21015.61
21014.68 21015.83
21013.65 21015.35
21013.65 21015.35
21012.89 21014.36
21012.16 21013.84
21012.16 21013.84
21012.39 21013.86
21012.42 21013.59
21012.42 21013.59
21011.14 21012.61
21011.14 21012.61
21009.64 21011.36
21006.38 21007.87
21006.38 21007.87
21004.90 21006.61
21006.88 21008.38
21006.88 21008.38
21006.63 21008.12
21006.63 21008.12
21006.88 21008.38
21007.65 21009.35
21009.15 21010.86
21009.15 21010.86
21009.15 21010.85
21009.15 21010.85
21009.37 21010.88
21010.14 21011.61
21010.14 21011.61
21009.91 21011.60
21010.16 21011.85
21010.16 21011.85
21010.39 21011.86
21010.39 21011.86
21010.40 21012.10
21010.42 21011.58
21010.42 21011.58
21014.13 21015.63
21012.14 21013.61
21012.14 21013.61
21013.65 21015.35
21013.65 21015.35
21013.16 21014.85
21014.14 21015.61
21014.14 21015.61
21014.18 21015.33
21013.89 21015.61
21013.89 21015.61
21014.37 21015.88
21014.66 21016.35
21014.66 21016.35
21014.64 21016.11
21014.41 21016.10
21014.41 21016.10
21013.66 21014.84
21015.64 21017.11
21015.64 21017.11
21018.98 21020.78
21018.98 21020.78
21017.41 21019.10
21016.65 21018.35
21016.65 21018.35
21016.73 21018.53
21016.73 21018.53
21015.65 21017.36
21015.96 21017.79
21015.96 21017.79
21016.55 21017.20
21016.55 21017.20
21015.39 21017.11
21015.39 21017.11
21015.13 21016.62
21015.13 21016.62
21015.40 21017.11
21015.89 21017.36
21015.89 21017.36
21014.40 21016.11
21014.63 21016.13
21014.63 21016.13
21015.41 21017.10
21015.41 21017.10
21015.41 21017.10
21015.22 21017.03
21015.22 21017.03
21015.40 21017.11
21015.15 21016.86
21015.15 21016.86
21014.63 21016.12
21014.15 21015.85
21014.15 21015.85
21014.63 21016.12
21014.63 21016.12
21014.14 21015.61
21014.14 21015.61
21014.39 21015.86
21014.67 21015.83
21014.67 21015.83
21016.91 21018.60
21016.91 21018.60
21017.41 21019.10
21017.16 21018.85
21017.16 21018.85
21017.15 21018.86
21017.38 21018.87
21017.38 21018.87
21016.13 21017.63
21015.66 21017.35
21015.66 21017.35
21015.62 21017.13
21015.65 21017.36
21015.65 21017.36
21015.88 21017.37
21015.88 21017.37
21016.66 21018.35
21016.66 21018.35
21017.64 21019.11
21017.64 21019.11
21015.62 21017.13
21015.65 21017.36
21015.65 21017.36
21015.65 21017.35
21015.63 21017.13
21015.63 21017.13
21015.65 21017.35
21015.65 21017.35
21015.65 21017.35
21015.89 21017.36
21017.38 21018.87
21017.38 21018.87
21017.90 21019.61
21017.90 21019.61
21018.38 21019.88
21017.91 21019.59
21017.91 21019.59
21017.39 21018.86
21017.39 21018.86
21018.13 21019.63
21016.87 21018.38
21016.87 21018.38
21017.16 21018.85
21016.98 21018.78
21016.98 21018.78
21016.40 21018.11
21016.40 21018.11
21014.15 21015.85
21014.15 21015.85
21014.14 21015.86
21015.89 21017.36
21015.89 21017.36
21015.89 21017.36
21016.41 21018.10
21016.66 21018.35
21016.66 21018.35
21015.88 21017.37
21015.88 21017.37
21015.90 21017.61
21015.90 21017.61
21015.97 21017.78
21015.91 21017.59
21015.91 21017.59
21015.38 21016.87
21016.90 21018.60
21016.90 21018.60
21015.91 21017.60
21015.91 21017.60
21015.39 21016.86
21014.89 21016.61
21014.89 21016.61
21015.16 21016.85
21015.13 21016.62
21015.13 21016.62
21015.63 21017.12
21015.63 21017.12
21013.17 21014.33
21013.17 21014.33
21012.90 21014.60
21011.89 21013.36
21011.89 21013.36
21011.67 21012.84
21011.64 21013.36
21011.64 21013.36
21012.40 21013.60
21012.40 21013.60
21012.80 21013.45
21012.80 21013.45
21012.14 21013.61
21012.14 21013.61
21012.42 21013.59
21012.90 21014.10
21012.90 21014.10
21012.87 21014.38
21010.64 21012.11
21010.64 21012.11
21010.63 21012.13
21010.63 21012.13
21010.65 21012.36
21010.65 21012.36
21010.65 21012.36
21010.64 21012.11
21012.63 21014.13
21012.63 21014.13
21012.39 21014.11
21012.64 21014.11
21012.64 21014.11
21012.38 21013.87
21012.38 21013.87
21015.91 21017.60
21015.91 21017.60
21015.63 21017.12
21015.63 21017.12
21015.17 21016.34
21014.89 21016.61
21013.66 21015.35
21013.66 21015.35
21013.40 21015.11
21013.16 21014.85
21013.16 21014.85
21013.16 21014.85
21013.40 21015.11
21013.40 21015.11
21013.40 21015.11
21013.88 21015.37
21013.88 21015.37
21015.13 21016.62
21015.13 21016.62
21015.13 21016.62
21014.15 21015.85
21014.15 21015.85
21014.38 21015.88
21014.38 21015.88
21014.65 21016.35
21016.15 21017.86
21016.15 21017.86
21016.15 21017.86
21015.65 21017.36
21016.97 21018.78
21016.97 21018.78
21014.72 21016.53
21014.72 21016.53
21014.89 21016.36
21014.65 21016.35
21014.65 21016.35
21012.15 21013.86
21012.15 21013.86
21011.64 21013.11
21011.13 21012.63
21012.65 21014.35
21012.65 21014.35
21014.39 21015.86
21014.39 21015.86
21014.15 21015.85
21014.15 21015.85
21014.39 21016.11
21014.39 21016.11
21015.38 21016.88
21015.38 21016.88
21014.64 21016.11
21014.64 21016.11
21014.64 21016.11
21014.63 21016.12
21016.39 21017.86
21016.39 21017.86
21016.39 21017.86
21015.63 21017.13
21015.40 21017.11
21015.40 21017.11
21015.39 21017.11
21015.39 21017.11
21015.40 21017.10
21015.40 21017.10
21014.88 21016.37
21014.88 21016.37
21014.63 21016.13
21015.67 21016.84
21015.67 21016.84
21015.88 21017.37
21015.88 21017.37
21014.89 21016.36
21014.89 21016.36
21015.42 21016.59
21015.42 21016.59
21015.42 21016.59
21015.42 21016.59
21014.67 21015.83
21014.41 21015.59
21014.41 21015.59
21014.66 21015.84
21014.66 21015.84
21014.63 21016.12
21014.63 21016.12
21014.63 21016.12
21014.63 21016.12
21014.41 21015.59
21014.42 21015.58
21014.42 21015.58
21013.64 21015.11
21013.39 21014.86
21013.39 21014.86
21014.88 21016.37
21014.92 21016.08
21014.92 21016.08
21015.41 21017.10
21015.41 21017.10
21014.40 21016.10
21014.92 21016.09
21014.92 21016.09
21014.64 21016.11
21014.64 21016.11
21014.64 21016.11
21014.92 21016.08
21014.92 21016.08
21013.92 21015.08
21015.15 21016.85
21015.15 21016.85
21015.13 21016.62
21015.13 21016.62
21014.40 21016.11
21014.40 21016.11
21011.90 21013.60
21011.90 21013.60
21014.14 21015.86
21014.14 21015.86
21014.41 21016.10
21014.41 21016.10
21014.37 21015.88
21014.37 21015.88
21014.15 21015.86
21014.15 21015.86
21015.64 21017.11
21015.64 21017.11
21015.88 21017.37
21015.88 21017.37
21014.89 21016.61
21014.89 21016.61
21015.13 21016.63
21015.13 21016.63
21014.89 21016.36
21014.89 21016.36
21014.42 21015.59
21014.42 21015.59
21014.42 21015.59
21014.42 21015.59
21014.13 21015.62
21014.13 21015.62
21015.39 21016.86
