20919.33 20921.42
20919.33 20921.42
20919.28 20921.22
20919.28 20921.22
20918.97 20920.78
20918.97 20920.78
20919.65 20921.35
20919.65 20921.35
20919.96 20921.79
20919.96 20921.79
20918.72 20920.53
20918.72 20920.53
20919.21 20921.04
20919.21 20921.04
20919.21 20921.04
20918.97 20920.78
20918.97 20920.78
20918.98 20920.78
20918.98 20920.78
20918.97 20920.78
20919.16 20920.85
20919.16 20920.85
20919.16 20920.85
20918.98 20920.78
20918.98 20920.78
20919.03 20920.97
20919.03 20920.97
20919.08 20921.17
20919.08 20921.17
20919.14 20920.61
20919.14 20920.61
20919.98 20921.78
20919.78 20921.72
20919.78 20921.72
20918.28 20920.23
20918.28 20920.23
20918.28 20920.23
20918.83 20920.92
20918.83 20920.92
20919.97 20921.78
20919.97 20921.78
20919.83 20921.92
20919.72 20921.53
20919.72 20921.53
20920.03 20921.97
20920.03 20921.97
20919.98 20921.78
20919.98 20921.78
20918.46 20920.29
20918.46 20920.29
20918.47 20920.28
20918.47 20920.28
20918.78 20920.73
20918.47 20920.28
20918.47 20920.28
20918.28 20920.22
20918.28 20920.22
20918.97 20920.78
20919.48 20921.28
20919.48 20921.28
20919.66 20921.35
20919.66 20921.35
20922.65 20924.36
20921.83 20923.92
20921.83 20923.92
20922.16 20923.84
20922.16 20923.84
20922.16 20923.84
20922.15 20923.85
20922.15 20923.85
20922.15 20923.85
20922.15 20923.85
20922.15 20923.85
20921.78 20923.72
20921.97 20923.78
20921.97 20923.78
20922.28 20924.22
20922.28 20924.22
20923.17 20924.33
20923.46 20925.29
20923.46 20925.29
20924.98 20926.78
20924.98 20926.78
20925.03 20926.97
20925.03 20926.97
20924.78 20926.73
20924.78 20926.73
20924.97 20926.78
20924.90 20926.60
20924.90 20926.60
20924.73 20926.53
20924.73 20926.53
20924.71 20926.54
20924.71 20926.54
20924.78 20926.72
20925.16 20926.85
20925.16 20926.85
20925.16 20926.85
20924.96 20926.79
20925.15 20926.86
20925.15 20926.86
20924.78 20926.72
20924.78 20926.72
20924.96 20926.79
20924.96 20926.79
20924.96 20926.79
20924.96 20926.79
20925.78 20927.73
20925.78 20927.73
20926.21 20928.04
20926.21 20928.04
20926.33 20928.42
20925.78 20927.73
20925.78 20927.73
20926.21 20928.04
20926.21 20928.04
20925.47 20927.28
20925.47 20927.28
20926.53 20928.48
20926.48 20928.28
20926.48 20928.28
20926.16 20927.84
20925.91 20927.59
20925.91 20927.59
20926.41 20927.59
20926.41 20927.59
20924.39 20925.86
20924.39 20925.86
20924.39 20925.86
20924.22 20926.03
20924.22 20926.03
20923.28 20925.23
20923.22 20925.03
20923.22 20925.03
20923.62 20925.13
20923.62 20925.13
20923.62 20925.13
20923.62 20925.13
20923.65 20925.36
20923.65 20925.36
20924.23 20926.03
20924.23 20926.03
20924.72 20926.53
20925.71 20927.54
20925.71 20927.54
20925.48 20927.28
20925.22 20927.03
20925.22 20927.03
20925.03 20926.98
20925.03 20926.98
20925.23 20927.03
20925.46 20927.29
20925.46 20927.29
20926.17 20927.33
20926.17 20927.33
20926.16 20927.34
20926.16 20927.34
20925.89 20927.36
20925.89 20927.36
20926.66 20928.34
20926.66 20928.34
20926.46 20928.29
20926.46 20928.29
20926.46 20928.29
20926.46 20928.29
20926.46 20928.29
20926.28 20928.23
20926.28 20928.23
20925.28 20927.23
20923.78 20925.73
20923.78 20925.73
20922.90 20924.61
20922.90 20924.61
20922.90 20924.61
20922.90 20924.61
20923.48 20925.28
20923.48 20925.28
20923.48 20925.28
20923.48 20925.28
20921.97 20923.78
20921.97 20923.78
20921.97 20923.78
20921.97 20923.78
20921.97 20923.78
20921.97 20923.78
20921.96 20923.79
20921.96 20923.79
20921.96 20923.79
20923.21 20925.04
20923.21 20925.04
20923.97 20925.78
20923.97 20925.78
20923.97 20925.78
20923.97 20925.78
20923.96 20925.79
20924.22 20926.03
20924.22 20926.03
20923.97 20925.78
20923.97 20925.78
20923.78 20925.73
20923.78 20925.73
20924.03 20925.98
20923.53 20925.48
20923.53 20925.48
20923.21 20925.04
20923.21 20925.04
20922.46 20924.29
20922.46 20924.29
20922.71 20924.54
20922.71 20924.54
20922.53 20924.47
20922.21 20924.04
20922.21 20924.04
20922.28 20924.23
20922.28 20924.23
20922.03 20923.97
20922.03 20923.97
20922.03 20923.97
20922.03 20923.97
20922.41 20924.10
20922.41 20924.10
20924.72 20926.53
20924.72 20926.53
20924.47 20926.28
20924.47 20926.28
20924.47 20926.28
20924.47 20926.28
20924.47 20926.28
20924.47 20926.28
20924.47 20926.28
20924.47 20926.28
20924.47 20926.28
20924.46 20926.29
20924.46 20926.29
20925.28 20927.23
20925.28 20927.23
20925.28 20927.23
20925.78 20927.72
20925.28 20927.23
20925.28 20927.23
20925.53 20927.47
20925.53 20927.47
20926.16 20927.84
20926.37 20927.88
20926.37 20927.88
20926.37 20927.88
20926.16 20927.85
20926.16 20927.85
20926.15 20927.86
20925.96 20927.79
20925.96 20927.79
20925.23 20927.03
20925.23 20927.03
20924.96 20926.79
20925.39 20926.86
20925.39 20926.86
20925.39 20926.86
20925.39 20926.86
20924.98 20926.78
20924.98 20926.78
20925.15 20926.85
20925.15 20926.85
20924.98 20926.78
20924.98 20926.78
20924.98 20926.78
20924.98 20926.78
20924.78 20926.73
20924.78 20926.73
20924.97 20926.78
20924.53 20926.47
20924.53 20926.47
20924.65 20926.36
20924.65 20926.36
20924.65 20926.36
20924.98 20926.78
20924.98 20926.78
20924.97 20926.78
20924.97 20926.78
20924.97 20926.78
20924.97 20926.78
20924.97 20926.78
20925.21 20927.04
20925.21 20927.04
20926.16 20927.84
20925.78 20927.72
20925.78 20927.72
20925.98 20927.78
20925.98 20927.78
20925.78 20927.73
20925.78 20927.73
20925.78 20927.73
20925.78 20927.73
20925.40 20927.10
20925.40 20927.10
20925.40 20927.10
20925.39 20926.86
20925.39 20926.86
20925.39 20926.86
20924.91 20926.59
20925.41 20927.10
20925.41 20927.10
20925.41 20927.10
20925.03 20926.98
20925.03 20926.98
20923.14 20924.86
20923.14 20924.86
20921.53 20923.48
20921.53 20923.48
20920.28 20922.22
20920.28 20922.22
20920.03 20921.98
20920.03 20921.98
20917.98 20919.78
20917.90 20919.61
20917.90 20919.61
20918.40 20920.11
20918.40 20920.11
20917.96 20919.79
20918.22 20920.03
20918.22 20920.03
20918.39 20920.11
20918.39 20920.11
20918.40 20920.10
20918.40 20920.10
20918.40 20920.10
20918.98 20920.78
20918.46 20920.29
20918.46 20920.29
20918.03 20919.98
20918.03 20919.98
20918.15 20919.85
20918.15 20919.85
20918.15 20919.85
20917.96 20919.79
20918.15 20919.86
20918.15 20919.86
20919.28 20921.23
20921.28 20923.22
20921.28 20923.22
20921.28 20923.22
20921.98 20923.78
20923.03 20924.97
20923.03 20924.97
20922.83 20924.92
20921.28 20923.22
20921.28 20923.22
20919.47 20921.28
20919.72 20921.53
20919.72 20921.53
20919.72 20921.53
20919.65 20921.36
20919.65 20921.36
20919.65 20921.35
20919.66 20921.35
20919.66 20921.35
20919.66 20921.35
20919.66 20921.35
20919.66 20921.35
20919.78 20921.73
20919.78 20921.73
20919.78 20921.73
20919.97 20921.78
20919.90 20921.61
20919.90 20921.61
20922.48 20924.28
20922.28 20924.23
20922.28 20924.23
20921.71 20923.54
20921.71 20923.54
20920.53 20922.47
20920.53 20922.47
20920.53 20922.47
20920.53 20922.47
20920.53 20922.47
20920.47 20922.28
20920.47 20922.28
20920.83 20922.92
20920.83 20922.92
20920.83 20922.92
20920.83 20922.92
20921.58 20923.67
20922.28 20924.23
20922.28 20924.23
20922.53 20924.48
20922.53 20924.48
20922.28 20924.22
20922.28 20924.22
20922.28 20924.22
20922.28 20924.22
20922.33 20924.42
20922.33 20924.42
20922.21 20924.04
20922.21 20924.04
20922.33 20924.42
20922.33 20924.42
20922.38 20923.87
20922.38 20923.87
20922.41 20924.09
20922.41 20924.09
20923.31 20923.94
20922.47 20924.28
20922.47 20924.28
20921.37 20923.89
20921.37 20923.89
20922.21 20924.04
20922.33 20924.42
20922.33 20924.42
20922.73 20924.53
20922.73 20924.53
20922.78 20924.72
20922.78 20924.72
20922.78 20924.72
20922.78 20924.73
20922.78 20924.73
20922.78 20924.72
20922.78 20924.72
20923.53 20925.48
20923.53 20925.48
20923.96 20925.79
20924.03 20925.97
20924.03 20925.97
20924.03 20925.97
20924.03 20925.98
20924.03 20925.98
20924.21 20926.04
20924.98 20926.78
20924.98 20926.78
20924.71 20926.54
20924.71 20926.54
20922.22 20924.03
20922.22 20924.03
20922.16 20923.84
20921.64 20923.11
20921.64 20923.11
20921.62 20923.13
20921.62 20923.13
20922.03 20923.97
20922.22 20924.03
20922.22 20924.03
20922.03 20923.97
20922.53 20924.48
20922.53 20924.48
20922.53 20924.48
20923.28 20925.22
20923.28 20925.22
20923.28 20925.22
20923.48 20925.28
20923.48 20925.28
20923.48 20925.28
20923.48 20925.28
20923.48 20925.28
20923.66 20925.35
20923.66 20925.35
20923.66 20925.35
20923.21 20925.04
20923.21 20925.04
20922.97 20924.78
20922.97 20924.78
20923.21 20925.04
20923.21 20925.04
20923.21 20925.04
20922.03 20923.98
20922.03 20923.98
20922.22 20924.03
20922.22 20924.03
20922.22 20924.03
20921.90 20923.60
20921.90 20923.60
20923.21 20925.04
20923.21 20925.04
20923.41 20925.10
20925.03 20926.98
20925.03 20926.98
20925.03 20926.97
20925.41 20927.10
20925.41 20927.10
20925.42 20926.58
20925.42 20926.58
20925.47 20927.28
20924.72 20926.53
20924.72 20926.53
20924.72 20926.53
20924.96 20926.79
20924.96 20926.79
20924.96 20926.79
20924.71 20926.54
20923.48 20925.28
20923.48 20925.28
20923.66 20925.34
20923.66 20925.34
20923.46 20925.29
20923.46 20925.29
20923.14 20924.61
20923.14 20924.61
20923.40 20925.10
20923.40 20925.10
20923.72 20925.53
20923.72 20925.53
20922.96 20924.79
20922.96 20924.79
20924.17 20925.34
20924.17 20925.34
20922.83 20924.92
20923.28 20925.22
20923.28 20925.22
20923.28 20925.22
20923.28 20925.22
20923.46 20925.29
20922.78 20924.72
20922.78 20924.72
20922.96 20924.79
20922.96 20924.79
20923.03 20924.97
20923.03 20924.97
20923.03 20924.97
20923.22 20925.03
20923.22 20925.03
20923.66 20925.35
20923.66 20925.35
20923.63 20925.12
20924.53 20926.47
20924.53 20926.47
20924.78 20926.73
20924.78 20926.73
20924.78 20926.73
20924.78 20926.73
20924.14 20925.61
20924.21 20926.04
20924.21 20926.04
20924.21 20926.04
20923.72 20925.53
20923.40 20925.10
20923.40 20925.10
20923.92 20925.09
20923.92 20925.09
20924.28 20926.23
20924.28 20926.23
20924.47 20926.28
20924.73 20926.53
20924.73 20926.53
20924.73 20926.53
20924.21 20926.04
20924.21 20926.04
20924.16 20925.84
20924.16 20925.85
20924.16 20925.85
20924.37 20925.88
20924.37 20925.88
20924.37 20925.88
20924.39 20925.86
20924.39 20925.86
20924.46 20926.29
20923.46 20925.29
20923.46 20925.29
20923.46 20925.29
20923.40 20925.10
20923.40 20925.10
20923.28 20925.22
20923.28 20925.22
20923.22 20925.03
20923.22 20925.03
20922.53 20924.47
20922.53 20924.47
20923.22 20925.03
20923.21 20925.04
20923.21 20925.04
20923.89 20925.36
20923.89 20925.36
20923.89 20925.36
20923.89 20925.36
20924.08 20926.17
20924.08 20926.17
20924.08 20926.17
20924.72 20926.53
20924.72 20926.53
20924.72 20926.53
20924.71 20926.54
20924.71 20926.54
20924.71 20926.54
20924.71 20926.54
20924.71 20926.54
20924.71 20926.54
20924.71 20926.54
20924.71 20926.54
20924.71 20926.54
20924.71 20926.54
20924.64 20926.36
20924.72 20926.53
20924.72 20926.53
20924.78 20926.73
20924.78 20926.73
20924.53 20926.47
20924.53 20926.47
20925.53 20927.47
20925.53 20927.48
20925.53 20927.48
20924.53 20926.47
20924.53 20926.47
20924.40 20926.11
20924.40 20926.11
20922.15 20923.86
20922.15 20923.86
20922.15 20923.86
20924.22 20926.03
20924.22 20926.03
20924.21 20926.04
20924.66 20926.34
20924.66 20926.34
20924.47 20926.28
20924.47 20926.28
20924.47 20926.28
20924.41 20926.09
20925.46 20927.29
20925.46 20927.29
20924.83 20926.92
20924.83 20926.92
20926.58 20928.67
20926.58 20928.67
20929.08 20931.17
20929.65 20931.35
20929.65 20931.35
20929.65 20931.36
