20716.41 20718.10
20716.41 20718.10
20716.88 20718.37
20716.88 20718.37
20716.88 20718.37
20716.93 20718.08
20716.39 20718.11
20716.39 20718.11
20717.80 20718.45
20717.80 20718.45
20718.14 20719.61
20718.14 20719.61
20718.40 20720.11
20719.17 20720.33
20719.17 20720.33
20718.89 20720.36
20719.13 20720.63
20719.13 20720.63
20719.22 20721.03
20719.22 20721.03
20720.14 20721.61
20720.14 20721.61
20717.73 20719.53
20717.40 20719.10
20717.40 20719.10
20717.15 20718.86
20718.88 20720.38
20718.88 20720.38
20718.63 20720.13
20718.63 20720.13
20720.37 20721.88
20720.37 20721.88
20719.14 20720.61
20719.14 20720.61
20720.39 20721.86
20720.39 20721.86
20720.39 20721.86
20720.66 20721.84
20720.66 20721.84
20721.90 20723.61
20721.90 20723.61
20720.21 20722.04
20720.21 20722.04
20721.66 20723.34
20723.14 20724.86
20723.14 20724.86
20723.14 20724.86
20723.14 20724.86
20722.91 20724.60
20720.72 20722.53
20720.72 20722.53
20719.22 20721.03
20719.22 20721.03
20718.48 20720.28
20718.48 20720.28
20717.63 20719.13
20717.63 20719.13
20717.39 20719.11
20717.13 20718.63
20717.13 20718.63
20716.90 20718.60
20717.15 20718.86
20717.15 20718.86
20717.65 20719.36
20717.65 20719.36
20717.89 20719.61
20717.66 20719.34
20717.66 20719.34
20717.65 20719.35
20721.63 20723.13
20721.63 20723.13
20721.41 20723.10
20721.16 20722.84
20721.16 20722.84
20721.89 20723.36
20722.13 20723.63
20722.13 20723.63
20722.14 20723.61
20722.14 20723.61
20722.39 20723.86
20722.39 20723.86
20722.89 20724.36
20722.91 20724.09
20722.91 20724.09
20722.63 20724.12
20722.63 20724.12
20720.66 20722.35
20721.16 20722.84
20721.16 20722.84
20720.37 20721.88
20720.37 20721.88
20720.40 20722.11
20720.64 20722.11
20720.64 20722.11
20719.88 20721.38
20720.17 20721.33
20720.17 20721.33
20720.38 20721.88
20720.38 20721.88
20721.15 20722.85
20718.38 20719.88
20718.38 20719.88
20718.15 20719.86
20718.15 20719.86
20718.98 20720.78
20719.66 20721.34
20719.66 20721.34
20720.66 20722.35
20720.16 20721.84
20720.91 20722.59
20720.91 20722.59
20720.88 20722.38
20720.88 20722.38
20720.64 20722.11
20719.38 20720.88
20719.38 20720.88
20719.91 20721.09
20719.91 20721.09
20718.41 20720.10
20718.40 20720.11
20718.40 20720.11
20718.40 20720.11
20718.64 20720.11
20717.16 20718.84
20717.16 20718.84
20716.40 20718.11
20716.53 20718.47
20716.53 20718.47
20716.90 20718.61
20716.90 20718.61
20714.71 20716.54
20712.91 20714.59
20712.91 20714.59
20712.39 20714.11
20711.73 20713.53
20711.73 20713.53
20710.15 20711.86
20710.88 20712.38
20710.88 20712.38
20710.64 20712.36
20710.91 20712.59
20710.91 20712.59
20711.96 20713.79
20711.96 20713.79
20712.38 20713.88
20712.38 20713.88
20712.14 20713.86
20712.37 20713.88
20712.37 20713.88
20713.41 20715.09
20713.40 20715.10
20713.40 20715.10
20713.38 20714.87
20713.38 20714.87
20712.90 20714.61
20714.63 20716.13
20714.63 20716.13
20714.15 20715.86
20713.66 20714.85
20713.66 20714.85
20713.66 20714.85
20713.38 20714.87
20713.39 20714.86
20713.39 20714.86
20713.15 20714.85
20713.15 20714.85
20713.13 20714.63
20713.65 20715.36
20713.65 20715.36
20712.88 20714.38
20712.90 20714.61
20712.90 20714.61
20715.48 20717.28
20715.48 20717.28
20714.64 20716.11
20717.90 20719.61
20717.90 20719.61
20717.40 20719.10
20717.40 20719.10
20718.91 20720.60
20718.65 20720.36
20718.65 20720.36
20718.90 20720.61
20718.23 20720.03
20718.23 20720.03
20718.23 20720.03
20717.65 20719.36
20717.65 20719.36
20717.39 20718.86
20717.39 20718.86
20718.65 20720.35
20718.65 20720.35
20720.16 20721.84
20720.16 20721.84
20719.14 20720.86
20719.14 20720.86
20718.88 20720.38
20718.88 20720.38
20718.66 20720.34
20718.65 20720.35
20718.65 20720.35
20720.91 20722.60
20721.13 20722.63
20721.13 20722.63
20721.13 20722.63
20721.38 20722.87
20719.88 20721.38
20719.88 20721.38
20719.41 20721.09
20719.41 20721.09
20719.65 20721.36
20719.65 20721.36
20719.71 20721.54
20720.64 20722.11
20720.64 20722.11
20719.14 20720.86
20719.66 20721.34
20719.66 20721.34
20721.89 20723.36
20723.38 20724.88
20723.38 20724.88
20723.91 20725.60
20725.13 20726.63
20725.13 20726.63
20724.89 20726.61
20724.89 20726.61
20724.14 20725.61
20724.89 20726.36
20724.89 20726.36
20722.38 20723.88
20722.38 20723.88
20723.97 20725.78
20723.97 20725.78
20724.41 20726.10
20726.89 20728.61
20726.89 20728.61
20725.91 20727.60
20726.48 20728.28
20726.48 20728.28
20727.47 20729.28
20727.46 20729.29
20727.46 20729.29
20727.63 20729.13
20727.63 20729.13
20727.14 20728.61
20726.91 20728.59
20726.91 20728.59
20729.40 20731.11
20728.89 20730.36
20728.89 20730.36
20728.66 20730.35
20729.39 20731.11
20729.39 20731.11
20729.39 20731.11
20730.18 20731.33
20731.46 20733.29
20731.46 20733.29
20731.42 20732.58
20731.16 20732.84
20731.16 20732.84
20733.15 20734.85
20732.40 20734.11
20732.40 20734.11
20733.12 20734.63
20733.12 20734.63
20732.41 20734.10
20732.41 20734.10
20731.15 20732.86
20731.15 20732.86
20731.91 20733.59
20731.41 20733.09
20731.41 20733.09
20731.63 20733.13
20731.63 20733.13
20731.88 20733.37
20731.63 20733.13
20731.63 20733.13
20729.66 20731.34
20729.66 20731.34
20729.14 20730.86
20729.14 20730.86
20728.14 20729.86
20731.38 20732.88
20731.38 20732.88
20730.40 20732.10
20731.48 20733.28
20731.48 20733.28
20732.66 20734.35
20731.90 20733.61
20731.90 20733.61
20732.38 20733.88
20732.66 20734.34
20732.66 20734.34
20733.67 20734.83
20733.13 20734.63
20733.13 20734.63
20734.67 20735.83
20733.91 20735.59
20733.91 20735.59
20733.64 20735.36
20733.64 20735.36
20733.48 20735.28
20733.15 20734.86
20733.15 20734.86
20732.89 20734.36
20732.88 20734.38
20732.88 20734.38
20734.12 20735.63
20734.12 20735.63
20733.87 20735.38
20730.88 20732.38
20730.88 20732.38
20730.39 20732.11
20730.14 20731.61
20730.14 20731.61
20730.48 20732.28
20730.48 20732.28
20730.40 20732.10
20730.40 20732.10
20729.66 20731.35
20729.15 20730.86
20729.15 20730.86
20729.41 20730.59
20729.64 20731.11
20729.64 20731.11
20729.89 20731.36
20729.89 20731.61
20729.89 20731.61
20730.66 20731.84
20730.66 20731.84
20729.91 20731.60
20729.91 20731.60
20727.63 20729.13
20728.38 20729.88
20728.38 20729.88
20727.16 20728.85
20727.16 20728.85
20727.89 20729.36
20727.96 20729.79
20727.96 20729.79
20727.89 20729.36
20727.89 20729.36
20727.91 20729.60
20727.91 20729.60
20728.14 20729.61
20728.14 20729.61
20728.14 20729.61
20728.63 20730.12
20729.14 20730.61
20729.13 20730.63
20729.13 20730.63
20729.65 20731.35
20729.65 20731.35
20730.91 20732.59
20730.91 20732.59
20730.91 20732.59
20731.16 20732.34
20731.16 20732.34
20732.90 20734.61
20732.90 20734.61
20732.66 20734.34
20732.66 20734.34
20733.66 20735.34
20733.91 20735.60
20733.91 20735.60
20732.90 20734.61
20731.71 20733.54
20731.71 20733.54
20731.71 20733.54
20731.71 20733.54
20732.14 20733.61
20732.14 20733.61
20733.38 20734.88
20732.89 20734.36
20732.89 20734.36
20732.40 20734.11
20731.89 20733.36
20731.89 20733.36
20731.91 20733.59
20731.91 20733.59
20733.38 20734.88
20732.98 20734.78
20732.98 20734.78
20732.98 20734.78
20732.98 20734.78
20732.98 20734.78
20732.98 20734.78
20732.96 20734.79
20732.96 20734.79
20732.98 20734.78
20732.98 20734.78
20734.06 20734.69
20735.21 20737.04
20735.21 20737.04
20734.89 20736.61
20734.73 20736.53
20734.73 20736.53
20735.65 20737.36
20735.65 20737.36
20736.88 20738.37
20737.41 20738.60
20737.41 20738.60
20737.48 20739.28
20737.39 20739.11
20737.39 20739.11
20737.21 20739.04
20737.21 20739.04
20738.67 20739.83
20737.66 20739.34
20737.97 20739.78
20737.97 20739.78
20735.98 20737.78
20735.98 20737.78
20736.98 20738.78
20736.98 20738.78
20736.89 20738.36
20736.89 20738.36
20736.89 20738.36
20737.66 20738.84
20736.65 20738.36
20736.65 20738.36
20736.22 20738.03
20736.13 20737.63
20736.13 20737.63
20735.39 20737.11
20732.13 20733.63
20732.13 20733.63
20730.16 20731.85
20730.16 20731.85
20729.96 20731.79
20730.90 20732.60
20730.90 20732.60
20730.16 20731.85
20730.16 20731.85
20730.13 20731.63
20730.13 20731.63
20730.23 20732.03
20730.15 20731.86
20730.15 20731.86
20730.15 20731.86
20730.38 20731.88
20730.38 20731.88
20729.92 20731.09
20729.92 20731.09
20729.96 20731.79
20729.96 20731.79
20729.96 20731.79
20730.22 20732.03
20730.22 20732.03
20730.13 20731.63
20729.65 20731.36
20729.65 20731.36
20730.63 20732.13
20731.90 20733.61
20731.90 20733.61
20732.14 20733.61
20732.14 20733.61
20732.46 20734.29
20732.39 20733.86
20732.39 20733.86
20732.41 20733.59
20732.40 20734.11
20732.40 20734.11
20733.73 20735.53
20733.73 20735.53
20733.40 20735.11
20733.90 20735.60
20733.90 20735.60
20733.90 20735.60
20733.88 20735.38
20733.41 20735.09
20733.41 20735.09
20733.65 20735.36
20733.65 20735.36
20734.40 20736.11
20734.38 20735.88
20734.38 20735.88
20733.21 20735.04
20732.40 20734.11
20732.40 20734.11
20732.47 20734.28
20733.88 20735.37
20733.88 20735.37
20733.38 20734.88
20732.16 20733.84
20732.16 20733.84
20731.66 20733.35
20731.66 20733.35
20731.66 20733.35
20731.91 20733.59
20731.17 20732.33
20731.17 20732.33
20731.17 20732.33
20730.14 20731.61
20727.65 20729.36
20727.65 20729.36
20728.39 20729.86
20727.65 20729.35
20727.65 20729.35
20727.89 20729.61
20727.89 20729.61
20728.15 20729.86
20728.15 20729.86
20730.91 20732.60
20730.91 20732.60
20731.65 20733.36
20731.90 20733.60
20731.90 20733.60
20731.89 20733.36
20731.89 20733.36
20731.64 20733.36
20731.64 20733.36
20731.63 20733.13
20731.63 20733.13
20731.90 20733.60
20731.90 20733.61
20731.90 20733.61
20730.41 20732.09
20730.21 20732.04
20730.21 20732.04
20729.46 20731.29
20729.46 20731.29
20730.15 20731.86
20728.40 20730.10
20728.40 20730.10
20729.38 20730.88
20729.38 20730.88
20729.71 20731.54
20729.88 20731.38
20729.88 20731.38
20728.66 20730.34
20729.41 20731.09
20729.41 20731.09
20729.38 20730.88
20729.38 20730.88
20727.89 20729.36
20727.89 20729.36
20728.64 20730.11
20726.37 20727.88
20726.37 20727.88
20726.64 20728.11
20726.39 20727.86
20726.39 20727.86
20725.90 20727.61
20725.90 20727.61
20724.65 20726.36
20724.13 20725.62
20724.13 20725.62
20723.89 20725.61
20723.89 20725.61
20724.66 20726.34
20724.38 20725.88
20724.38 20725.88
20724.63 20726.13
20724.63 20726.13
20725.17 20726.33
20725.17 20726.33
20724.15 20725.85
20722.73 20724.53
20722.73 20724.53
20722.13 20723.62
20722.13 20723.62
20721.62 20723.13
20721.62 20723.13
20721.15 20722.86
20721.15 20722.86
20721.21 20723.04
20721.21 20723.04
20721.38 20722.87
20721.38 20722.87
20720.88 20722.38
20720.88 20722.38
20720.39 20721.86
20720.39 20721.86
20719.91 20721.09
20719.91 20721.09
20721.16 20722.84
20721.16 20722.84
20722.38 20723.88
20722.38 20723.88
20722.38 20723.88
20722.38 20723.88
20722.16 20723.85
20722.16 20723.85
20722.16 20723.85
20722.13 20723.63
20722.13 20723.63
20722.13 20723.63
20720.98 20722.78
20720.91 20722.09
20720.91 20722.09
20718.66 20720.35
20719.65 20721.36
20719.65 20721.36
20719.63 20721.13
20719.63 20721.13
20719.63 20721.13
20720.08 20722.17
20720.14 20721.86
20720.14 20721.86
20721.28 20723.22
20721.28 20723.22
20721.16 20722.84
20721.90 20723.61
20721.90 20723.61
20722.90 20724.61
20722.90 20724.61
20723.40 20725.10
20723.38 20724.88
20723.38 20724.88
20724.14 20725.86
20724.14 20725.86
20724.16 20725.34
20724.16 20725.34
20723.64 20725.11
20723.39 20724.86
20723.39 20724.86
20723.63 20725.13
20723.63 20725.13
20723.66 20725.34
20723.66 20725.34
20722.89 20724.61
20722.89 20724.61
