20874.03 20875.97
20874.03 20875.97
20874.03 20875.97
20874.23 20876.03
20874.23 20876.03
20874.23 20876.03
20875.31 20875.94
20875.31 20875.94
20875.31 20875.94
20874.65 20876.35
20874.63 20876.13
20874.63 20876.13
20874.22 20876.03
20874.22 20876.03
20874.23 20876.03
20874.23 20876.03
20873.53 20875.47
20875.71 20877.54
20875.71 20877.54
20875.91 20877.60
20875.91 20877.60
20875.73 20877.53
20875.73 20877.53
20875.96 20877.79
20875.96 20877.79
20875.78 20877.73
20875.78 20877.73
20875.46 20877.29
20875.46 20877.29
20874.16 20875.84
20874.16 20875.84
20872.97 20874.78
20872.97 20874.78
20873.78 20875.73
20873.78 20875.73
20874.96 20876.79
20874.96 20876.79
20874.97 20876.78
20874.97 20876.78
20874.97 20876.78
20875.16 20876.84
20875.16 20876.84
20875.16 20876.84
20875.16 20876.85
20875.16 20876.85
20875.16 20876.85
20875.40 20877.11
20875.40 20877.11
20873.96 20875.79
20873.78 20875.72
20873.78 20875.72
20873.71 20875.54
20873.71 20875.54
20873.64 20875.36
20872.28 20874.22
20872.28 20874.22
20872.28 20874.22
20872.28 20874.22
20872.22 20874.03
20872.22 20874.03
20872.22 20874.03
20872.03 20873.97
20872.21 20874.04
20872.21 20874.04
20872.71 20874.54
20872.71 20874.54
20872.78 20874.73
20872.78 20874.73
20872.53 20874.48
20872.53 20874.48
20872.03 20873.97
20872.03 20873.97
20872.03 20873.97
20872.03 20873.97
20872.03 20873.98
20872.03 20873.98
20872.03 20873.98
20872.38 20873.87
20872.38 20873.87
20872.16 20873.84
20872.16 20873.84
20872.16 20873.84
20873.14 20874.86
20873.14 20874.86
20873.14 20874.86
20873.14 20874.86
20873.46 20875.29
20873.46 20875.29
20873.46 20875.29
20873.46 20875.29
20873.46 20875.29
20873.46 20875.29
20873.46 20875.29
20873.46 20875.29
20873.48 20875.28
20873.48 20875.28
20873.48 20875.28
20873.22 20875.03
20872.98 20874.78
20872.98 20874.78
20873.46 20875.29
20873.46 20875.29
20873.46 20875.29
20873.46 20875.29
20873.46 20875.29
20873.46 20875.29
20873.46 20875.29
20873.46 20875.29
20873.46 20875.29
20873.46 20875.29
20873.46 20875.29
20873.46 20875.29
20873.46 20875.29
20874.72 20876.53
20874.72 20876.53
20874.48 20876.28
20874.48 20876.28
20874.48 20876.28
20874.71 20876.54
20874.71 20876.54
20874.78 20876.72
20874.78 20876.72
20874.78 20876.72
20874.83 20876.92
20874.83 20876.92
20874.83 20876.92
20875.46 20877.29
20875.46 20877.29
20875.48 20877.28
20875.48 20877.28
20875.48 20877.28
20873.71 20875.54
20873.71 20875.54
20873.73 20875.53
20873.73 20875.53
20873.65 20875.35
20873.65 20875.35
20873.65 20875.36
20873.65 20875.36
20873.64 20875.36
20873.64 20875.36
20873.64 20875.36
20873.64 20875.36
20873.91 20875.60
20873.91 20875.60
20873.71 20875.54
20873.71 20875.54
20873.71 20875.54
20873.71 20875.54
20873.71 20875.54
20873.71 20875.54
20873.71 20875.54
20873.71 20875.54
20873.71 20875.54
20873.71 20875.54
20873.71 20875.54
20873.71 20875.54
20873.71 20875.54
20873.72 20875.53
20873.72 20875.53
20873.72 20875.53
20873.72 20875.53
20873.72 20875.53
20873.91 20875.59
20873.91 20875.59
20873.81 20874.44
20873.78 20875.73
20873.78 20875.73
20874.53 20876.47
20874.53 20876.47
20874.53 20876.47
20874.53 20876.47
20874.28 20876.23
20873.98 20875.78
20873.98 20875.78
20874.96 20876.79
20874.96 20876.79
20874.96 20876.79
20874.66 20876.34
20874.66 20876.34
20874.71 20876.54
20874.71 20876.54
20874.71 20876.54
20875.03 20876.98
20874.53 20876.48
20874.53 20876.48
20874.72 20876.53
20874.72 20876.53
20873.91 20875.59
20873.91 20875.59
20872.16 20873.85
20872.16 20873.85
20872.16 20873.85
20872.16 20873.85
20870.65 20872.36
20870.65 20872.36
20870.96 20872.79
20871.28 20873.22
20871.28 20873.22
20871.21 20873.04
20871.21 20873.04
20871.21 20873.04
20871.21 20873.04
20871.21 20873.04
20871.15 20872.86
20870.91 20872.60
20870.91 20872.60
20871.03 20872.98
20870.88 20872.37
20870.88 20872.37
20870.88 20872.37
20870.89 20872.36
20871.23 20873.03
20871.23 20873.03
20871.23 20873.03
20870.97 20872.78
20870.97 20872.78
20870.91 20872.59
20870.91 20872.59
20870.91 20872.59
20870.91 20872.59
20870.91 20872.59
20871.41 20873.10
20871.41 20873.10
20871.41 20873.10
20870.98 20872.78
20870.98 20872.78
20870.98 20872.78
20870.98 20872.78
20870.96 20872.79
20871.21 20873.04
20871.21 20873.04
20871.40 20873.11
20871.40 20873.11
20871.63 20873.13
20871.63 20873.13
20871.96 20873.79
20871.96 20873.79
20871.96 20873.79
20871.96 20873.79
20871.96 20873.79
20871.96 20873.79
20871.89 20873.61
20871.89 20873.61
20871.71 20873.54
20871.71 20873.54
20872.16 20873.85
20872.16 20873.85
20872.16 20873.85
20872.16 20873.85
20872.16 20873.85
20872.16 20873.85
20872.64 20874.11
20872.64 20874.11
20872.64 20874.11
20871.88 20873.37
20871.88 20873.37
20871.88 20873.37
20871.88 20873.37
20872.40 20874.11
20872.21 20874.04
20872.21 20874.04
20872.48 20874.28
20872.48 20874.28
20872.48 20874.28
20872.53 20874.47
20872.53 20874.47
20872.72 20874.53
20872.72 20874.53
20872.72 20874.53
20872.72 20874.53
20872.73 20874.53
20872.73 20874.53
20872.91 20874.59
20872.91 20874.59
20872.91 20874.59
20872.71 20874.54
20872.71 20874.54
20873.37 20874.88
20873.37 20874.88
20873.37 20874.88
20873.37 20874.88
20873.39 20874.86
20873.39 20874.86
20873.39 20874.86
20873.39 20874.86
20873.46 20875.29
20873.46 20875.29
20873.41 20875.09
20873.41 20875.09
20878.72 20880.53
20878.72 20880.53
20878.16 20879.84
20877.90 20879.60
20877.90 20879.60
20877.90 20879.61
20877.90 20879.61
20877.98 20879.78
20877.98 20879.78
20879.31 20879.94
20879.53 20881.48
20879.53 20881.48
20879.66 20881.35
20879.66 20881.35
20879.28 20881.22
20879.21 20881.04
20879.21 20881.04
20879.21 20881.04
20879.21 20881.04
20879.53 20881.47
20878.97 20880.78
20878.97 20880.78
20878.98 20880.78
20878.98 20880.78
20878.98 20880.78
20878.96 20880.79
20878.72 20880.53
20878.72 20880.53
20878.53 20880.48
20879.53 20881.47
20879.53 20881.47
20879.53 20881.47
20879.53 20881.47
20879.53 20881.48
20879.53 20881.48
20879.73 20881.53
20879.73 20881.53
20880.39 20881.86
20880.39 20881.86
20880.39 20881.86
20880.23 20882.03
20880.23 20882.03
20880.23 20882.03
20879.88 20882.12
20879.88 20882.12
20880.22 20882.03
20880.22 20882.03
20880.28 20882.23
20880.28 20882.23
20882.40 20884.11
20882.40 20884.11
20882.21 20884.04
20882.21 20884.04
20882.13 20883.62
20882.13 20883.62
20882.13 20883.62
20881.98 20883.78
20881.98 20883.78
20882.41 20884.09
20882.41 20884.09
20882.65 20883.85
20880.53 20882.47
20880.53 20882.47
20879.46 20881.29
20879.21 20881.04
20879.21 20881.04
20879.41 20881.10
20879.41 20881.10
20878.21 20880.04
20878.21 20880.04
20877.96 20879.79
20877.96 20879.79
20878.21 20880.04
20878.21 20880.04
20878.21 20880.04
20878.21 20880.04
20878.21 20880.04
20879.38 20880.87
20879.38 20880.87
20880.16 20881.85
20880.16 20881.85
20880.16 20881.85
20880.23 20882.03
20880.23 20882.03
20880.41 20882.09
20880.41 20882.09
20880.41 20882.09
20880.39 20882.11
20880.39 20882.11
20881.91 20883.60
20881.91 20883.60
20881.91 20883.60
20881.71 20883.54
20881.71 20883.54
20881.71 20883.54
20882.13 20883.62
20882.14 20883.61
20882.14 20883.61
20881.73 20883.53
20881.73 20883.53
20881.73 20883.53
20882.46 20884.29
20882.46 20884.29
20883.71 20885.54
20883.71 20885.54
20883.48 20885.28
20883.48 20885.28
20883.28 20885.22
20883.28 20885.22
20883.89 20885.61
20883.89 20885.61
20883.89 20885.61
20883.89 20885.61
20883.89 20885.61
20883.73 20885.53
20883.73 20885.53
20883.28 20885.22
20883.28 20885.22
20882.21 20884.04
20882.16 20883.85
20882.16 20883.85
20882.16 20883.84
20882.16 20883.85
20882.16 20883.85
20881.65 20883.35
20881.65 20883.35
20881.96 20883.79
20881.96 20883.79
20881.96 20883.79
20881.23 20883.03
20881.23 20883.03
20881.38 20882.87
20880.90 20882.61
20880.90 20882.61
20879.66 20881.34
20879.66 20881.34
20879.66 20881.34
20879.66 20881.34
20880.23 20882.03
20880.16 20881.85
20880.16 20881.85
20879.66 20881.35
20879.66 20881.35
20880.03 20881.98
20880.22 20882.03
20880.22 20882.03
20880.28 20882.23
20880.28 20882.23
20880.03 20881.97
20880.03 20881.97
20880.21 20882.04
20880.21 20882.04
20880.53 20882.47
20880.53 20882.47
20880.46 20882.29
20880.46 20882.29
20880.46 20882.29
20880.46 20882.29
20880.47 20882.28
20880.47 20882.28
20880.46 20882.29
20880.46 20882.29
20880.46 20882.29
20880.46 20882.29
20880.53 20882.47
20880.53 20882.47
20880.71 20882.54
20880.71 20882.54
20879.71 20881.54
20878.73 20880.53
20878.73 20880.53
20878.48 20880.28
20878.48 20880.28
20878.48 20880.28
20878.78 20880.72
20878.16 20879.85
20878.16 20879.85
20877.71 20879.54
20877.71 20879.54
20877.71 20879.54
20877.89 20879.61
20877.89 20879.61
20878.71 20880.54
20878.71 20880.54
20878.71 20880.54
20878.71 20880.54
20879.39 20880.86
20879.98 20881.78
20879.98 20881.78
20879.72 20881.53
20879.72 20881.53
20880.48 20882.28
20880.48 20882.28
20879.91 20881.59
20879.41 20881.09
20879.41 20881.09
20879.03 20880.98
20879.03 20880.98
20879.73 20881.53
20879.73 20881.53
20879.73 20881.53
20879.73 20881.53
20880.21 20882.04
20880.21 20882.04
20880.21 20882.04
20880.21 20882.04
20880.21 20882.04
20880.21 20882.04
20880.21 20882.04
20880.21 20882.04
20880.16 20881.85
20880.16 20881.85
20880.15 20881.86
20880.15 20881.86
20880.15 20881.86
20880.15 20881.86
20880.15 20881.86
20880.15 20881.86
20880.15 20881.86
20880.15 20881.86
20880.15 20881.86
20880.15 20881.86
20880.15 20881.86
20880.15 20881.86
20880.15 20881.86
20880.15 20881.86
20880.16 20881.84
20880.16 20881.84
20880.16 20881.84
20879.98 20881.78
20879.98 20881.78
20879.98 20881.78
20879.72 20881.53
20879.72 20881.53
20879.71 20881.54
20879.71 20881.54
20880.13 20881.63
20880.13 20881.63
20881.41 20883.09
20881.41 20883.09
20881.41 20883.09
20881.83 20883.92
20881.78 20883.73
20881.78 20883.73
20881.78 20883.73
20882.15 20883.86
20881.83 20883.92
20881.83 20883.92
20882.28 20884.22
20882.28 20884.22
20882.28 20884.22
20882.91 20884.09
20882.91 20884.09
20884.48 20886.28
20884.48 20886.28
20884.14 20885.86
20884.14 20885.86
20882.97 20884.78
20882.97 20884.78
20882.97 20884.78
20882.97 20884.78
20882.97 20884.78
20882.97 20884.78
20882.96 20884.79
20882.78 20884.73
20882.78 20884.73
20882.78 20884.73
20882.78 20884.73
20882.71 20884.54
20882.71 20884.54
20882.71 20884.54
20882.78 20884.72
20882.78 20884.72
20882.78 20884.72
20882.78 20884.72
20882.71 20884.54
20882.71 20884.54
20882.71 20884.54
20882.71 20884.54
20882.71 20884.54
20882.71 20884.54
20882.96 20884.79
20882.96 20884.79
20882.96 20884.79
20882.78 20884.73
20882.78 20884.73
20882.98 20884.78
20882.98 20884.78
20882.98 20884.78
20881.47 20883.28
20881.47 20883.28
20881.31 20881.94
20881.21 20883.04
20881.21 20883.04
20880.65 20882.35
20880.65 20882.35
20880.33 20882.42
20880.33 20882.42
20880.71 20882.54
20880.71 20882.54
20880.88 20882.37
20880.88 20882.37
20880.89 20882.61
20880.89 20882.61
20880.89 20882.61
20880.89 20882.61
20880.91 20882.60
20880.91 20882.60
20880.91 20882.60
20880.96 20882.79
20880.96 20882.79
20880.96 20882.79
20881.89 20883.36
20881.89 20883.36
20882.22 20884.03
20882.22 20884.03
20882.22 20884.03
20882.22 20884.03
20882.22 20884.03
20882.22 20884.03
20881.88 20883.37
20881.88 20883.37
20881.88 20883.37
20881.98 20883.78
20882.03 20883.97
20882.03 20883.97
20882.03 20883.98
20882.03 20883.98
20882.03 20883.98
20882.03 20883.98
20882.03 20883.98
20882.03 20883.98
20882.03 20883.98
