20838.15 20839.35
20838.15 20839.35
20837.64 20839.11
20837.64 20839.11
20839.42 20840.58
20840.67 20841.83
20840.67 20841.83
20839.87 20841.38
20842.38 20843.87
20842.38 20843.87
20844.16 20845.34
20843.13 20844.63
20843.13 20844.63
20840.66 20841.85
20839.63 20841.12
20839.63 20841.12
20837.91 20839.09
20837.88 20839.37
20837.88 20839.37
20836.42 20837.58
20836.64 20838.11
20836.64 20838.11
20835.89 20837.36
20836.13 20837.63
20836.13 20837.63
20833.63 20835.12
20833.63 20835.12
20835.17 20836.33
20835.13 20836.62
20835.13 20836.62
20836.89 20838.36
20838.41 20839.59
20838.41 20839.59
20838.13 20839.62
20838.13 20839.62
20839.38 20840.88
20839.16 20840.34
20839.16 20840.34
20838.18 20839.33
20840.67 20841.83
20840.67 20841.83
20839.13 20840.63
20837.17 20838.33
20837.17 20838.33
20837.39 20838.86
20837.41 20838.59
20837.41 20838.59
20837.63 20839.13
20841.41 20842.59
20841.41 20842.59
20842.91 20844.09
20844.42 20845.58
20844.42 20845.58
20842.93 20844.08
20843.93 20845.08
20843.93 20845.08
20844.16 20845.34
20843.38 20844.88
20843.38 20844.88
20843.17 20844.34
20843.17 20844.34
20842.67 20843.84
20842.92 20844.09
20842.92 20844.09
20843.39 20844.86
20845.38 20846.87
20845.38 20846.87
20845.12 20846.63
20844.89 20846.36
20844.89 20846.36
20843.37 20844.88
20841.38 20842.88
20841.38 20842.88
20842.42 20843.58
20841.91 20843.09
20841.91 20843.09
20842.42 20843.58
20842.42 20843.58
20842.89 20844.36
20842.64 20844.11
20842.64 20844.11
20844.17 20845.33
20846.43 20847.58
20846.43 20847.58
20846.91 20848.09
20848.38 20849.87
20848.38 20849.87
20851.39 20852.86
20852.42 20853.58
20852.42 20853.58
20852.13 20853.62
20846.62 20848.13
20846.62 20848.13
20845.62 20847.13
20845.62 20847.13
20844.62 20846.13
20844.91 20846.09
20844.91 20846.09
20845.37 20846.88
20844.38 20845.88
20844.38 20845.88
20843.17 20844.33
20841.41 20842.60
20841.41 20842.60
20841.87 20843.38
20841.87 20843.38
20841.41 20842.59
20840.15 20841.35
20840.15 20841.35
20842.13 20843.62
20841.89 20843.36
20841.89 20843.36
20841.14 20842.61
20843.39 20844.86
20843.39 20844.86
20844.62 20846.13
20844.64 20846.11
20844.64 20846.11
20845.67 20846.83
20845.67 20846.83
20844.16 20845.34
20844.41 20845.59
20844.41 20845.59
20840.89 20842.36
20841.63 20843.13
20841.63 20843.13
20840.42 20841.59
20840.42 20841.59
20840.42 20841.59
20840.63 20842.12
20841.43 20842.58
20841.43 20842.58
20841.42 20842.58
20840.39 20841.86
20840.39 20841.86
20840.17 20841.33
20841.38 20842.88
20841.38 20842.88
20842.63 20844.12
20842.63 20844.12
20843.37 20844.88
20843.88 20845.37
20843.88 20845.37
20844.68 20845.83
20845.89 20847.36
20845.89 20847.36
20850.16 20851.34
20851.66 20852.84
20851.66 20852.84
20850.64 20852.11
20849.87 20851.38
20849.87 20851.38
20849.62 20851.13
20849.62 20851.13
20849.13 20850.63
20850.42 20851.58
20850.42 20851.58
20849.17 20850.34
20848.63 20850.13
20848.63 20850.13
20850.13 20851.63
20852.62 20854.13
20852.62 20854.13
20850.91 20852.09
20846.92 20848.08
20846.92 20848.08
20848.38 20849.88
20849.89 20851.36
20849.89 20851.36
20849.63 20851.12
20850.17 20851.33
20850.17 20851.33
20850.14 20851.61
20849.67 20850.83
20849.67 20850.83
20848.12 20849.63
20846.92 20848.08
20846.92 20848.08
20847.13 20848.62
20847.40 20848.60
20847.40 20848.60
20847.16 20848.34
20846.92 20848.08
20846.92 20848.08
20846.88 20848.37
20847.13 20848.63
20847.13 20848.63
20846.81 20847.44
20844.63 20846.13
20844.63 20846.13
20843.91 20845.09
20844.41 20845.59
20844.41 20845.59
20845.13 20846.62
20842.92 20844.08
20842.92 20844.08
20842.89 20844.36
20842.30 20842.95
20842.30 20842.95
20843.17 20844.33
20844.63 20846.12
20844.63 20846.12
20843.42 20844.58
20843.42 20844.58
20840.88 20842.38
20841.68 20842.83
20841.68 20842.83
20843.91 20845.09
20843.88 20845.37
20843.88 20845.37
20846.13 20847.63
20846.13 20847.63
20848.42 20849.59
20851.42 20852.58
20851.42 20852.58
20852.14 20853.61
20852.88 20854.37
20852.88 20854.37
20852.38 20853.87
20852.39 20853.86
20852.39 20853.86
20852.37 20853.88
20852.37 20853.88
20852.39 20853.86
20852.39 20853.86
20850.89 20852.36
20847.65 20848.85
20847.65 20848.85
20848.37 20849.88
20849.13 20850.62
20849.13 20850.62
20848.92 20850.08
20848.92 20850.08
20849.62 20851.13
20848.63 20850.12
20848.63 20850.12
20849.15 20850.35
20848.38 20849.88
20848.38 20849.88
20848.92 20850.08
20847.65 20848.85
20847.65 20848.85
20848.42 20849.58
20847.13 20848.63
20847.13 20848.63
20847.92 20849.08
20847.92 20849.08
20849.38 20850.87
20850.17 20851.33
20850.17 20851.33
20851.56 20852.19
20852.43 20853.58
20852.43 20853.58
20853.17 20854.33
20853.17 20854.33
20851.87 20853.38
20853.16 20854.35
20853.16 20854.35
20850.63 20852.13
20850.63 20852.13
20850.67 20851.83
20850.17 20851.33
20850.17 20851.33
20850.17 20851.34
20847.63 20849.13
20847.63 20849.13
20847.38 20848.87
20847.17 20848.33
20847.17 20848.33
20847.17 20848.33
20848.42 20849.58
20848.42 20849.58
20849.91 20851.09
20849.91 20851.09
20852.16 20853.35
20852.17 20853.33
20852.17 20853.33
20851.64 20853.11
20853.14 20854.61
20853.14 20854.61
20851.38 20852.88
20851.38 20852.88
20850.67 20851.83
20853.42 20854.59
20853.66 20854.85
20853.66 20854.85
20853.42 20854.58
20853.42 20854.58
20853.39 20854.86
20853.39 20854.86
20855.37 20856.88
20856.91 20858.09
20856.91 20858.09
20856.38 20857.87
20855.92 20857.08
20855.92 20857.08
20857.67 20858.83
20857.67 20858.83
20858.17 20859.33
20856.91 20858.09
20856.91 20858.09
20857.42 20858.58
20859.88 20861.37
20859.88 20861.37
20859.62 20861.13
20857.64 20859.11
20857.64 20859.11
20856.38 20857.87
20856.38 20857.87
20853.42 20854.58
20852.91 20854.10
20852.91 20854.10
20854.38 20855.88
20853.89 20855.36
20853.89 20855.36
20853.39 20854.86
20854.16 20855.34
20854.16 20855.34
20854.42 20855.58
20854.12 20855.63
20854.12 20855.63
20855.87 20857.38
20856.17 20857.33
20856.17 20857.33
20856.43 20857.58
20856.43 20857.58
20856.37 20857.88
20857.42 20858.58
20857.42 20858.58
20857.14 20858.61
20856.13 20857.62
20856.13 20857.62
20855.42 20856.58
20855.37 20856.88
20855.37 20856.88
20856.66 20857.84
20853.88 20855.37
20853.88 20855.37
20854.17 20855.34
20855.17 20856.33
20855.17 20856.33
20855.63 20857.12
20853.38 20854.87
20853.38 20854.87
20855.16 20856.34
20854.63 20856.13
20854.63 20856.13
20857.92 20859.08
20857.92 20859.08
20857.67 20858.83
20857.31 20857.94
20857.31 20857.94
20858.17 20859.33
20859.89 20861.36
20859.89 20861.36
20859.39 20860.86
20859.39 20860.86
20856.12 20857.63
20856.12 20857.63
20855.92 20857.09
20858.43 20859.58
20858.43 20859.58
20857.88 20859.38
20857.88 20859.38
20858.17 20859.33
20858.42 20859.58
20858.42 20859.58
20859.14 20860.61
20859.41 20860.59
20859.41 20860.59
20857.88 20859.38
20858.14 20859.61
20858.14 20859.61
20858.65 20859.85
20857.63 20859.12
20857.63 20859.12
20857.37 20858.88
20856.91 20858.09
20856.91 20858.09
20856.92 20858.08
20856.89 20858.36
20856.89 20858.36
20857.39 20858.86
20857.13 20858.62
20857.13 20858.62
20858.18 20859.33
20856.92 20858.08
20856.92 20858.08
20856.42 20857.58
20855.67 20856.83
20855.67 20856.83
20855.38 20856.88
20854.91 20856.10
20854.91 20856.10
20855.68 20856.83
20855.42 20856.58
20855.42 20856.58
20855.13 20856.63
20855.13 20856.63
20854.89 20856.36
20853.63 20855.13
20853.63 20855.13
20850.39 20851.86
20851.42 20852.59
20851.42 20852.59
20851.67 20852.83
20851.16 20852.34
20851.16 20852.34
20851.17 20852.33
20851.14 20852.61
20851.14 20852.61
20850.64 20852.11
20850.41 20851.60
20850.41 20851.60
20847.88 20849.38
20847.88 20849.38
20849.42 20850.58
20849.64 20851.11
20849.64 20851.11
20852.43 20853.58
20848.63 20850.13
20848.63 20850.13
20849.66 20850.85
20850.42 20851.58
20850.42 20851.58
20850.67 20851.83
20850.67 20851.83
20849.89 20851.36
20849.90 20851.10
20849.90 20851.10
20849.91 20851.09
20845.93 20847.08
20845.93 20847.08
20848.14 20849.61
20844.12 20845.63
20844.12 20845.63
20846.88 20848.38
20848.43 20849.58
20848.43 20849.58
20852.15 20853.35
20852.15 20853.35
20850.88 20852.37
20851.37 20852.88
20851.37 20852.88
20850.67 20851.83
20849.64 20851.11
20849.64 20851.11
20850.14 20851.61
20848.42 20849.58
20848.42 20849.58
20849.88 20851.38
20846.64 20848.11
20846.64 20848.11
20847.15 20848.35
20848.66 20849.84
20848.66 20849.84
20851.64 20853.11
20850.16 20851.34
20850.16 20851.34
20849.17 20850.33
20848.67 20849.83
20848.67 20849.83
20849.92 20851.08
20849.92 20851.08
20849.92 20851.08
20848.16 20849.34
20848.67 20849.83
20848.67 20849.83
20848.62 20850.13
20847.39 20848.86
20847.39 20848.86
20848.91 20850.09
20849.31 20849.94
20849.31 20849.94
20848.37 20849.88
20848.41 20849.59
20848.41 20849.59
20848.16 20849.34
20847.42 20848.58
20847.42 20848.58
20848.90 20850.10
20849.41 20850.59
20849.41 20850.59
20852.41 20853.60
20852.41 20853.60
20850.93 20852.08
20849.68 20850.83
20849.68 20850.83
20845.88 20847.38
20845.88 20847.38
20846.14 20847.61
20846.40 20847.60
20846.40 20847.60
20844.91 20846.09
20847.12 20848.63
20847.12 20848.63
20847.12 20848.63
20847.37 20848.88
20847.37 20848.88
20847.17 20848.34
20847.17 20848.34
20847.12 20848.63
20846.63 20848.13
20846.63 20848.13
20844.38 20845.88
20839.16 20840.34
20839.16 20840.34
20839.14 20840.61
20837.18 20838.33
20837.18 20838.33
20837.43 20838.58
20836.17 20837.33
20836.17 20837.33
20835.16 20836.35
20834.39 20835.86
20834.39 20835.86
20835.41 20836.59
20833.66 20834.84
20833.66 20834.84
20833.16 20834.34
20832.05 20832.70
20832.05 20832.70
20830.64 20832.11
20830.64 20832.11
20830.64 20832.11
20833.17 20834.33
20833.42 20834.59
20833.42 20834.59
20832.17 20833.33
20833.06 20833.69
20833.06 20833.69
20832.65 20833.85
20832.65 20833.85
20832.16 20833.34
20833.92 20835.08
20833.92 20835.08
20836.42 20837.59
20836.67 20837.83
20836.67 20837.83
20834.88 20836.37
20838.18 20839.33
20838.18 20839.33
20836.17 20837.33
20836.41 20837.59
20836.41 20837.59
20836.67 20837.83
20835.42 20836.59
20835.42 20836.59
20835.92 20837.08
20836.67 20837.83
20836.67 20837.83
20837.92 20839.09
20839.18 20840.33
20839.18 20840.33
20838.17 20839.33
20836.66 20837.85
20836.66 20837.85
20838.67 20839.83
20837.92 20839.08
20837.92 20839.08
20837.18 20838.33
20837.17 20838.33
20837.17 20838.33
20836.17 20837.34
20835.14 20836.61
20835.14 20836.61
20834.14 20835.61
20836.14 20837.61
20836.14 20837.61
20838.38 20839.88
20841.92 20843.08
20841.92 20843.08
20840.93 20842.08
20839.65 20840.85
20839.65 20840.85
20839.92 20841.08
20841.39 20842.86
20841.39 20842.86
20842.92 20844.08
20843.12 20844.63
20843.12 20844.63
20843.38 20844.87
20844.67 20845.83
20844.67 20845.83
20845.17 20846.33
20845.17 20846.33
20847.89 20849.36
20851.15 20852.35
20851.15 20852.35
20852.87 20854.38
20851.39 20852.86
20851.39 20852.86
20850.67 20851.84
20853.17 20854.33
20853.17 20854.33
20852.65 20853.85
20853.91 20855.09
20853.91 20855.09
20853.31 20853.94
20853.37 20854.88
20853.37 20854.88
20848.38 20849.87
20846.17 20847.33
20846.17 20847.33
20846.65 20847.85
20847.17 20848.33
20847.17 20848.33
20849.18 20850.33
20848.37 20849.88
20848.37 20849.88
20848.65 20849.85
20848.65 20849.85
20848.37 20849.88
20849.42 20850.58
20849.42 20850.58
20847.89 20849.36
20847.89 20849.36
20846.89 20848.36
20847.16 20848.35
20847.16 20848.35
20847.67 20848.83
