21033.39 21034.86
21033.39 21034.86
21033.14 21034.86
21033.14 21034.86
21033.38 21034.88
21032.90 21034.60
21032.90 21034.60
21032.66 21034.35
21032.66 21034.35
21032.87 21034.38
21032.87 21034.38
21032.98 21034.78
21032.98 21034.78
21032.98 21034.78
21034.63 21036.13
21034.63 21036.13
21033.39 21035.11
21033.39 21035.11
21033.41 21035.09
21033.41 21035.09
21034.65 21036.35
21034.65 21036.35
21034.66 21036.34
21034.66 21036.34
21034.14 21035.86
21034.14 21035.86
21033.97 21035.78
21033.97 21035.78
21034.73 21036.53
21034.73 21036.53
21034.16 21035.35
21034.16 21035.34
21034.16 21035.34
21034.16 21035.34
21034.16 21035.34
21033.97 21035.78
21034.80 21035.45
21034.80 21035.45
21033.87 21035.38
21033.87 21035.38
21033.89 21035.36
21033.89 21035.36
21032.91 21034.59
21032.91 21034.59
21034.89 21036.36
21034.89 21036.36
21034.90 21036.61
21034.90 21036.61
21035.39 21036.86
21035.39 21036.86
21034.64 21036.11
21034.88 21036.37
21034.88 21036.37
21035.15 21036.86
21035.15 21036.86
21035.16 21036.84
21035.16 21036.84
21035.15 21036.85
21035.89 21037.36
21035.89 21037.36
21035.89 21037.36
21035.37 21036.88
21035.37 21036.88
21035.37 21036.88
21035.89 21037.36
21035.66 21037.35
21035.66 21037.35
21035.64 21037.36
21035.64 21037.36
21035.64 21037.36
21035.40 21037.11
21035.40 21037.11
21035.39 21036.86
21035.39 21036.86
21035.39 21036.86
21035.66 21036.84
21035.66 21036.84
21035.64 21037.11
21035.64 21037.11
21035.64 21037.11
21035.63 21037.12
21035.63 21037.12
21035.41 21037.09
21035.41 21037.09
21035.41 21037.09
21035.40 21037.10
21035.40 21037.10
21035.63 21037.13
21035.63 21037.13
21035.87 21037.38
21035.87 21037.38
21035.88 21037.38
21035.88 21037.38
21035.88 21037.38
21036.16 21037.85
21036.16 21037.85
21036.38 21037.87
21036.38 21037.87
21036.38 21037.87
21036.39 21037.86
21036.39 21037.86
21036.40 21038.10
21036.40 21038.10
21036.37 21037.88
21036.37 21037.88
21036.37 21037.88
21036.38 21037.87
21037.13 21038.63
21037.13 21038.63
21037.14 21038.61
21037.14 21038.61
21037.38 21038.87
21037.38 21038.87
21036.13 21037.62
21035.90 21037.61
21035.90 21037.61
21035.91 21037.60
21035.91 21037.60
21037.14 21038.61
21037.14 21038.61
21036.88 21038.38
21036.90 21038.61
21036.90 21038.61
21036.65 21038.35
21036.65 21038.35
21036.89 21038.61
21036.89 21038.61
21037.15 21038.86
21037.15 21038.86
21038.17 21039.33
21037.89 21039.61
21037.89 21039.61
21038.43 21039.58
21038.13 21039.62
21038.13 21039.62
21038.87 21040.38
21038.87 21040.38
21038.93 21040.08
21038.93 21040.08
21037.39 21038.86
21037.39 21038.86
21037.89 21039.61
21037.89 21039.61
21037.91 21039.59
21037.91 21039.59
21038.13 21039.62
21037.90 21039.60
21037.90 21039.60
21037.90 21039.60
21038.39 21039.86
21037.87 21039.38
21037.87 21039.38
21038.89 21040.36
21038.89 21040.36
21039.13 21040.62
21039.13 21040.62
21040.87 21042.38
21041.13 21042.63
21041.13 21042.63
21040.66 21042.34
21040.89 21042.36
21040.89 21042.36
21041.13 21042.62
21041.13 21042.62
21040.90 21042.60
21040.90 21042.60
21040.89 21042.61
21040.89 21042.61
21040.66 21042.35
21040.65 21042.36
21040.65 21042.36
21041.15 21042.85
21041.15 21042.85
21041.64 21043.11
21041.67 21042.83
21041.67 21042.83
21040.88 21042.37
21041.14 21042.61
21041.14 21042.61
21040.89 21042.36
21040.89 21042.36
21041.05 21041.70
21041.05 21041.70
21041.05 21041.70
21040.66 21042.34
21040.66 21042.34
21041.13 21042.62
21041.15 21042.85
21041.15 21042.85
21041.18 21042.33
21041.18 21042.33
21041.18 21042.33
21040.91 21042.60
21040.67 21041.83
21040.67 21041.83
21040.67 21041.83
21040.67 21041.83
21039.63 21041.12
21039.63 21041.12
21037.66 21039.35
21037.66 21039.34
21037.66 21039.34
21037.63 21039.13
21037.63 21039.13
21038.55 21039.20
21038.55 21039.20
21038.55 21039.20
21038.37 21039.88
21038.37 21039.88
21038.48 21040.28
21038.48 21040.28
21039.39 21041.11
21039.39 21041.11
21038.39 21039.86
21037.92 21039.09
21037.92 21039.09
21037.92 21039.09
21037.46 21039.29
21036.90 21038.61
21036.90 21038.61
21036.90 21038.61
21036.91 21038.09
21036.91 21038.09
21037.16 21038.34
21036.89 21038.36
21036.89 21038.36
21036.14 21037.86
21036.14 21037.86
21036.63 21038.12
21036.63 21038.12
21036.63 21038.13
21036.63 21038.13
21037.87 21039.38
21038.14 21039.61
21038.14 21039.61
21037.64 21039.11
21037.64 21039.11
21038.93 21040.08
21038.93 21040.08
21038.93 21040.08
21038.93 21040.08
21038.64 21040.11
21038.41 21040.09
21038.41 21040.09
21038.41 21040.09
21038.39 21039.86
21038.68 21039.83
21038.68 21039.83
21038.39 21039.86
21038.39 21039.86
21038.39 21039.86
21038.39 21039.86
21038.39 21039.86
21037.88 21039.37
21037.88 21039.37
21038.16 21039.35
21038.16 21039.35
21039.38 21040.88
21039.38 21040.88
21039.37 21040.88
21039.37 21040.88
21039.14 21040.61
21039.14 21040.61
21038.90 21040.61
21038.90 21040.61
21038.90 21040.61
21039.13 21040.62
21039.13 21040.62
21039.64 21041.11
21040.05 21040.70
21040.05 21040.70
21039.89 21041.61
21039.89 21041.61
21039.89 21041.61
21039.64 21041.36
21039.64 21041.36
21040.18 21041.33
21040.18 21041.33
21039.64 21041.36
21039.64 21041.36
21039.42 21040.58
21039.42 21040.58
21039.16 21040.84
21039.16 21040.84
21039.66 21040.84
21039.66 21040.84
21039.41 21041.09
21039.41 21041.09
21038.91 21040.59
21038.90 21040.60
21038.90 21040.60
21039.23 21041.03
21039.23 21041.03
21039.64 21041.36
21039.39 21040.86
21039.39 21040.86
21037.90 21039.61
21038.13 21039.62
21038.13 21039.62
21038.12 21039.63
21037.66 21039.34
21037.66 21039.34
21038.41 21039.59
21038.41 21039.59
21038.88 21040.37
21039.81 21040.44
21039.81 21040.44
21038.88 21040.37
21038.88 21040.37
21038.93 21040.08
21039.64 21041.36
21039.64 21041.36
21039.89 21041.36
21039.89 21041.36
21039.89 21041.36
21039.89 21041.36
21039.89 21041.36
21040.14 21041.61
21039.14 21040.61
21039.14 21040.61
21039.14 21040.61
21039.14 21040.86
21039.14 21040.86
21039.38 21040.87
21039.38 21040.87
21039.38 21040.87
21039.41 21040.59
21039.41 21040.59
21039.16 21040.85
21039.16 21040.85
21039.89 21041.36
21039.89 21041.36
21039.89 21041.36
21038.90 21040.60
21038.64 21040.11
21038.64 21040.11
21038.90 21040.60
21038.90 21040.60
21038.64 21040.36
21038.64 21040.36
21038.63 21040.12
21038.63 21040.12
21038.63 21040.12
21038.63 21040.12
21038.15 21039.86
21038.15 21039.86
21039.13 21040.63
21039.39 21040.86
21039.39 21040.86
21039.39 21040.86
21039.39 21040.86
21039.91 21041.60
21039.91 21041.60
21039.39 21041.11
21039.39 21041.11
21039.89 21041.36
21039.91 21041.59
21039.91 21041.59
21039.65 21041.35
21039.89 21041.61
21039.89 21041.61
21040.12 21041.63
21040.12 21041.63
21039.41 21041.10
21038.63 21040.13
21038.63 21040.13
21038.87 21040.38
21038.87 21040.38
21038.64 21040.36
21038.64 21040.36
21038.39 21039.86
21038.39 21039.86
21038.39 21039.86
21038.39 21039.86
21038.14 21039.86
21038.14 21039.86
21038.38 21039.87
21038.38 21039.87
21037.89 21039.36
21037.64 21039.11
21037.64 21039.11
21037.64 21039.11
21037.39 21039.11
21037.39 21039.11
21037.12 21038.63
21037.12 21038.63
21037.14 21038.61
21037.13 21038.63
21037.13 21038.63
21037.14 21038.61
21037.14 21038.61
21037.38 21038.88
21037.38 21038.88
21037.39 21038.86
21037.39 21038.86
21037.39 21038.86
21038.15 21039.85
21038.15 21039.85
21036.64 21038.11
21036.64 21038.11
21036.66 21038.34
21036.66 21038.34
21037.39 21038.86
21037.39 21038.86
21037.42 21038.58
21037.42 21038.58
21037.39 21038.86
21037.39 21038.86
21036.89 21038.36
21036.89 21038.36
21037.13 21038.62
21037.13 21038.62
21037.38 21038.87
21037.38 21038.87
21037.67 21038.83
21037.67 21038.83
21037.67 21038.83
21037.39 21038.86
21037.39 21038.86
21037.38 21038.88
21037.38 21038.88
21037.39 21038.86
21037.39 21038.86
21037.38 21038.88
21037.38 21038.88
21037.13 21038.62
21037.13 21038.62
21037.39 21038.86
21037.39 21038.86
21035.89 21037.61
21035.89 21037.61
21035.89 21037.36
21036.15 21037.85
21036.15 21037.85
21036.15 21037.85
21035.91 21037.59
21035.91 21037.59
21035.91 21037.59
21036.13 21037.62
21036.13 21037.62
21037.39 21039.11
21037.39 21039.11
21037.41 21038.59
21037.16 21038.84
21037.16 21038.84
21035.89 21037.61
21035.89 21037.61
21035.89 21037.61
21035.90 21037.60
21035.90 21037.60
21035.90 21037.60
21036.14 21037.61
21036.14 21037.61
21035.66 21037.35
21035.64 21037.11
21035.64 21037.11
21035.64 21037.11
21035.64 21037.11
21035.64 21037.11
21035.64 21037.11
21035.88 21037.37
21035.88 21037.37
21035.65 21037.35
21035.65 21037.35
21035.39 21036.86
21035.39 21036.86
21035.39 21036.86
21035.39 21036.86
21035.39 21036.86
21035.15 21036.85
21035.15 21036.85
21035.16 21036.84
21035.16 21036.84
21035.41 21036.60
21035.41 21036.60
21035.41 21036.60
21035.15 21036.86
21035.15 21036.86
21035.15 21036.86
21035.39 21036.86
21035.39 21036.86
21035.14 21036.86
21035.14 21036.86
21035.16 21036.34
21034.91 21036.59
21034.91 21036.59
21035.13 21036.63
21035.13 21036.63
21034.90 21036.60
21034.90 21036.60
21034.39 21035.86
21034.14 21035.61
21034.14 21035.61
21034.14 21035.61
21033.91 21035.59
21034.64 21036.11
21034.64 21036.11
21035.40 21037.11
21035.39 21036.86
21035.39 21036.86
21035.39 21036.86
21035.39 21036.86
21035.39 21036.86
21035.13 21036.62
21035.13 21036.62
21035.16 21036.85
21035.38 21036.87
21035.38 21036.87
21034.88 21036.38
21034.88 21036.38
21035.90 21037.60
21035.90 21037.60
21036.41 21038.09
21036.64 21038.11
21036.64 21038.11
21036.64 21038.11
21036.64 21038.11
21036.64 21038.11
21036.13 21037.62
21036.13 21037.62
21036.38 21037.87
21036.38 21037.87
21035.91 21037.60
21035.91 21037.60
21035.39 21037.11
21035.39 21037.11
21035.39 21037.11
21035.87 21037.38
21035.87 21037.38
21035.13 21036.63
21035.13 21036.63
21035.40 21037.10
21035.40 21037.10
21035.39 21036.86
21035.63 21037.12
21035.63 21037.12
21035.63 21037.12
21035.38 21036.88
21035.63 21037.12
21035.63 21037.12
21035.63 21037.12
21035.63 21037.12
21035.64 21037.36
21035.64 21037.36
21035.64 21037.36
21035.88 21037.38
21035.88 21037.38
21035.88 21037.38
21035.88 21037.38
21035.89 21037.61
21035.89 21037.61
21035.89 21037.61
21035.89 21037.61
21035.89 21037.61
21036.63 21038.13
21036.64 21038.11
21036.64 21038.11
21036.64 21038.11
21036.40 21038.11
21036.15 21037.85
21036.15 21037.85
21035.14 21036.61
21035.14 21036.61
21035.17 21036.33
21035.17 21036.33
21033.89 21035.36
21033.92 21035.09
21033.92 21035.09
21034.14 21035.61
21034.14 21035.61
21033.89 21035.61
21033.16 21034.84
21033.16 21034.84
21032.14 21033.86
21032.14 21033.86
21032.37 21033.88
21032.37 21033.88
21032.14 21033.61
21032.14 21033.61
21032.16 21033.84
21032.16 21033.84
21032.66 21034.34
21032.66 21034.34
21032.66 21034.34
21033.38 21034.88
21033.38 21034.88
21032.90 21034.61
21032.90 21034.61
21033.16 21034.85
21033.16 21034.85
21032.89 21034.61
21032.66 21033.84
21032.66 21033.84
21032.66 21034.34
21032.66 21034.34
21033.14 21034.61
21033.14 21034.61
21032.64 21034.36
21032.64 21034.36
21032.67 21033.83
21032.67 21033.83
21033.66 21035.34
21033.39 21035.11
21033.39 21035.11
21033.63 21035.13
21033.63 21035.13
21033.15 21034.86
21033.66 21035.34
21033.66 21035.34
21033.89 21035.36
21033.89 21035.36
21033.89 21035.36
21034.15 21035.85
21033.64 21035.11
21033.64 21035.11
21033.90 21035.61
21033.90 21035.61
21033.91 21035.59
21033.91 21035.59
21033.88 21035.37
21033.88 21035.37
21033.91 21035.60
21033.91 21035.60
21034.38 21035.88
21034.38 21035.88
