21014.62 21016.13
21014.62 21016.13
21014.63 21016.12
21014.63 21016.12
21014.64 21016.11
21014.40 21016.10
21014.40 21016.10
21014.14 21015.61
21014.14 21015.61
21014.14 21015.61
21014.39 21015.86
21013.88 21015.37
21013.88 21015.37
21014.14 21015.86
21014.14 21015.86
21013.90 21015.61
21013.89 21015.36
21013.89 21015.36
21014.17 21015.33
21014.17 21015.33
21013.63 21015.12
21013.67 21014.83
21013.67 21014.83
21013.66 21015.35
21013.65 21015.36
21013.65 21015.36
21013.65 21015.36
21013.65 21015.36
21013.64 21015.11
21014.63 21016.12
21014.63 21016.12
21014.16 21015.85
21014.16 21015.85
21014.40 21016.11
21013.62 21015.13
21013.62 21015.13
21013.66 21015.35
21013.62 21015.13
21013.62 21015.13
21014.14 21015.61
21014.14 21015.61
21014.64 21016.36
21015.15 21016.85
21015.15 21016.85
21014.88 21016.38
21016.39 21017.86
21016.39 21017.86
21015.37 21016.88
21015.37 21016.88
21011.90 21013.60
21010.41 21012.09
21010.41 21012.09
21012.14 21013.86
21011.87 21013.38
21011.87 21013.38
21011.88 21013.37
21011.88 21013.37
21011.90 21013.61
21011.90 21013.61
21011.89 21013.36
21011.89 21013.36
21011.17 21012.33
21010.40 21012.11
21010.40 21012.11
21010.87 21012.38
21010.87 21012.38
21010.41 21012.10
21010.41 21012.10
21010.67 21011.83
21010.67 21011.83
21008.64 21010.36
21008.64 21010.11
21008.64 21010.11
21008.81 21009.44
21008.42 21009.58
21008.42 21009.58
21008.42 21009.58
21008.17 21009.34
21008.12 21009.63
21009.39 21010.86
21009.39 21010.86
21009.39 21010.86
21009.88 21011.37
21011.39 21012.86
21011.39 21012.86
21010.14 21011.61
21010.14 21011.61
21009.63 21011.13
21009.63 21011.13
21009.13 21010.62
21009.38 21010.87
21009.38 21010.87
21009.13 21010.62
21009.13 21010.62
21009.13 21010.62
21009.16 21010.85
21009.16 21010.85
21008.89 21010.36
21008.89 21010.36
21008.89 21010.36
21009.17 21010.33
21009.17 21010.33
21008.87 21010.38
21008.87 21010.38
21008.16 21009.85
21008.39 21009.86
21008.39 21009.86
21010.38 21011.87
21010.91 21012.60
21010.91 21012.60
21010.91 21012.60
21010.40 21012.11
21010.15 21011.86
21010.15 21011.86
21010.39 21012.11
21010.12 21011.63
21010.12 21011.63
21009.92 21011.08
21009.92 21011.08
21009.66 21010.84
21009.66 21010.84
21009.67 21010.83
21009.67 21010.83
21010.64 21012.11
21010.64 21012.11
21010.40 21012.11
21009.63 21011.13
21009.63 21011.13
21009.41 21011.09
21009.41 21011.09
21009.39 21010.86
21010.63 21012.13
21010.63 21012.13
21010.40 21012.11
21009.12 21010.63
21009.12 21010.63
21008.92 21010.08
21008.92 21010.08
21008.92 21010.09
21008.92 21010.09
21007.67 21008.83
21007.63 21009.12
21007.63 21009.12
21007.87 21009.38
21007.87 21009.38
21007.16 21008.34
21007.16 21008.34
21007.15 21008.85
21007.15 21008.85
21007.39 21008.86
21007.38 21008.87
21007.38 21008.87
21008.88 21010.38
21008.88 21010.38
21008.40 21010.11
21008.40 21010.11
21008.38 21009.88
21008.38 21009.88
21008.17 21009.34
21008.17 21009.34
21008.39 21009.86
21008.39 21009.86
21009.17 21010.33
21008.88 21010.38
21008.88 21010.38
21008.41 21010.10
21008.41 21010.10
21008.41 21010.10
21008.42 21009.58
21008.42 21009.58
21008.13 21009.62
21008.13 21009.62
21008.88 21010.37
21008.88 21010.37
21009.13 21010.62
21009.13 21010.62
21009.39 21010.86
21009.15 21010.86
21009.15 21010.86
21009.15 21010.86
21009.40 21011.11
21009.40 21011.11
21009.40 21011.11
21009.63 21011.12
21010.14 21011.86
21010.14 21011.86
21009.89 21011.61
21009.89 21011.61
21009.38 21010.88
21009.38 21010.88
21008.64 21010.11
21008.64 21010.11
21008.63 21010.13
21008.67 21009.83
21008.89 21010.36
21008.89 21010.36
21008.14 21009.61
21008.14 21009.61
21008.63 21010.13
21008.63 21010.13
21008.62 21010.13
21008.62 21010.13
21000.64 21002.11
21001.90 21003.61
21001.90 21003.61
21001.90 21003.60
21001.90 21003.60
21000.22 21002.03
20999.39 21000.86
20999.39 21000.86
20999.15 21000.86
21000.67 21001.83
21000.67 21001.83
21001.13 21002.62
21001.39 21002.86
21001.39 21002.86
21001.17 21002.33
21001.17 21002.33
21000.67 21001.84
21000.67 21001.84
20999.66 21001.35
20999.66 21001.35
21000.73 21002.53
21001.64 21003.11
21001.64 21003.11
21002.13 21003.62
21002.13 21003.62
21003.67 21004.83
21002.15 21003.85
21002.15 21003.85
21001.41 21003.10
21002.14 21003.61
21002.14 21003.61
21001.80 21002.45
21001.65 21003.36
21001.65 21003.36
21001.88 21003.38
21001.88 21003.38
21001.88 21003.38
21002.14 21003.86
21003.91 21005.60
21003.91 21005.60
21003.88 21005.37
21003.88 21005.37
21003.90 21005.61
21003.90 21005.61
21003.63 21005.12
21003.63 21005.12
21003.64 21005.11
21003.64 21005.11
21003.64 21005.11
21003.38 21004.88
20999.66 21001.34
20999.66 21001.34
21001.14 21002.61
21001.14 21002.61
21000.15 21001.86
21002.16 21003.34
21002.16 21003.34
21001.39 21002.86
21002.66 21004.35
21002.66 21004.35
21003.89 21005.36
21002.87 21004.38
21002.87 21004.38
21002.91 21004.59
21002.91 21004.59
21003.14 21004.61
21003.42 21004.58
21003.42 21004.58
21003.14 21004.61
21002.39 21003.86
21002.39 21003.86
21001.88 21003.38
21001.68 21002.83
21001.68 21002.83
21002.63 21004.12
21002.63 21004.12
21001.89 21003.36
21002.40 21003.60
21002.40 21003.60
21002.63 21004.13
21003.38 21004.87
21003.38 21004.87
21002.89 21004.61
21002.40 21004.10
21002.40 21004.10
21002.67 21003.83
21002.67 21003.83
21003.41 21004.59
21003.41 21004.59
21002.64 21004.11
21002.93 21004.08
21002.93 21004.08
21002.65 21003.85
21002.63 21004.12
21002.63 21004.12
21001.66 21002.84
21001.65 21003.36
21001.65 21003.36
21001.89 21003.36
21001.89 21003.36
21001.89 21003.36
21002.42 21003.58
21002.42 21003.58
21002.14 21003.61
21002.88 21004.38
21002.88 21004.38
21002.88 21004.38
21002.62 21004.13
21002.62 21004.13
21003.92 21005.09
21003.92 21005.09
21003.92 21005.09
21003.89 21005.61
21003.14 21004.61
21003.14 21004.61
21004.13 21005.62
21004.13 21005.62
21002.88 21004.38
21002.88 21004.38
21003.13 21004.62
21003.13 21004.62
21003.13 21004.62
21003.41 21004.59
21003.41 21004.59
21003.64 21005.11
21003.13 21004.62
21003.13 21004.62
21002.90 21004.60
21003.15 21004.85
21003.15 21004.85
21003.14 21004.61
21003.14 21004.61
21003.14 21004.61
21002.38 21003.88
20998.14 20999.61
20998.14 20999.61
20997.91 20999.60
20997.91 20999.09
20997.91 20999.09
20997.88 20999.37
21000.13 21001.63
21000.13 21001.63
21000.90 21002.60
20998.90 21000.61
20998.90 21000.61
20997.90 20999.61
20997.90 20999.61
20996.88 20998.37
20996.88 20998.37
20998.16 20999.85
20997.87 20999.38
20997.87 20999.38
20999.39 21000.86
20999.39 21000.86
21000.65 21002.36
21000.65 21002.36
21000.89 21002.61
21000.89 21002.61
21000.66 21002.35
21000.66 21002.35
21000.64 21002.11
21000.64 21002.11
20999.17 21000.33
20999.15 21000.85
20999.15 21000.85
20999.64 21001.11
20999.64 21001.11
20999.39 21000.86
20999.39 21000.86
20999.38 21000.87
20998.39 20999.86
20998.39 20999.86
20998.37 20999.88
20998.15 20999.86
20998.15 20999.86
20998.41 21000.09
20998.41 21000.09
20998.14 20999.61
20998.14 20999.61
20998.14 20999.61
20998.31 20998.94
20995.15 20996.86
20995.15 20996.86
20994.88 20996.38
20994.47 20996.28
20994.47 20996.28
20993.89 20995.61
20994.38 20995.87
20994.38 20995.87
20996.38 20997.88
20996.38 20997.88
20997.89 20999.36
20998.15 20999.86
20998.15 20999.86
20996.92 20998.08
20996.92 20998.08
20997.88 20999.37
20997.42 20998.58
20997.42 20998.58
20997.16 20998.34
20997.16 20998.34
20995.92 20997.09
20996.16 20997.85
20996.16 20997.85
20996.14 20997.61
20996.14 20997.61
20996.40 20998.11
20995.88 20997.38
20995.88 20997.38
20995.89 20997.61
20996.89 20998.36
20996.89 20998.36
20996.41 20998.10
20996.41 20998.10
20996.13 20997.63
20996.13 20997.63
20995.87 20997.38
20996.89 20998.36
20996.89 20998.36
20996.16 20997.85
20996.42 20997.58
20996.42 20997.58
20996.42 20997.58
20996.39 20997.86
20997.62 20999.13
20997.62 20999.13
20998.89 21000.36
20998.89 21000.36
20998.16 20999.85
20998.63 21000.12
20998.63 21000.12
20998.16 20999.85
20998.16 20999.85
20998.42 20999.58
20998.42 20999.58
20999.39 21000.86
20999.39 21000.86
20999.12 21000.63
20999.92 21001.08
20999.92 21001.08
21000.92 21002.08
21000.92 21002.08
21000.88 21002.38
21000.89 21002.36
21000.89 21002.36
21000.63 21002.13
21000.63 21002.13
20999.97 21001.78
20998.63 21000.12
20998.63 21000.12
20998.67 20999.84
20998.67 20999.84
20997.89 20999.61
20998.40 21000.10
20998.40 21000.10
20999.15 21000.86
20999.63 21001.12
20999.63 21001.12
20999.92 21001.08
21000.42 21001.58
21000.42 21001.58
20999.41 21001.09
20999.41 21001.09
20999.37 21000.88
20999.64 21001.11
20999.64 21001.11
20999.89 21001.61
20999.89 21001.61
21000.16 21001.85
21000.65 21002.35
21000.65 21002.35
21000.40 21002.11
21000.40 21002.11
21000.41 21002.10
21004.40 21006.11
21004.40 21006.11
21004.38 21005.87
21004.38 21005.87
21004.16 21005.34
21004.16 21005.34
21004.97 21006.78
21005.40 21007.10
21005.40 21007.10
21005.14 21006.61
21004.92 21006.08
21004.92 21006.08
21004.37 21005.88
21003.89 21005.36
21003.89 21005.36
21003.89 21005.36
21003.38 21004.88
21003.38 21004.88
21002.62 21004.13
21002.62 21004.13
21002.64 21004.11
21003.88 21005.38
21003.88 21005.38
21003.90 21005.61
21003.90 21005.61
21004.31 21004.94
21004.80 21005.45
21004.80 21005.45
21003.90 21005.60
21003.90 21005.60
21004.41 21005.59
21004.41 21005.59
21004.15 21005.86
21004.37 21005.88
21004.37 21005.88
21004.37 21005.88
21003.89 21005.36
21004.88 21006.37
21004.88 21006.37
21005.39 21007.11
21006.17 21007.33
21006.17 21007.33
21006.16 21007.34
21006.16 21007.34
21006.31 21006.94
21006.31 21006.94
21006.67 21007.84
21007.66 21008.84
21007.66 21008.84
21007.37 21008.88
21007.63 21009.12
21007.63 21009.12
21007.62 21009.13
21007.62 21009.13
21008.89 21010.36
21009.41 21011.10
21009.41 21011.10
21009.13 21010.62
21007.89 21009.36
21007.89 21009.36
21008.62 21010.13
21008.62 21010.13
21008.92 21010.08
21008.92 21010.08
21008.88 21010.37
21008.88 21010.37
21010.88 21012.37
21010.15 21011.86
21010.15 21011.86
21010.15 21011.85
21010.15 21011.85
21010.23 21012.03
21010.23 21012.03
21009.65 21011.35
21007.66 21009.35
21007.66 21009.35
21007.66 21009.35
21007.40 21009.11
21007.40 21009.11
21006.66 21008.35
21006.66 21008.35
21006.42 21007.58
21006.42 21007.58
21003.89 21005.61
21002.89 21004.61
21002.89 21004.61
21003.37 21004.88
21004.88 21006.37
21004.88 21006.37
21004.88 21006.37
21004.63 21006.12
21004.63 21006.12
21004.87 21006.38
21004.91 21006.09
21004.91 21006.09
21004.64 21006.11
21004.64 21006.11
21002.89 21004.36
21002.67 21003.84
21002.67 21003.84
21001.39 21003.11
21003.88 21005.37
21003.88 21005.37
21003.40 21005.10
21003.65 21005.36
21003.65 21005.36
21002.13 21003.63
21002.13 21003.62
21002.13 21003.62
21002.13 21003.62
21002.13 21003.62
21002.89 21004.36
21001.16 21002.85
21001.16 21002.85
21001.66 21003.35
21001.66 21003.35
21001.14 21002.61
21001.14 21002.61
20999.88 21001.37
20999.88 21001.37
21000.62 21002.13
21000.62 21002.13
21000.41 21001.59
21000.63 21002.12
21000.63 21002.12
21000.91 21002.60
21001.40 21003.10
21001.42 21002.58
21001.42 21002.58
21001.17 21002.34
21001.17 21002.34
21001.91 21003.60
21000.90 21002.61
21000.90 21002.61
21000.41 21002.10
21000.41 21002.10
21000.16 21001.85
21000.90 21002.61
21000.90 21002.61
21000.65 21002.36
21000.65 21002.36
21000.91 21002.59
21001.15 21002.86
21001.15 21002.86
21001.21 21003.04
21001.21 21003.04
21001.16 21002.85
