20814.03 20815.97
20814.03 20815.97
20815.66 20817.35
20815.66 20817.35
20816.88 20818.38
20816.88 20818.38
20815.47 20817.28
20814.28 20816.22
20814.28 20816.22
20813.83 20815.92
20813.83 20815.92
20814.91 20816.59
20814.91 20816.59
20814.13 20816.37
20815.03 20816.97
20815.03 20816.97
20814.03 20815.97
20814.03 20815.97
20813.71 20815.54
20813.83 20815.92
20813.83 20815.92
20814.03 20815.98
20814.03 20815.98
20813.90 20815.60
20814.23 20816.03
20814.23 20816.03
20814.23 20816.03
20813.21 20815.04
20812.78 20814.73
20812.78 20814.73
20812.22 20814.03
20812.63 20814.12
20812.63 20814.12
20813.23 20815.03
20807.21 20809.04
20807.21 20809.04
20805.58 20807.67
20806.40 20808.10
20806.40 20808.10
20805.28 20807.22
20806.03 20807.98
20806.03 20807.98
20807.03 20808.97
20807.58 20809.67
20807.58 20809.67
20807.78 20809.73
20807.78 20809.73
20808.28 20810.22
20808.08 20810.17
20808.08 20810.17
20806.73 20808.53
20805.16 20806.85
20805.16 20806.85
20806.58 20808.67
20806.58 20808.67
20808.89 20810.61
20808.90 20810.60
20808.90 20810.60
20809.03 20810.98
20809.03 20810.98
20808.91 20810.60
20807.33 20809.42
20807.33 20809.42
20807.72 20809.53
20807.72 20809.53
20807.90 20809.61
20808.97 20810.78
20808.97 20810.78
20808.78 20810.72
20808.78 20810.72
20808.58 20810.67
20808.46 20810.29
20808.46 20810.29
20808.53 20810.48
20810.48 20812.28
20810.48 20812.28
20811.03 20812.98
20812.63 20814.87
20812.63 20814.87
20813.33 20815.42
20813.66 20815.35
20813.66 20815.35
20813.53 20815.48
20813.53 20815.48
20813.88 20816.12
20815.37 20816.88
20815.37 20816.88
20813.41 20815.10
20813.41 20815.10
20813.14 20814.86
20813.14 20814.86
20813.22 20815.03
20813.22 20815.03
20815.53 20817.47
20806.78 20808.72
20806.78 20808.72
20805.03 20806.97
20806.90 20808.60
20806.90 20808.60
20807.65 20809.35
20807.65 20809.35
20807.65 20809.35
20805.89 20807.36
20806.38 20807.87
20806.38 20807.87
20803.48 20805.28
20803.08 20805.17
20803.08 20805.17
20805.78 20807.72
20805.78 20807.72
20805.78 20807.72
20806.23 20808.03
20806.23 20808.03
20806.67 20807.83
20806.67 20807.83
20806.96 20808.79
20806.96 20808.79
20808.23 20810.03
20808.08 20810.17
20808.08 20810.17
20808.08 20810.17
20808.22 20810.03
20808.22 20810.03
20809.23 20811.03
20809.03 20810.97
20809.03 20810.97
20807.73 20809.53
20806.28 20808.22
20806.28 20808.22
20807.71 20809.54
20807.53 20809.48
20807.53 20809.48
20807.53 20809.48
20808.08 20810.17
20808.08 20810.17
20808.78 20810.73
20808.78 20810.73
20807.96 20809.79
20807.71 20809.54
20807.71 20809.54
20807.71 20809.54
20808.53 20810.48
20807.48 20809.28
20807.48 20809.28
20807.40 20808.60
20805.73 20807.53
20805.73 20807.53
20806.78 20808.72
20806.78 20808.72
20806.03 20807.97
20806.03 20807.97
20806.03 20807.97
20806.28 20808.22
20806.28 20808.22
20806.63 20808.87
20808.53 20810.48
20808.53 20810.48
20808.33 20810.42
20808.33 20810.42
20808.53 20810.47
20808.53 20810.47
20808.03 20809.98
20808.03 20809.98
20808.03 20809.98
20808.03 20809.97
20808.03 20809.97
20807.83 20809.92
20807.83 20809.92
20807.58 20809.67
20807.58 20809.67
20808.03 20809.98
20808.03 20809.98
20808.03 20809.98
20808.03 20809.98
20808.28 20810.23
20809.46 20811.29
20809.46 20811.29
20809.46 20811.29
20808.03 20809.98
20808.03 20809.98
20808.47 20810.28
20808.48 20810.28
20808.48 20810.28
20809.08 20811.17
20809.08 20811.17
20807.53 20809.48
20809.53 20811.47
20809.53 20811.47
20809.53 20811.47
20806.58 20808.67
20806.58 20808.67
20807.73 20809.53
20807.73 20809.53
20806.71 20808.54
20806.71 20808.54
20806.78 20808.72
20807.78 20809.73
20807.78 20809.73
20808.73 20810.53
20808.91 20810.60
20808.91 20810.60
20807.22 20809.03
20807.22 20809.03
20807.83 20809.92
20807.83 20809.92
20807.83 20809.92
20807.83 20809.92
20808.53 20810.47
20808.53 20810.47
20805.16 20806.85
20802.53 20804.47
20802.53 20804.47
20802.28 20804.23
20802.28 20804.23
20802.21 20804.04
20803.03 20804.97
20803.03 20804.97
20802.03 20803.97
20802.03 20803.97
20801.65 20803.35
20800.53 20802.48
20800.53 20802.48
20801.48 20803.28
20801.48 20803.28
20800.47 20802.28
20800.47 20802.28
20801.28 20803.22
20800.48 20802.28
20800.48 20802.28
20798.23 20800.03
20797.83 20799.92
20797.83 20799.92
20797.28 20799.23
20798.08 20800.17
20798.08 20800.17
20798.08 20800.17
20799.48 20801.28
20799.48 20801.28
20799.48 20801.28
20801.53 20803.47
20801.53 20803.47
20801.03 20802.98
20802.23 20804.03
20802.23 20804.03
20803.03 20804.98
20801.28 20803.23
20801.28 20803.23
20800.71 20802.54
20800.71 20802.54
20802.72 20804.53
20802.71 20804.54
20802.71 20804.54
20801.90 20803.61
20808.03 20809.97
20808.03 20809.97
20805.83 20807.92
20804.15 20805.85
20804.15 20805.85
20804.73 20806.53
20803.28 20805.23
20803.28 20805.23
20793.78 20795.72
20793.03 20794.97
20793.03 20794.97
20792.03 20793.97
20793.64 20795.36
20793.64 20795.36
20795.78 20797.72
20795.78 20797.72
20792.23 20794.03
20789.83 20791.92
20789.83 20791.92
20791.08 20793.17
20788.78 20790.73
20788.78 20790.73
20789.28 20791.23
20789.28 20791.23
20790.63 20792.87
20789.73 20791.53
20789.73 20791.53
20789.28 20791.23
20789.16 20790.85
20789.16 20790.85
20788.98 20790.78
20788.83 20790.92
20788.83 20790.92
20787.91 20789.60
20787.91 20789.60
20787.21 20789.04
20784.97 20786.78
20784.97 20786.78
20794.33 20796.42
20792.83 20794.92
20792.83 20794.92
20791.48 20793.28
20791.48 20793.28
20788.65 20790.35
20787.73 20789.53
20787.73 20789.53
20787.47 20789.28
20787.47 20789.28
20787.23 20789.03
20786.48 20788.28
20786.48 20788.28
20787.67 20788.84
20787.67 20788.84
20786.83 20788.92
20784.28 20786.23
20784.28 20786.23
20785.28 20787.23
20785.28 20787.23
20786.18 20787.33
20783.98 20785.78
20783.98 20785.78
20780.47 20782.28
20780.53 20782.47
20780.53 20782.47
20781.78 20783.72
20784.08 20786.17
20781.28 20783.23
20781.28 20783.23
20781.98 20783.78
20781.98 20783.78
20780.03 20781.98
20780.03 20781.98
20781.78 20783.73
20781.78 20783.73
20781.78 20783.73
20782.13 20784.37
20784.53 20786.47
20784.53 20786.47
20785.91 20787.59
20785.91 20787.59
20786.33 20788.42
20786.33 20788.42
20785.78 20787.72
20786.21 20788.04
20786.21 20788.04
20791.23 20793.03
20788.23 20790.03
20788.23 20790.03
20785.48 20787.28
20785.48 20787.28
20786.03 20787.98
20785.23 20787.03
20785.23 20787.03
20784.65 20786.35
20783.66 20785.34
20783.66 20785.34
20785.97 20787.78
20785.97 20787.78
20787.98 20789.78
20786.71 20788.54
20786.71 20788.54
20787.83 20789.92
20789.66 20791.35
20789.66 20791.35
20787.78 20789.72
20787.78 20789.72
20786.78 20788.73
20785.91 20787.59
20785.91 20787.59
20785.23 20787.03
20785.23 20787.03
20784.78 20786.73
20784.78 20786.73
20781.83 20783.92
20781.83 20783.92
20781.08 20783.17
20782.21 20784.04
20782.21 20784.04
20783.28 20785.22
20780.71 20782.54
20780.71 20782.54
20779.16 20780.85
20779.16 20780.85
20781.28 20783.23
20781.47 20783.28
20781.47 20783.28
20778.98 20780.78
20781.65 20783.36
20781.65 20783.36
20781.65 20783.36
20781.28 20783.22
20781.03 20782.97
20781.03 20782.97
20781.71 20783.54
20781.71 20783.54
20780.33 20782.42
20782.23 20784.03
20782.23 20784.03
20781.28 20783.22
20780.33 20782.42
20780.33 20782.42
20780.48 20782.28
20781.03 20782.97
20781.03 20782.97
20781.40 20783.10
20781.40 20783.10
20780.80 20781.45
20776.65 20778.36
20776.65 20778.36
20776.88 20778.37
20775.39 20777.11
20775.39 20777.11
20773.90 20775.60
20770.03 20771.97
20770.03 20771.97
20771.47 20773.28
20771.47 20773.28
20771.47 20773.28
20768.96 20770.79
20771.58 20773.67
20771.58 20773.67
20769.98 20771.78
20770.81 20771.44
20770.81 20771.44
20770.23 20772.03
20768.62 20770.13
20768.62 20770.13
20767.40 20769.11
20767.40 20769.11
20763.71 20765.54
20763.71 20765.54
20763.21 20765.04
20763.21 20765.04
20763.21 20765.04
20763.03 20764.97
20764.98 20766.78
20764.98 20766.78
20769.08 20771.17
20770.16 20771.84
20770.16 20771.84
20766.21 20768.04
20765.47 20767.28
20765.47 20767.28
20765.47 20767.28
20764.65 20766.35
20764.15 20765.85
20764.15 20765.85
20762.83 20764.92
20762.83 20764.92
20761.66 20763.34
20761.93 20763.08
20761.93 20763.08
20763.28 20765.22
20763.48 20765.28
20761.28 20763.23
20761.28 20763.23
20759.72 20761.53
20759.72 20761.53
20759.21 20761.04
20759.21 20761.04
20758.53 20760.47
20757.28 20759.22
20756.16 20757.84
20756.16 20757.84
20755.53 20757.48
20755.53 20757.48
20755.71 20757.54
20754.91 20756.60
20754.91 20756.60
20751.23 20753.03
20751.23 20753.03
20751.23 20753.03
20750.78 20752.73
20750.03 20751.98
20750.03 20751.98
20747.14 20748.61
20747.14 20748.61
20747.14 20748.61
20746.91 20748.59
20746.72 20748.53
20746.72 20748.53
20746.90 20748.61
20746.90 20748.61
20746.88 20748.38
20749.98 20751.78
20749.98 20751.78
20753.03 20754.97
20753.28 20755.22
20753.28 20755.22
20751.66 20753.34
20750.28 20752.23
20750.28 20752.23
20749.81 20750.44
20745.47 20747.28
20745.47 20747.28
20745.53 20747.48
20745.53 20747.48
20745.28 20747.23
20743.91 20745.59
20743.91 20745.59
20743.89 20745.36
20744.97 20746.78
20744.97 20746.78
20745.72 20747.53
20744.65 20746.35
20744.65 20746.35
20742.16 20743.85
20742.16 20743.85
20740.98 20742.78
20738.78 20740.72
20738.78 20740.72
20738.78 20740.72
20737.98 20739.78
20737.90 20739.60
20737.90 20739.60
20737.72 20739.53
20737.72 20739.53
20736.08 20738.17
20736.08 20738.17
20735.83 20737.92
20735.71 20737.54
20734.15 20735.85
20734.15 20735.85
20734.12 20735.63
20734.16 20735.84
20734.16 20735.84
20728.22 20730.03
20725.23 20727.03
20725.23 20727.03
20724.47 20726.28
20721.28 20723.22
20721.28 20723.22
20720.63 20722.87
20721.15 20722.85
20721.15 20722.85
20720.40 20722.11
20720.40 20722.11
20722.53 20724.48
20719.48 20721.28
20719.48 20721.28
20721.97 20723.78
20721.97 20723.78
20724.48 20726.28
20724.78 20726.73
20724.78 20726.73
20727.53 20729.47
20726.83 20728.92
20726.83 20728.92
20730.97 20732.78
20731.72 20733.53
20731.72 20733.53
20730.58 20732.67
20731.78 20733.73
20731.78 20733.73
20731.58 20733.67
20733.64 20735.11
20733.64 20735.11
20732.96 20734.79
20732.78 20734.72
20732.78 20734.72
20733.22 20735.03
20737.33 20739.42
20737.33 20739.42
20738.68 20739.83
20739.33 20741.42
20739.33 20741.42
20738.78 20740.72
20738.78 20740.72
20737.21 20739.04
20737.41 20739.09
20737.41 20739.09
20737.63 20739.12
20736.53 20738.48
20736.53 20738.48
20737.08 20739.17
20737.08 20739.17
20733.21 20735.04
20733.21 20735.04
20733.47 20735.28
20731.33 20733.42
20731.33 20733.42
20730.15 20731.85
20730.15 20731.85
20727.03 20728.98
20731.38 20732.87
20731.38 20732.87
20729.98 20731.78
20729.98 20731.78
20730.03 20731.97
20730.03 20731.97
20729.78 20731.72
20732.98 20734.78
20732.98 20734.78
20735.33 20737.42
20736.97 20738.78
20736.97 20738.78
20737.22 20739.03
20737.28 20739.22
20737.28 20739.22
20740.28 20742.22
20740.66 20742.35
20740.66 20742.35
20741.03 20742.97
20738.96 20740.79
20738.96 20740.79
20737.28 20739.23
20737.28 20739.23
20737.65 20739.35
20738.48 20740.28
20738.48 20740.28
20736.08 20738.17
20737.03 20738.97
20737.03 20738.97
20737.08 20739.17
20739.66 20741.34
20739.66 20741.34
20738.28 20740.23
20735.97 20737.78
20735.97 20737.78
20735.78 20737.73
20735.78 20737.73
20735.22 20737.03
20734.98 20736.78
20734.98 20736.78
20735.83 20737.92
20735.83 20737.92
20740.22 20742.03
20738.33 20740.42
20738.33 20740.42
20737.98 20739.78
