20909.63 20911.12
20909.63 20911.12
20909.66 20910.84
20909.66 20910.84
20908.42 20909.59
20908.17 20909.33
20908.17 20909.33
20906.87 20908.38
20908.64 20910.11
20908.64 20910.11
20908.16 20909.34
20907.88 20909.38
20907.88 20909.38
20906.64 20908.11
20904.91 20906.09
20904.91 20906.09
20904.92 20906.08
20904.92 20906.08
20905.91 20907.09
20906.92 20908.08
20906.92 20908.08
20906.66 20907.84
20906.17 20907.33
20906.17 20907.33
20904.17 20905.33
20904.15 20905.35
20904.15 20905.35
20903.88 20905.37
20902.31 20902.94
20902.31 20902.94
20902.12 20903.63
20903.13 20904.62
20903.13 20904.62
20903.13 20904.63
20903.39 20904.86
20903.39 20904.86
20905.15 20906.35
20905.15 20906.35
20905.30 20905.95
20905.92 20907.08
20905.92 20907.08
20908.93 20910.08
20908.88 20910.38
20908.88 20910.38
20905.67 20906.83
20904.66 20905.84
20904.66 20905.84
20903.68 20904.83
20903.17 20904.33
20903.17 20904.33
20902.88 20904.37
20903.62 20905.13
20903.62 20905.13
20902.88 20904.38
20904.40 20905.60
20904.40 20905.60
20905.63 20907.12
20906.14 20907.61
20906.14 20907.61
20904.39 20905.86
20904.39 20905.86
20905.38 20906.88
20906.38 20907.87
20906.38 20907.87
20905.12 20906.63
20903.40 20904.60
20903.40 20904.60
20902.17 20903.33
20902.17 20903.33
20905.91 20907.10
20900.89 20902.36
20900.89 20902.36
20901.40 20902.60
20902.37 20903.88
20902.37 20903.88
20904.16 20905.34
20903.42 20904.58
20903.42 20904.58
20903.92 20905.08
20904.92 20906.08
20904.92 20906.08
20904.65 20906.35
20905.92 20907.08
20905.92 20907.08
20905.91 20907.09
20904.67 20905.83
20904.67 20905.83
20901.63 20903.12
20898.67 20899.83
20898.67 20899.83
20889.87 20891.38
20887.56 20888.20
20887.56 20888.20
20886.14 20887.61
20886.14 20887.61
20886.18 20887.33
20885.68 20886.83
20885.68 20886.83
20886.41 20887.59
20886.17 20887.34
20886.17 20887.34
20887.13 20888.62
20885.64 20887.11
20885.64 20887.11
20885.66 20886.84
20885.17 20886.33
20885.17 20886.33
20884.40 20885.60
20886.42 20887.58
20886.42 20887.58
20887.15 20888.35
20887.67 20888.83
20887.67 20888.83
20887.91 20889.10
20887.91 20889.10
20887.62 20889.13
20888.16 20889.34
20888.67 20889.83
20888.67 20889.83
20889.91 20891.09
20890.90 20892.10
20890.90 20892.10
20890.67 20891.83
20890.67 20891.83
20888.16 20889.34
20888.63 20890.13
20888.63 20890.13
20889.18 20890.33
20889.13 20890.62
20889.13 20890.62
20888.93 20890.08
20883.15 20884.35
20883.15 20884.35
20884.63 20886.12
20887.42 20888.59
20887.42 20888.59
20888.16 20889.34
20886.63 20888.12
20886.63 20888.12
20887.14 20888.61
20886.38 20887.87
20886.38 20887.87
20888.90 20890.10
20889.90 20891.10
20889.90 20891.10
20889.17 20890.33
20887.91 20889.10
20887.91 20889.10
20889.16 20890.34
20889.16 20890.34
20890.66 20891.85
20890.66 20891.85
20890.90 20892.10
20891.62 20893.13
20891.62 20893.13
20891.67 20892.83
20893.65 20894.85
20893.65 20894.85
20893.17 20894.33
20894.66 20895.84
20894.66 20895.84
20894.62 20896.13
20894.63 20896.13
20894.63 20896.13
20893.91 20895.09
20890.92 20892.08
20887.13 20888.62
20887.13 20888.62
20887.42 20888.58
20887.42 20888.58
20888.87 20890.38
20888.16 20889.34
20888.16 20889.34
20889.37 20890.88
20889.67 20890.83
20889.67 20890.83
20889.38 20890.87
20890.14 20891.61
20890.14 20891.61
20890.13 20891.62
20889.39 20890.86
20889.39 20890.86
20887.89 20889.36
20887.91 20889.10
20887.91 20889.10
20887.12 20888.63
20888.89 20890.36
20888.89 20890.36
20889.16 20890.34
20889.64 20891.11
20889.64 20891.11
20892.13 20893.62
20889.39 20890.86
20889.39 20890.86
20892.67 20893.83
20893.65 20894.85
20893.65 20894.85
20890.67 20891.83
20889.65 20890.85
20889.65 20890.85
20891.37 20892.88
20892.15 20893.35
20892.15 20893.35
20893.42 20894.59
20893.89 20895.36
20893.89 20895.36
20897.12 20898.63
20895.88 20897.38
20895.88 20897.38
20894.88 20896.38
20894.88 20896.38
20895.63 20897.12
20896.13 20897.63
20896.13 20897.63
20895.88 20897.37
20895.63 20897.12
20895.63 20897.12
20897.89 20899.36
20896.17 20897.33
20896.17 20897.33
20898.41 20899.60
20897.88 20899.37
20897.88 20899.37
20897.40 20898.60
20897.40 20898.60
20897.39 20898.86
20898.90 20900.10
20898.90 20900.10
20894.42 20895.58
20894.42 20895.58
20890.65 20891.85
20892.64 20894.11
20892.64 20894.11
20894.40 20895.60
20891.38 20892.87
20891.38 20892.87
20890.90 20892.10
20891.67 20892.83
20891.67 20892.83
20892.63 20894.12
20892.41 20893.59
20892.41 20893.59
20892.63 20894.12
20892.63 20894.12
20891.88 20893.38
20891.66 20892.84
20891.66 20892.84
20894.41 20895.60
20893.17 20894.33
20893.17 20894.33
20894.90 20896.10
20894.63 20896.12
20894.63 20896.12
20895.14 20896.61
20896.12 20897.63
20896.12 20897.63
20894.91 20896.10
20896.68 20897.83
20896.68 20897.83
20895.89 20897.36
20895.12 20896.63
20895.12 20896.63
20893.63 20895.12
20894.64 20896.11
20894.64 20896.11
20897.17 20898.33
20896.37 20897.88
20896.37 20897.88
20896.14 20897.61
20896.14 20897.61
20896.39 20897.86
20897.63 20899.12
20897.63 20899.12
20896.87 20898.38
20896.16 20897.34
20896.16 20897.34
20896.39 20897.86
20896.66 20897.84
20896.66 20897.84
20898.88 20900.37
20897.64 20899.11
20897.64 20899.11
20897.68 20898.83
20896.88 20898.37
20896.88 20898.37
20896.92 20898.08
20896.92 20898.08
20896.39 20897.86
20896.41 20897.59
20896.41 20897.59
20895.64 20897.11
20895.64 20897.11
20897.17 20898.33
20896.38 20897.87
20896.38 20897.87
20894.42 20895.58
20894.64 20896.11
20894.64 20896.11
20893.16 20894.34
20892.14 20893.61
20892.14 20893.61
20890.91 20892.09
20892.92 20894.08
20892.92 20894.08
20892.55 20893.20
20889.92 20891.08
20889.92 20891.08
20889.91 20891.09
20889.41 20890.59
20889.41 20890.59
20889.17 20890.33
20888.14 20889.61
20888.14 20889.61
20888.68 20889.83
20888.13 20889.62
20888.13 20889.62
20890.41 20891.59
20890.41 20891.59
20892.15 20893.35
20894.67 20895.83
20894.67 20895.83
20896.16 20897.35
20893.62 20895.13
20893.62 20895.13
20894.64 20896.11
20894.64 20896.11
20893.90 20895.10
20893.90 20895.10
20893.91 20895.09
20892.63 20894.12
20892.63 20894.12
20893.13 20894.62
20893.67 20894.83
20893.67 20894.83
20893.12 20894.63
20896.91 20898.09
20896.91 20898.09
20895.14 20896.61
20895.14 20896.61
20894.88 20896.37
20894.42 20895.58
20894.42 20895.58
20894.38 20895.87
20894.38 20895.87
20895.16 20896.34
20894.88 20896.37
20894.88 20896.37
20894.89 20896.36
20894.89 20896.36
20896.92 20898.08
20896.39 20897.86
20896.39 20897.86
20895.38 20896.87
20889.63 20891.13
20889.63 20891.13
20890.39 20891.86
20888.66 20889.84
20888.66 20889.84
20887.13 20888.62
20888.13 20889.62
20888.13 20889.62
20887.89 20889.36
20887.89 20889.36
20887.90 20889.10
20887.17 20888.33
20887.17 20888.33
20887.41 20888.59
20886.89 20888.36
20886.89 20888.36
20887.16 20888.34
20885.67 20886.83
20885.67 20886.83
20886.13 20887.62
20887.63 20889.12
20887.63 20889.12
20888.13 20889.62
20891.64 20893.11
20891.64 20893.11
20891.88 20893.37
20891.90 20893.10
20891.90 20893.10
20892.14 20893.61
20891.12 20892.63
20891.12 20892.63
20892.63 20894.13
20892.63 20894.13
20891.64 20893.11
20891.12 20892.63
20891.12 20892.63
20893.17 20894.33
20895.13 20896.63
20893.88 20895.37
20893.88 20895.37
20892.88 20894.37
20892.88 20894.37
20893.38 20894.88
20893.89 20895.36
20893.89 20895.36
20894.14 20895.61
20894.14 20895.61
20893.66 20895.34
20893.66 20895.34
20894.91 20896.09
20894.41 20895.59
20894.41 20895.59
20894.39 20895.86
20893.92 20895.08
20893.66 20894.84
20893.66 20894.84
20893.64 20895.11
20893.64 20895.11
20896.16 20897.34
20895.14 20896.61
20895.14 20896.61
20895.41 20896.60
20896.88 20898.37
20896.88 20898.37
20896.62 20898.13
20897.12 20898.63
20897.12 20898.63
20897.38 20898.87
20898.13 20899.62
20898.13 20899.62
20899.90 20901.10
20899.13 20900.62
20899.13 20900.62
20898.89 20900.36
20899.66 20900.84
20899.66 20900.84
20898.63 20900.12
20898.63 20900.12
20894.43 20895.58
20894.13 20895.62
20894.13 20895.62
20894.67 20895.83
20894.92 20896.08
20894.92 20896.08
20895.41 20896.60
20898.38 20899.88
20898.38 20899.88
20898.42 20899.58
20898.88 20900.37
20898.88 20900.37
20900.87 20902.38
20900.63 20902.13
20900.63 20902.13
20901.13 20902.62
20901.13 20902.62
20901.39 20902.86
20902.30 20902.95
20902.30 20902.95
20902.13 20903.62
20897.42 20898.58
20897.42 20898.58
20896.90 20898.10
20896.90 20898.10
20898.13 20899.62
20897.42 20898.58
20897.42 20898.58
20896.39 20897.86
20896.38 20897.87
20896.38 20897.87
20893.42 20894.58
20894.40 20895.60
20894.40 20895.60
20894.39 20895.86
20894.39 20895.86
20895.90 20897.10
20895.13 20896.62
20895.13 20896.62
20895.43 20896.58
20893.90 20895.10
20893.90 20895.10
20893.39 20894.86
20893.39 20894.86
20895.63 20897.12
20896.88 20898.37
20898.13 20899.62
20898.13 20899.62
20897.92 20899.08
20895.66 20896.84
20895.66 20896.84
20895.63 20897.12
20895.37 20896.88
20895.37 20896.88
20896.93 20898.08
20895.63 20897.13
20895.63 20897.13
20895.14 20896.61
20895.14 20896.61
20896.63 20898.12
20893.66 20894.84
20893.66 20894.84
20894.38 20895.87
20894.63 20896.12
20894.63 20896.12
20894.64 20896.11
20894.64 20896.11
20894.67 20895.83
20895.16 20896.34
20895.16 20896.34
20894.13 20895.62
20891.42 20892.58
20891.42 20892.58
20891.42 20892.58
20891.42 20892.58
20889.66 20890.84
20891.40 20892.60
20891.40 20892.60
20892.16 20893.34
20891.88 20893.37
20891.88 20893.37
20893.13 20894.63
20893.89 20895.36
20893.89 20895.36
20893.89 20895.36
20894.14 20895.61
20892.62 20894.13
20892.62 20894.13
20892.87 20894.38
20892.87 20894.38
20893.17 20894.33
20892.64 20894.11
20892.64 20894.11
20894.66 20895.84
20894.42 20895.58
20894.42 20895.58
20892.14 20893.61
20893.16 20894.34
20893.16 20894.34
20894.15 20895.35
20893.92 20895.08
20893.92 20895.08
20895.39 20896.86
20895.91 20897.09
20895.91 20897.09
20897.65 20898.85
20897.62 20899.13
20897.62 20899.13
20898.38 20899.87
20899.89 20901.36
20899.89 20901.36
20902.14 20903.61
20902.38 20903.87
20902.38 20903.87
20903.93 20905.08
20904.92 20906.08
20904.92 20906.08
20903.56 20904.19
20902.42 20903.58
20902.42 20903.58
20902.37 20903.88
20902.12 20903.63
20902.12 20903.63
20902.13 20903.62
20902.13 20903.62
20903.17 20904.33
20905.93 20907.08
20905.93 20907.08
20906.67 20907.83
20904.87 20906.38
20904.87 20906.38
20903.16 20904.34
20901.67 20902.83
20901.67 20902.83
20901.66 20902.84
20903.42 20904.58
20903.42 20904.58
20904.65 20905.85
20906.38 20907.87
20906.38 20907.87
20904.64 20906.11
20904.66 20905.84
20904.66 20905.84
20904.66 20905.84
20904.66 20905.84
20905.14 20906.61
20902.14 20903.61
20902.14 20903.61
20903.40 20904.60
20901.89 20903.36
20901.89 20903.36
20904.18 20905.33
20904.18 20905.33
20904.88 20906.37
20904.68 20905.83
20904.68 20905.83
20906.40 20907.60
20906.16 20907.34
20906.16 20907.34
20905.90 20907.10
20905.12 20906.63
20905.12 20906.63
20905.14 20906.61
20905.92 20907.08
20905.92 20907.08
20905.41 20906.59
20905.41 20906.59
20905.38 20906.87
20906.90 20908.10
20906.90 20908.10
20906.66 20907.85
20906.06 20906.69
20906.06 20906.69
20905.15 20906.35
20905.15 20906.35
20904.16 20905.34
20902.92 20904.08
20902.92 20904.08
20904.16 20905.34
20905.17 20906.33
20905.17 20906.33
20905.17 20906.33
20905.14 20906.61
20905.14 20906.61
20905.87 20907.38
20905.87 20907.38
20906.92 20908.08
20904.88 20906.37
20904.88 20906.37
20905.16 20906.34
20905.17 20906.33
20905.17 20906.33
