21047.65 21049.35
21047.65 21049.35
21047.14 21048.61
21047.14 21048.61
21046.64 21048.11
21046.64 21048.11
21047.90 21049.61
21047.90 21049.61
21048.15 21049.35
21048.15 21049.35
21050.16 21051.85
21050.16 21051.34
21050.16 21051.34
21049.64 21051.11
21049.64 21051.11
21049.64 21051.11
21049.64 21051.11
21049.93 21051.08
21049.93 21051.08
21049.89 21051.36
21049.89 21051.36
21049.66 21050.84
21049.66 21050.84
21049.64 21051.11
21049.64 21051.11
21049.91 21051.10
21049.91 21051.10
21049.64 21051.11
21049.64 21051.11
21049.38 21050.88
21049.90 21051.60
21049.90 21051.60
21047.40 21048.60
21047.40 21048.60
21048.15 21049.86
21048.41 21049.59
21048.41 21049.59
21047.41 21049.09
21047.41 21049.09
21046.91 21048.60
21046.15 21047.86
21046.15 21047.86
21046.13 21047.63
21046.13 21047.63
21046.21 21048.04
21046.41 21048.09
21046.41 21048.09
21046.40 21048.11
21046.40 21048.11
21046.64 21048.11
21046.64 21048.11
21046.88 21048.38
21046.39 21047.86
21046.39 21047.86
21046.63 21048.13
21046.63 21048.13
21046.40 21048.11
21046.40 21048.11
21047.22 21049.03
21047.41 21049.09
21047.41 21049.09
21047.41 21049.09
21047.64 21049.11
21047.64 21049.11
21047.64 21049.11
21047.89 21049.36
21047.66 21049.35
21047.66 21049.35
21048.14 21049.61
21048.14 21049.61
21048.14 21049.61
21047.89 21049.36
21047.89 21049.36
21047.47 21049.28
21047.64 21049.11
21047.64 21049.11
21047.39 21048.86
21047.39 21048.86
21046.89 21048.36
21046.89 21048.36
21046.90 21048.60
21046.90 21048.60
21047.14 21048.61
21047.64 21049.11
21047.64 21049.11
21048.41 21049.59
21048.41 21049.59
21048.64 21050.11
21048.64 21050.11
21048.39 21049.86
21048.39 21049.86
21047.91 21049.60
21047.66 21049.35
21047.66 21049.35
21047.66 21049.35
21046.38 21047.87
21047.15 21048.86
21047.15 21048.86
21047.15 21048.86
21047.15 21048.86
21047.15 21048.86
21047.16 21048.84
21047.16 21048.84
21047.15 21048.85
21047.15 21048.85
21046.91 21048.59
21046.91 21048.59
21046.16 21047.85
21045.39 21046.86
21045.39 21046.86
21045.39 21046.86
21045.39 21046.86
21045.39 21046.86
21045.66 21047.35
21045.66 21047.35
21045.47 21047.28
21045.47 21047.28
21045.47 21047.28
21045.47 21047.28
21045.47 21047.28
21045.47 21047.28
21045.47 21047.28
21045.41 21046.59
21045.56 21046.19
21045.56 21046.19
21045.56 21046.19
21045.39 21046.86
21045.39 21046.86
21045.39 21046.86
21045.64 21047.11
21045.64 21047.11
21045.64 21047.11
21045.39 21046.86
21045.39 21046.86
21045.67 21046.83
21046.41 21048.10
21046.41 21048.10
21046.41 21048.10
21046.47 21048.28
21046.47 21048.28
21046.47 21048.28
21046.63 21048.13
21046.16 21047.85
21046.16 21047.85
21045.41 21047.09
21045.41 21047.09
21045.14 21046.61
21045.14 21046.61
21045.15 21046.86
21043.89 21045.36
21043.89 21045.36
21043.96 21045.79
21043.96 21045.79
21043.96 21045.79
21043.65 21045.35
21043.88 21045.38
21043.88 21045.38
21044.39 21045.86
21044.39 21045.86
21044.38 21045.87
21044.38 21045.87
21044.90 21046.61
21044.90 21046.61
21044.89 21046.36
21044.89 21046.36
21044.91 21046.10
21044.91 21046.10
21044.39 21045.86
21044.39 21045.86
21044.66 21046.35
21044.66 21046.35
21044.66 21046.35
21044.66 21046.34
21044.66 21046.34
21045.16 21046.85
21045.15 21046.35
21045.15 21046.35
21044.39 21045.86
21044.39 21045.86
21043.66 21044.84
21043.66 21044.84
21043.66 21044.84
21043.62 21045.13
21043.62 21045.13
21043.66 21045.34
21043.66 21045.34
21043.63 21045.12
21043.63 21045.12
21044.41 21045.59
21044.41 21045.59
21043.88 21045.38
21043.88 21045.38
21043.40 21045.11
21043.40 21045.11
21043.40 21045.11
21043.63 21045.13
21043.64 21045.36
21043.64 21045.36
21043.66 21045.35
21043.90 21045.61
21043.90 21045.61
21043.90 21045.61
21044.14 21045.61
21044.14 21045.61
21044.13 21045.63
21044.13 21045.63
21043.91 21045.60
21043.91 21045.60
21043.91 21045.60
21044.15 21045.86
21044.15 21045.86
21044.15 21045.86
21044.16 21045.34
21044.39 21045.86
21044.39 21045.86
21044.18 21045.33
21044.18 21045.33
21044.17 21045.33
21044.17 21045.33
21045.65 21047.36
21045.91 21047.09
21045.91 21047.09
21046.90 21048.10
21046.90 21048.10
21047.37 21048.88
21047.41 21048.59
21047.41 21048.59
21047.41 21048.59
21047.28 21049.22
21047.28 21049.22
21047.98 21049.78
21047.98 21049.78
21050.39 21051.86
21050.39 21051.86
21050.39 21051.86
21050.39 21051.86
21050.39 21051.86
21051.14 21052.61
21051.41 21053.09
21051.41 21053.09
21051.41 21053.09
21051.89 21053.36
21051.89 21053.36
21051.89 21053.36
21051.87 21053.38
21051.87 21053.38
21051.16 21052.34
21051.41 21052.59
21051.41 21052.59
21051.41 21052.59
21051.46 21053.29
21051.46 21053.29
21051.46 21053.29
21051.31 21051.94
21050.63 21052.13
21050.63 21052.13
21051.65 21053.36
21051.65 21053.36
21051.39 21053.11
21051.39 21053.11
21051.64 21053.11
21051.64 21053.11
21049.63 21051.12
21049.42 21050.58
21049.42 21050.58
21049.72 21051.53
21051.15 21052.86
21051.15 21052.86
21051.40 21053.11
21051.40 21053.11
21051.39 21052.86
21051.38 21052.88
21051.38 21052.88
21051.38 21052.88
21051.38 21052.88
21051.38 21052.88
21051.38 21052.88
21051.42 21052.58
21051.42 21052.58
21052.40 21054.10
21052.38 21053.88
21052.38 21053.88
21052.14 21053.61
21052.14 21053.61
21051.72 21053.53
21051.72 21053.53
21051.89 21053.36
21051.89 21053.36
21051.89 21053.36
21051.89 21053.36
21052.92 21054.08
21052.92 21054.08
21052.64 21054.11
21052.64 21054.11
21052.64 21054.11
21052.64 21054.11
21052.39 21053.86
21052.39 21053.86
21050.64 21052.11
21051.14 21052.61
21051.14 21052.61
21051.71 21053.54
21051.71 21053.54
21050.89 21052.36
21050.89 21052.36
21051.40 21053.10
21051.91 21053.60
21051.91 21053.60
21052.14 21053.61
21052.14 21053.61
21052.39 21053.86
21052.89 21054.61
21052.89 21054.61
21052.89 21054.36
21052.89 21054.36
21052.89 21054.36
21052.91 21054.09
21052.22 21054.03
21052.22 21054.03
21052.40 21054.10
21052.41 21054.09
21052.41 21054.09
21052.40 21054.10
21052.40 21054.10
21052.38 21053.87
21052.55 21053.20
21052.55 21053.20
21053.38 21054.87
21053.38 21054.87
21054.56 21055.19
21054.56 21055.19
21054.65 21055.85
21052.66 21053.85
21052.66 21053.85
21052.89 21054.36
21053.14 21054.61
21053.14 21054.61
21053.16 21054.84
21053.16 21054.84
21053.39 21054.86
21053.39 21054.86
21053.67 21054.83
21053.14 21054.61
21053.14 21054.61
21053.14 21054.61
21052.65 21054.35
21052.88 21054.38
21052.88 21054.38
21051.87 21053.38
21051.87 21053.38
21051.65 21053.36
21050.98 21052.78
21050.98 21052.78
21051.64 21053.11
21051.64 21053.11
21050.90 21052.61
21051.40 21052.60
21051.40 21052.60
21051.39 21052.86
21051.64 21053.11
21051.64 21053.11
21051.13 21052.62
21051.13 21052.62
21051.13 21052.62
21051.91 21053.09
21051.91 21053.09
21051.91 21053.09
21051.39 21052.86
21051.39 21052.86
21050.91 21052.59
21051.15 21052.85
21051.15 21052.85
21051.41 21053.10
21051.41 21053.10
21051.16 21052.84
21051.16 21052.84
21051.16 21052.84
21051.41 21053.10
21051.64 21053.11
21051.64 21053.11
21051.64 21053.11
21051.64 21053.11
21051.16 21052.34
21051.16 21052.34
21047.39 21048.86
21047.64 21049.11
21047.64 21049.11
21047.89 21049.36
21047.89 21049.61
21047.89 21049.61
21047.89 21049.61
21047.66 21048.84
21048.16 21049.85
21048.16 21049.85
21048.81 21049.44
21048.14 21049.61
21048.14 21049.61
21047.65 21049.35
21047.65 21049.35
21047.14 21048.61
21047.40 21049.11
21047.14 21048.61
21047.14 21048.61
21047.14 21048.61
21047.90 21049.10
21047.64 21049.11
21047.64 21049.11
21047.90 21049.60
21048.66 21049.85
21048.66 21049.85
21048.96 21050.79
21049.13 21050.63
21049.13 21050.63
21049.42 21050.58
21049.42 21050.58
21048.62 21050.13
21048.38 21049.87
21048.38 21049.87
21048.37 21049.88
21048.37 21049.88
21048.38 21049.87
21048.38 21049.87
21048.16 21049.85
21048.65 21049.85
21048.65 21049.85
21048.65 21049.85
21048.38 21049.88
21049.13 21050.63
21049.13 21050.63
21048.87 21050.38
21048.87 21050.38
21049.42 21050.58
21049.15 21050.86
21049.15 21050.86
21049.90 21051.61
21049.90 21051.61
21049.81 21050.44
21049.81 21050.44
21049.89 21051.36
21049.89 21051.36
21049.89 21051.36
21049.90 21051.60
21050.63 21052.13
21050.63 21052.13
21050.88 21052.38
21050.88 21052.38
21052.38 21053.88
21052.38 21053.88
21052.89 21054.61
21052.89 21054.61
21053.14 21054.61
21053.14 21054.61
21053.14 21054.61
21053.14 21054.61
21053.17 21054.33
21053.17 21054.33
21053.17 21054.33
21052.66 21054.35
21052.66 21054.35
21052.63 21054.13
21052.63 21054.13
21052.65 21054.35
21052.66 21054.34
21052.66 21054.34
21052.66 21054.34
21052.90 21054.60
21052.90 21054.60
21052.13 21053.62
21052.64 21054.11
21052.64 21054.11
21053.14 21054.61
21053.14 21054.61
21052.90 21054.61
21053.14 21054.61
21053.14 21054.61
21053.14 21054.61
21052.90 21054.61
21052.90 21054.61
21052.91 21054.59
21052.91 21054.59
21052.63 21054.13
21052.63 21054.13
21052.65 21054.36
21052.65 21054.36
21052.90 21054.60
21052.90 21054.60
21052.90 21054.61
21052.90 21054.61
21052.90 21054.60
21052.90 21054.60
21052.90 21054.60
21052.62 21054.13
21052.62 21054.13
21052.62 21054.13
21052.62 21054.13
21052.92 21054.08
21052.92 21054.08
21052.64 21054.11
21052.64 21054.11
21052.64 21054.11
21052.90 21054.10
21052.64 21054.11
21052.64 21054.11
21052.64 21054.11
21052.91 21054.09
21052.91 21054.09
21052.63 21054.13
21051.16 21052.85
21051.16 21052.85
21051.16 21052.85
21050.63 21052.12
21050.63 21052.12
21050.38 21051.87
21050.38 21051.87
21050.89 21052.36
21050.89 21052.36
21050.89 21052.36
21050.64 21052.36
21050.64 21052.36
21050.91 21052.60
21050.91 21052.60
21050.91 21052.59
21050.91 21052.59
21051.15 21052.86
21051.15 21052.86
21050.62 21052.13
21050.62 21052.13
21050.90 21052.60
21050.66 21052.34
21050.66 21052.34
21050.66 21052.34
21050.40 21052.11
21050.40 21052.11
21050.40 21052.11
21050.91 21052.09
21050.91 21052.09
21050.16 21051.85
21050.16 21051.85
21050.41 21052.10
21050.41 21052.10
21051.40 21053.11
21051.40 21053.11
21051.16 21052.84
21051.16 21052.84
21051.40 21053.11
21051.40 21053.11
21051.66 21053.35
21051.66 21053.35
21051.88 21053.38
21051.87 21053.38
21051.87 21053.38
21052.15 21053.35
21052.15 21053.35
21052.15 21053.35
21052.65 21053.85
21053.13 21054.62
21051.16 21052.84
21051.16 21052.84
21050.92 21052.08
21050.92 21052.08
21050.92 21052.08
21051.87 21053.38
21051.87 21053.38
21049.39 21050.86
21048.39 21049.86
21048.39 21049.86
21045.37 21046.88
21045.37 21046.88
21044.96 21046.79
21045.40 21047.11
21045.40 21047.11
21042.66 21044.35
21041.89 21043.36
21041.89 21043.36
21042.41 21044.10
21042.41 21044.10
21042.90 21044.10
21042.90 21044.10
21043.41 21044.59
21043.41 21044.59
21042.65 21044.35
21042.16 21043.85
21042.16 21043.85
21041.91 21043.60
21041.16 21042.85
21041.16 21042.85
21039.14 21040.61
21038.40 21040.10
21038.40 21040.10
21038.66 21040.35
21038.66 21040.35
21038.65 21040.36
21038.65 21040.36
21039.14 21040.86
21040.40 21042.11
21040.40 21042.11
21041.16 21042.84
21041.16 21042.84
21041.16 21042.84
21041.16 21042.84
21041.41 21043.10
21039.72 21041.53
21039.72 21041.53
21039.97 21041.78
21039.97 21041.78
21039.98 21041.78
21039.98 21041.78
21040.14 21041.61
21041.16 21042.85
21041.16 21042.85
21040.15 21041.85
21040.15 21041.85
21040.14 21041.61
21040.47 21042.28
21040.47 21042.28
21040.41 21042.10
21040.41 21042.10
21040.15 21041.86
21040.15 21041.86
21040.22 21042.03
