20726.15 20727.35
20726.15 20727.35
20726.40 20727.60
20725.13 20726.62
20725.13 20726.62
20723.39 20725.11
20721.64 20723.11
20721.64 20723.11
20720.63 20722.12
20720.63 20722.12
20719.16 20720.84
20716.38 20717.88
20715.63 20717.12
20715.63 20717.12
20715.14 20716.61
20715.14 20716.61
20711.89 20713.36
20717.62 20719.13
20717.62 20719.13
20720.88 20722.38
20720.89 20722.61
20720.89 20722.61
20722.63 20724.13
20724.88 20726.38
20724.88 20726.38
20727.56 20728.19
20725.87 20727.38
20719.13 20720.62
20719.13 20720.62
20719.66 20720.84
20719.66 20720.84
20718.63 20720.13
20717.67 20718.83
20717.67 20718.83
20720.64 20722.36
20718.12 20719.63
20718.12 20719.63
20714.89 20716.36
20712.14 20713.61
20712.14 20713.61
20715.17 20716.33
20710.89 20712.36
20710.89 20712.36
20713.91 20715.10
20710.88 20712.37
20710.88 20712.37
20712.16 20713.84
20711.88 20713.38
20711.88 20713.38
20714.66 20715.84
20713.62 20715.13
20713.62 20715.13
20712.64 20714.11
20712.41 20713.59
20712.41 20713.59
20713.13 20714.63
20712.66 20714.34
20712.66 20714.34
20716.91 20718.09
20716.91 20718.09
20718.63 20720.13
20719.42 20720.58
20719.42 20720.58
20713.39 20714.86
20709.05 20709.70
20709.05 20709.70
20710.88 20712.38
20710.63 20712.12
20710.63 20712.12
20708.37 20709.88
20711.39 20712.86
20711.39 20712.86
20709.63 20711.12
20708.88 20710.37
20708.88 20710.37
20710.13 20711.63
20711.40 20713.11
20711.40 20713.11
20711.14 20712.61
20715.63 20717.13
20715.63 20717.13
20711.64 20713.11
20707.39 20708.86
20707.39 20708.86
20704.67 20705.84
20704.38 20705.88
20704.38 20705.88
20707.13 20708.62
20707.37 20708.88
20707.37 20708.88
20702.38 20703.87
20703.88 20705.37
20703.88 20705.37
20706.63 20708.12
20706.91 20708.09
20706.91 20708.09
20710.14 20711.61
20710.63 20712.12
20710.63 20712.12
20713.62 20715.13
20710.38 20711.88
20710.38 20711.88
20710.39 20711.86
20714.66 20715.84
20714.66 20715.84
20713.14 20714.61
20712.41 20713.59
20712.41 20713.59
20712.38 20713.88
20714.89 20716.36
20714.89 20716.36
20717.89 20719.36
20717.89 20719.36
20711.67 20712.83
20712.63 20714.12
20709.88 20711.38
20709.88 20711.38
20713.12 20714.63
20713.12 20714.63
20715.14 20716.61
20710.62 20712.13
20710.62 20712.13
20705.64 20707.11
20704.42 20705.59
20704.42 20705.59
20702.66 20703.85
20706.91 20708.09
20706.91 20708.09
20703.87 20705.38
20703.39 20704.86
20703.39 20704.86
20703.14 20704.61
20708.16 20709.34
20708.16 20709.34
20711.64 20713.11
20713.13 20714.62
20713.13 20714.62
20711.14 20712.61
20718.12 20719.63
20718.12 20719.63
20718.63 20720.13
20718.63 20720.13
20720.65 20722.36
20719.91 20721.09
20719.91 20721.09
20722.15 20723.35
20726.64 20728.11
20726.64 20728.11
20723.39 20724.86
20726.39 20727.86
20726.39 20727.86
20727.39 20728.86
20728.38 20729.87
20728.38 20729.87
20732.63 20734.12
20731.92 20733.08
20731.92 20733.08
20732.13 20733.63
20734.16 20735.84
20734.16 20735.84
20733.12 20734.63
20736.17 20737.34
20736.17 20737.34
20738.68 20739.83
20744.63 20746.13
20744.63 20746.13
20745.65 20746.85
20745.92 20747.08
20745.92 20747.08
20746.64 20748.11
20746.64 20748.11
20744.63 20746.12
20744.91 20746.60
20744.91 20746.60
20746.39 20747.86
20750.37 20751.88
20750.37 20751.88
20750.63 20752.12
20751.13 20752.63
20751.13 20752.63
20754.88 20756.38
20761.87 20763.38
20761.87 20763.38
20758.39 20759.86
20761.13 20762.62
20761.13 20762.62
20760.89 20762.36
20761.63 20763.12
20761.63 20763.12
20764.63 20766.13
20766.14 20767.61
20766.14 20767.61
20769.91 20771.10
20769.92 20771.08
20769.92 20771.08
20775.88 20777.38
20773.88 20775.37
20773.88 20775.37
20773.13 20774.62
20774.64 20776.11
20774.64 20776.11
20778.13 20779.62
20777.65 20779.35
20777.65 20779.35
20775.67 20776.83
20777.65 20778.85
20777.65 20778.85
20782.16 20783.34
20781.90 20783.10
20781.90 20783.10
20778.67 20779.83
20774.39 20775.86
20774.39 20775.86
20771.38 20772.87
20770.64 20772.11
20770.64 20772.11
20769.91 20771.09
20770.18 20771.33
20770.18 20771.33
20773.13 20774.62
20772.40 20773.60
20772.40 20773.60
20770.38 20771.87
20770.13 20771.62
20770.13 20771.62
20767.13 20768.63
20768.87 20770.38
20768.87 20770.38
20775.89 20777.36
20775.89 20777.36
20773.13 20774.62
20766.64 20768.11
20766.64 20768.11
20768.38 20769.87
20766.15 20767.35
20766.15 20767.35
20767.13 20768.63
20768.89 20770.36
20768.89 20770.36
20769.64 20771.11
20775.88 20777.37
20775.88 20777.37
20781.66 20783.35
20779.38 20780.88
20779.38 20780.88
20777.87 20779.38
20775.13 20776.63
20775.13 20776.63
20774.17 20775.34
20779.64 20781.11
20779.64 20781.11
20779.38 20780.87
20779.13 20780.63
20779.13 20780.63
20779.38 20780.87
20779.90 20781.61
20779.90 20781.61
20780.64 20782.11
20777.63 20779.12
20777.63 20779.12
20770.39 20772.11
20772.64 20774.36
20772.64 20774.36
20769.92 20771.08
20769.89 20771.36
20769.89 20771.36
20768.13 20769.62
20768.42 20769.59
20768.42 20769.59
20769.65 20771.35
20765.62 20767.13
20765.62 20767.13
20765.64 20767.11
20765.12 20766.63
20765.12 20766.63
20765.14 20766.61
20765.89 20767.61
20765.89 20767.61
20768.42 20769.58
20767.63 20769.12
20767.63 20769.12
20769.15 20770.86
20769.39 20770.86
20769.39 20770.86
20770.63 20772.12
20768.41 20770.09
20768.41 20770.09
20760.88 20762.37
20758.37 20759.88
20758.37 20759.88
20754.41 20756.09
20751.38 20752.87
20751.38 20752.87
20756.37 20757.88
20756.63 20758.12
20756.63 20758.12
20757.62 20759.13
20755.89 20757.36
20755.89 20757.36
20758.38 20759.87
20759.41 20760.60
20759.41 20760.60
20761.16 20762.34
20752.90 20754.61
20752.90 20754.61
20748.63 20750.13
20753.64 20755.11
20753.64 20755.11
20753.38 20754.87
20754.12 20755.63
20754.12 20755.63
20751.13 20752.63
20751.13 20752.63
20750.17 20751.33
20749.89 20751.36
20749.89 20751.36
20749.13 20750.62
20748.63 20750.13
20748.63 20750.13
20750.90 20752.61
20746.64 20748.11
20746.64 20748.11
20745.13 20746.63
20743.14 20744.61
20743.14 20744.61
20740.39 20741.86
20743.16 20744.85
20743.16 20744.85
20744.39 20745.86
20747.39 20748.86
20747.39 20748.86
20751.90 20753.60
20756.12 20757.63
20756.12 20757.63
20757.16 20758.34
20757.16 20758.34
20756.13 20757.62
20756.64 20758.11
20756.64 20758.11
20753.41 20755.10
20752.39 20753.86
20752.39 20753.86
20749.12 20750.63
20750.63 20752.12
20750.63 20752.12
20748.41 20749.59
20746.13 20747.63
20746.13 20747.63
20748.62 20750.13
20751.87 20753.38
20751.87 20753.38
20749.64 20751.11
20748.87 20750.38
20748.87 20750.38
20748.39 20749.86
20748.89 20750.36
20748.89 20750.36
20747.63 20749.13
20749.14 20750.61
20749.14 20750.61
20748.66 20749.84
20743.62 20745.13
20743.62 20745.13
20739.62 20741.13
20742.64 20744.36
20742.64 20744.36
20745.90 20747.60
20742.89 20744.36
20742.89 20744.36
20740.90 20742.60
20741.12 20742.63
20741.12 20742.63
20745.13 20746.63
20745.13 20746.63
20746.66 20747.85
20745.12 20746.63
20745.12 20746.63
20747.38 20748.87
20745.66 20746.84
20745.66 20746.84
20750.63 20752.13
20756.89 20758.36
20756.89 20758.36
20756.41 20757.59
20753.14 20754.61
20753.14 20754.61
20752.14 20753.61
20746.38 20747.87
20746.38 20747.87
20746.63 20748.13
20748.13 20749.63
20748.13 20749.63
20745.64 20747.11
20748.92 20750.08
20748.92 20750.08
20746.88 20748.37
20742.42 20743.59
20742.42 20743.59
20743.91 20745.09
20743.13 20744.62
20743.13 20744.62
20745.12 20746.63
20743.65 20745.36
20743.65 20745.36
20742.68 20743.83
20744.14 20745.61
20744.14 20745.61
20740.89 20742.36
20738.62 20740.13
20738.62 20740.13
20741.66 20742.84
20741.66 20742.84
20745.89 20747.36
20747.64 20749.11
20747.64 20749.11
20745.13 20746.62
20741.63 20743.13
20741.63 20743.13
20742.14 20743.61
20743.64 20745.11
20743.64 20745.11
20747.63 20749.12
20748.17 20749.33
20748.17 20749.33
20750.38 20751.88
20750.37 20751.88
20750.37 20751.88
20750.16 20751.85
20750.88 20752.37
20750.88 20752.37
20748.37 20749.88
20748.38 20749.88
20748.38 20749.88
20748.12 20749.63
20748.12 20749.63
20745.87 20747.38
20743.89 20745.36
20743.89 20745.36
20745.16 20746.35
20742.91 20744.59
20748.64 20750.11
20748.64 20750.11
20750.89 20752.36
20750.89 20752.36
20754.13 20755.62
20753.63 20755.13
20753.63 20755.13
20753.89 20755.36
20749.41 20751.10
20749.41 20751.10
20750.38 20751.87
20754.14 20755.86
20754.14 20755.86
20753.38 20754.88
20751.90 20753.60
20755.37 20756.88
20755.37 20756.88
20756.63 20758.12
20756.63 20758.12
20761.13 20762.63
20764.15 20765.35
20764.17 20765.33
20764.17 20765.33
20765.87 20767.38
20765.87 20767.38
20763.91 20765.59
20761.64 20763.11
20761.64 20763.11
20761.63 20763.13
20764.12 20765.63
20764.12 20765.63
20767.87 20769.38
20769.42 20770.59
20769.42 20770.59
20767.13 20768.63
20768.89 20770.36
20768.89 20770.36
20766.62 20768.13
20767.64 20769.11
20767.64 20769.11
20766.39 20767.86
20762.39 20763.86
20762.39 20763.86
20765.63 20767.13
20762.91 20764.59
20762.91 20764.59
20764.15 20765.86
20761.15 20762.85
20761.15 20762.85
20760.88 20762.37
20759.16 20760.84
20759.16 20760.84
20759.16 20760.85
20757.88 20759.37
20757.88 20759.37
20748.63 20750.12
20750.63 20752.13
20750.63 20752.13
20752.17 20753.33
20756.88 20758.38
20756.88 20758.38
20759.88 20761.37
20761.66 20763.35
20761.66 20763.35
20764.88 20766.38
20763.17 20764.33
20763.17 20764.33
20768.37 20769.88
20771.15 20772.35
20771.15 20772.35
20775.12 20776.63
20776.16 20777.84
20776.16 20777.84
20770.40 20772.10
20770.40 20772.10
20771.13 20772.62
20773.88 20775.37
20773.88 20775.37
20770.91 20772.59
20771.14 20772.61
20771.14 20772.61
20768.89 20770.36
20765.37 20766.88
20765.37 20766.88
20762.88 20764.38
20760.38 20761.87
20760.38 20761.87
20761.12 20762.63
20759.13 20760.63
20759.13 20760.63
20759.65 20761.35
20762.66 20764.35
20762.66 20764.35
20764.13 20765.63
20759.12 20760.63
20759.12 20760.63
20756.14 20757.61
20756.12 20757.63
20756.12 20757.63
20760.39 20761.86
20761.37 20762.88
20761.37 20762.88
20762.40 20763.60
20764.66 20766.34
20764.66 20766.34
20765.14 20766.61
20764.64 20766.11
20764.64 20766.11
20762.62 20764.13
20763.17 20764.34
20763.17 20764.34
20756.14 20757.61
20756.14 20757.61
20753.89 20755.36
20751.88 20753.38
20751.88 20753.38
20750.88 20752.38
20751.14 20752.61
20751.14 20752.61
20751.40 20753.10
20752.65 20754.36
20752.65 20754.36
20754.13 20755.63
20752.88 20754.38
20752.88 20754.38
20755.12 20756.63
20753.64 20755.11
20753.64 20755.11
20754.38 20755.87
20753.39 20754.86
20753.39 20754.86
20756.13 20757.62
20754.87 20756.38
20754.87 20756.38
20751.39 20752.86
20752.14 20753.61
20752.14 20753.61
20750.39 20751.86
20752.39 20754.11
20752.39 20754.11
20750.37 20751.88
20749.89 20751.36
20749.89 20751.36
20752.41 20754.10
20752.41 20754.10
20754.89 20756.36
20754.89 20756.36
20755.37 20756.88
20755.88 20757.38
20755.88 20757.38
20756.14 20757.61
20756.39 20757.86
20756.39 20757.86
20757.37 20758.88
20756.39 20757.86
20756.39 20757.86
20758.67 20759.83
20757.39 20758.86
20757.39 20758.86
20754.63 20756.12
20756.14 20757.61
20756.14 20757.61
20756.89 20758.36
20758.88 20760.37
20758.88 20760.37
20759.89 20761.36
20761.91 20763.09
20761.91 20763.09
20758.39 20759.86
20757.38 20758.87
20757.38 20758.87
20756.37 20757.88
20752.14 20753.61
20752.14 20753.61
20756.87 20758.38
20756.63 20758.12
20756.63 20758.12
20754.12 20755.63
20754.38 20755.87
20754.38 20755.87
20749.91 20751.59
20749.88 20751.37
20749.88 20751.37
