20908.73 20910.53
20908.73 20910.53
20908.97 20910.78
20908.96 20910.79
20908.96 20910.79
20908.28 20910.23
20908.28 20910.23
20908.53 20910.48
20908.53 20910.48
20908.53 20910.48
20908.53 20910.48
20908.53 20910.48
20908.53 20910.48
20908.53 20910.48
20908.53 20910.48
20908.53 20910.48
20910.31 20910.94
20910.31 20910.94
20910.48 20912.28
20910.48 20912.28
20910.16 20911.34
20910.16 20911.34
20906.71 20908.54
20906.71 20908.54
20907.03 20908.97
20907.03 20908.97
20906.78 20908.73
20904.28 20906.23
20904.28 20906.23
20904.47 20906.28
20904.23 20906.03
20904.23 20906.03
20904.23 20906.03
20904.46 20906.29
20904.46 20906.29
20905.48 20907.28
20905.48 20907.28
20905.23 20907.03
20905.47 20907.28
20905.47 20907.28
20905.78 20907.72
20905.78 20907.72
20905.53 20907.48
20905.53 20907.48
20905.15 20906.85
20904.14 20905.86
20904.14 20905.86
20903.65 20905.36
20903.65 20905.36
20902.39 20903.86
20902.39 20903.86
20902.14 20903.86
20902.12 20903.63
20902.12 20903.63
20901.53 20903.47
20901.53 20903.47
20897.21 20899.04
20898.98 20900.78
20898.98 20900.78
20897.53 20899.48
20895.28 20897.23
20895.28 20897.23
20894.53 20896.47
20894.53 20896.47
20894.78 20896.72
20895.53 20897.48
20895.53 20897.48
20896.03 20897.98
20895.53 20897.47
20895.53 20897.47
20895.53 20897.47
20895.53 20897.47
20895.14 20896.86
20895.14 20896.86
20895.14 20896.86
20895.23 20897.03
20895.23 20897.03
20897.78 20899.73
20897.78 20899.73
20897.71 20899.54
20896.91 20898.59
20896.91 20898.59
20896.91 20898.59
20896.91 20898.59
20896.23 20898.03
20896.47 20898.28
20896.47 20898.28
20896.58 20898.67
20896.58 20898.67
20895.72 20897.53
20895.72 20897.53
20895.78 20897.72
20893.03 20894.97
20893.03 20894.97
20893.28 20895.22
20893.28 20895.22
20895.38 20897.62
20894.83 20896.92
20894.83 20896.92
20895.73 20897.53
20895.98 20897.78
20895.98 20897.78
20895.71 20897.54
20895.78 20897.72
20895.78 20897.72
20895.33 20897.42
20895.33 20897.42
20895.22 20897.03
20895.28 20897.23
20895.28 20897.23
20892.96 20894.79
20892.96 20894.79
20892.78 20894.72
20892.97 20894.78
20892.97 20894.78
20894.03 20895.97
20890.21 20892.04
20890.21 20892.04
20890.96 20892.79
20890.96 20892.79
20892.22 20894.03
20893.23 20895.03
20893.23 20895.03
20893.03 20894.98
20893.03 20894.98
20893.03 20894.98
20893.98 20895.78
20892.96 20894.79
20892.96 20894.79
20893.03 20894.97
20893.03 20894.97
20892.58 20894.67
20892.28 20894.23
20892.28 20894.23
20892.53 20894.48
20892.53 20894.48
20892.53 20894.48
20892.13 20894.37
20892.38 20894.62
20892.38 20894.62
20893.88 20896.12
20893.88 20896.12
20891.16 20892.84
20890.08 20892.17
20890.08 20892.17
20882.16 20883.84
20880.65 20882.36
20880.65 20882.36
20879.33 20881.42
20866.91 20868.60
20866.91 20868.60
20859.98 20861.78
20866.58 20868.67
20866.58 20868.67
20867.73 20869.53
20869.97 20871.78
20869.97 20871.78
20871.03 20872.98
20873.78 20875.72
20873.78 20875.72
20874.97 20876.78
20874.97 20876.78
20872.28 20874.22
20872.28 20874.22
20871.78 20873.73
20871.28 20873.23
20871.28 20873.23
20873.08 20875.17
20873.08 20875.17
20871.78 20873.72
20871.78 20873.72
20871.89 20873.61
20871.89 20873.61
20871.72 20873.53
20872.28 20874.22
20872.28 20874.22
20869.28 20871.22
20869.28 20871.22
20866.39 20867.86
20866.39 20867.86
20867.47 20869.28
20868.08 20870.17
20868.08 20870.17
20868.08 20870.17
20868.28 20870.22
20868.28 20870.22
20868.66 20870.34
20868.66 20870.34
20868.78 20870.72
20868.73 20870.53
20868.73 20870.53
20869.58 20871.67
20869.58 20871.67
20867.58 20869.67
20867.58 20869.67
20868.98 20870.78
20868.97 20870.78
20868.97 20870.78
20867.33 20869.42
20867.33 20869.42
20866.33 20868.42
20866.33 20868.42
20867.28 20869.22
20867.03 20868.97
20867.03 20868.97
20866.17 20867.33
20862.53 20864.48
20862.53 20864.48
20862.58 20864.67
20869.03 20870.97
20869.03 20870.97
20867.78 20869.73
20867.78 20869.73
20867.53 20869.48
20867.53 20869.48
20868.88 20871.12
20869.58 20871.67
20869.33 20871.42
20869.33 20871.42
20869.83 20871.92
20869.83 20871.92
20872.03 20873.97
20870.83 20872.92
20870.71 20872.54
20870.71 20872.54
20870.71 20872.54
20870.71 20872.54
20871.03 20872.98
20871.97 20873.78
20871.97 20873.78
20870.83 20872.92
20870.83 20872.92
20870.48 20872.28
20867.47 20869.28
20867.47 20869.28
20867.28 20869.22
20867.28 20869.22
20865.78 20867.73
20865.78 20867.73
20866.39 20867.86
20866.39 20867.86
20866.40 20868.10
20866.13 20868.37
20866.13 20868.37
20866.33 20868.42
20867.23 20869.03
20867.23 20869.03
20867.23 20869.03
20867.23 20869.03
20869.65 20871.36
20869.64 20871.36
20869.64 20871.36
20870.83 20872.92
20871.73 20873.53
20871.73 20873.53
20871.83 20873.92
20871.83 20873.92
20871.83 20873.92
20872.78 20874.72
20873.41 20875.09
20873.41 20875.09
20873.41 20875.09
20873.58 20875.67
20872.83 20874.92
20872.83 20874.92
20874.14 20875.86
20874.14 20875.86
20872.72 20874.53
20872.71 20874.54
20872.71 20874.54
20872.72 20874.53
20874.58 20876.67
20874.58 20876.67
20873.73 20875.53
20873.73 20875.53
20873.65 20875.36
20874.58 20876.67
20874.58 20876.67
20876.15 20877.85
20876.15 20877.85
20876.15 20877.85
20876.72 20878.53
20876.28 20878.23
20876.28 20878.23
20876.71 20878.54
20876.71 20878.54
20876.46 20878.29
20876.46 20878.29
20876.22 20878.03
20878.96 20880.79
20878.96 20880.79
20878.16 20879.85
20878.16 20879.85
20877.90 20879.60
20877.90 20879.60
20876.97 20878.78
20877.72 20879.53
20877.72 20879.53
20877.73 20879.53
20877.73 20879.53
20874.58 20876.67
20873.23 20875.03
20873.23 20875.03
20872.88 20875.12
20873.33 20875.42
20873.33 20875.42
20875.16 20876.85
20875.16 20876.85
20868.23 20870.03
20868.23 20870.03
20866.72 20868.53
20866.72 20868.53
20867.03 20868.98
20867.03 20868.98
20866.90 20868.60
20866.90 20868.60
20866.90 20868.60
20866.90 20868.60
20869.53 20871.48
20869.28 20871.22
20869.28 20871.22
20870.06 20870.69
20867.21 20869.04
20867.21 20869.04
20866.22 20868.03
20866.22 20868.03
20865.89 20867.36
20866.91 20868.60
20866.91 20868.60
20865.58 20867.67
20865.58 20867.67
20865.58 20867.67
20867.46 20869.29
20867.46 20869.29
20867.47 20869.28
20867.78 20869.73
20867.78 20869.73
20867.83 20869.92
20867.83 20869.92
20867.65 20869.35
20867.65 20869.35
20867.66 20869.35
20865.66 20867.35
20865.66 20867.35
20864.03 20865.98
20863.73 20865.53
20863.73 20865.53
20863.64 20865.36
20863.64 20865.36
20862.39 20864.11
20861.03 20862.98
20861.03 20862.98
20862.88 20865.12
20863.53 20865.47
20863.53 20865.47
20864.47 20866.28
20864.47 20866.28
20864.13 20866.37
20865.15 20866.86
20865.15 20866.86
20866.28 20868.23
20866.73 20868.53
20866.73 20868.53
20867.78 20869.72
20867.78 20869.72
20866.83 20868.92
20867.78 20869.72
20867.78 20869.72
20867.58 20869.67
20867.58 20869.67
20867.58 20869.67
20866.63 20868.13
20866.03 20867.98
20866.03 20867.98
20866.03 20867.98
20866.03 20867.98
20866.03 20867.98
20866.03 20867.98
20867.38 20869.62
20869.58 20871.67
20869.58 20871.67
20868.21 20870.04
20867.65 20869.35
20867.65 20869.35
20867.72 20869.53
20867.72 20869.53
20867.83 20869.92
20867.83 20869.92
20868.03 20869.97
20866.71 20868.54
20866.71 20868.54
20867.58 20869.67
20867.58 20869.67
20868.08 20870.17
20867.98 20869.78
20867.98 20869.78
20868.53 20870.48
20866.90 20868.60
20866.90 20868.60
20869.03 20870.97
20868.78 20870.73
20868.78 20870.73
20869.03 20870.97
20870.33 20872.42
20870.33 20872.42
20868.98 20870.78
20868.98 20870.78
20868.78 20870.73
20868.78 20870.73
20869.33 20871.42
20872.13 20874.37
20872.13 20874.37
20872.38 20874.62
20872.38 20874.62
20871.03 20872.98
20871.03 20872.98
20871.63 20873.87
20871.63 20873.87
20870.97 20872.78
20870.97 20872.78
20870.03 20871.97
20869.63 20871.12
20869.63 20871.12
20869.15 20870.85
20869.15 20870.85
20869.33 20871.42
20869.33 20871.42
20869.28 20871.23
20869.08 20871.17
20869.08 20871.17
20868.14 20869.61
20868.14 20869.61
20867.78 20869.72
20868.23 20870.03
20868.23 20870.03
20868.23 20870.03
20869.78 20871.73
20869.78 20871.73
20871.15 20872.35
20871.15 20872.35
20869.78 20871.72
20869.83 20871.92
20869.83 20871.92
20872.78 20874.72
20872.78 20874.72
20874.31 20874.94
20874.31 20874.94
20872.03 20873.98
20872.03 20873.98
20871.90 20873.61
20871.83 20873.92
20871.83 20873.92
20871.83 20873.92
20871.83 20873.92
20871.83 20873.92
20871.83 20873.92
20872.28 20874.22
20872.53 20874.47
20872.53 20874.47
20872.58 20874.67
20872.58 20874.67
20874.73 20876.53
20876.48 20878.28
20876.48 20878.28
20876.33 20878.42
20876.58 20878.67
20876.58 20878.67
20877.03 20878.98
20877.08 20879.17
20877.08 20879.17
20878.55 20879.20
20879.97 20881.78
20879.97 20881.78
20882.15 20883.86
20880.83 20882.92
20880.83 20882.92
20880.53 20882.48
20880.73 20882.53
20880.73 20882.53
20880.78 20882.72
20880.78 20882.72
20879.97 20881.78
20879.97 20881.78
20879.73 20881.53
20879.73 20881.53
20880.53 20882.48
20880.38 20881.88
20880.38 20881.88
20880.38 20881.88
20880.78 20882.72
20880.78 20882.72
20880.78 20882.73
20880.78 20882.73
20880.71 20882.54
20880.71 20882.54
20880.71 20882.54
20880.73 20882.53
20881.22 20883.03
20881.22 20883.03
20880.78 20882.73
20880.78 20882.73
20880.58 20882.67
20880.58 20882.67
20879.33 20881.42
20879.33 20881.42
20879.46 20881.29
20879.46 20881.29
20879.28 20881.22
20879.28 20881.23
20879.28 20881.23
20879.28 20881.23
20879.28 20881.23
20879.33 20881.42
20878.83 20880.92
20878.83 20880.92
20878.83 20880.92
20879.53 20881.48
20880.28 20882.22
20880.28 20882.22
20883.14 20884.86
20883.41 20885.10
20883.41 20885.10
20882.03 20883.97
20882.03 20883.97
20881.78 20883.73
20881.78 20883.73
20883.41 20885.09
20883.41 20885.09
20883.48 20885.28
20881.78 20883.72
20881.78 20883.72
20882.08 20884.17
20882.08 20884.17
20882.48 20884.28
20881.72 20883.53
20881.72 20883.53
20881.83 20883.92
20881.83 20883.92
20880.28 20882.23
20881.46 20883.29
20881.46 20883.29
20881.53 20883.47
20881.53 20883.47
20881.23 20883.03
20881.21 20883.04
20881.21 20883.04
20881.78 20883.73
20881.78 20883.73
20881.78 20883.73
20881.90 20883.60
20881.90 20883.60
20881.46 20883.29
20881.46 20883.29
20880.73 20882.53
20880.73 20882.53
20882.23 20884.03
20882.23 20884.03
20882.23 20884.03
20882.23 20884.03
20882.22 20884.03
20882.22 20884.03
20880.83 20882.92
20880.83 20882.92
20881.72 20883.53
20881.46 20883.29
20881.46 20883.29
20881.73 20883.53
20881.73 20883.53
20881.28 20883.23
20882.40 20884.11
20882.40 20884.11
20882.55 20883.20
20882.64 20884.11
20882.64 20884.11
20880.03 20881.98
20880.03 20881.98
20880.03 20881.98
20880.46 20882.29
20880.40 20882.10
20880.28 20882.22
20880.28 20882.22
20880.48 20882.28
20880.48 20882.28
20880.22 20882.03
20880.22 20882.03
20880.03 20881.97
20880.03 20881.97
20879.96 20881.79
20879.96 20881.79
20879.03 20880.98
20879.03 20880.98
20878.81 20879.44
20876.83 20878.92
20876.83 20878.92
20877.23 20879.03
20876.96 20878.79
20876.96 20878.79
20877.21 20879.04
20878.78 20880.73
20878.78 20880.73
20879.03 20880.98
20878.78 20880.73
20878.78 20880.73
20878.78 20880.73
20879.03 20880.97
20879.03 20880.97
20879.03 20880.97
20878.63 20880.87
20878.58 20880.67
20878.58 20880.67
20879.66 20881.35
20879.66 20881.35
20879.66 20881.35
20880.03 20881.98
20880.03 20881.98
20879.71 20881.54
20879.71 20881.54
20880.89 20882.61
20880.89 20882.61
20880.89 20882.61
20880.53 20882.47
20880.53 20882.47
20880.90 20882.61
