21047.64 21049.11
21047.64 21049.11
21047.62 21049.13
21047.62 21049.13
21047.62 21049.13
21047.53 21049.47
21047.53 21049.47
21046.40 21048.10
21046.40 21048.10
21046.40 21048.11
21046.88 21048.37
21046.88 21048.37
21047.89 21049.36
21047.89 21049.36
21049.14 21050.61
21049.66 21050.84
21049.66 21050.84
21048.64 21050.36
21048.64 21050.36
21049.67 21050.84
21049.67 21050.84
21048.66 21050.34
21048.66 21050.34
21048.65 21050.36
21048.65 21050.36
21048.65 21050.36
21048.13 21049.62
21048.13 21049.62
21048.40 21050.11
21048.40 21050.11
21048.89 21050.61
21048.64 21050.11
21048.64 21050.11
21048.63 21050.13
21048.63 21050.13
21048.64 21050.11
21048.64 21050.11
21047.89 21049.61
21047.89 21049.61
21047.65 21049.35
21048.65 21050.35
21048.65 21050.35
21048.64 21050.36
21048.64 21050.36
21048.63 21050.13
21048.39 21050.11
21048.39 21050.11
21045.64 21047.11
21045.64 21047.11
21044.90 21046.61
21044.90 21046.61
21046.64 21048.36
21046.88 21048.38
21046.88 21048.38
21046.65 21048.35
21046.65 21048.35
21045.98 21047.78
21045.98 21047.78
21046.40 21048.11
21046.40 21048.11
21045.89 21047.61
21045.89 21047.61
21045.14 21046.86
21045.40 21047.11
21045.40 21047.11
21045.37 21046.88
21045.90 21047.61
21045.90 21047.61
21045.89 21047.36
21045.89 21047.36
21045.89 21047.36
21045.89 21047.36
21046.14 21047.61
21046.14 21047.61
21046.66 21048.34
21046.90 21048.61
21046.90 21048.61
21047.41 21049.10
21047.41 21049.10
21046.39 21048.11
21046.39 21048.11
21046.37 21047.88
21047.38 21048.87
21047.38 21048.87
21047.41 21049.09
21048.13 21049.62
21048.13 21049.62
21047.73 21049.53
21047.64 21049.11
21047.64 21049.11
21047.39 21049.11
21047.39 21049.11
21046.89 21048.61
21046.90 21048.60
21046.90 21048.60
21047.16 21048.84
21047.22 21049.03
21047.22 21049.03
21047.38 21048.88
21047.15 21048.86
21047.15 21048.86
21047.14 21048.86
21047.14 21048.86
21047.47 21049.28
21047.47 21049.28
21047.93 21049.08
21047.93 21049.08
21047.64 21049.11
21045.40 21047.11
21045.40 21047.11
21045.39 21046.86
21047.41 21049.09
21047.41 21049.09
21048.39 21050.11
21048.39 21050.11
21050.62 21052.13
21050.63 21052.13
21050.63 21052.13
21051.39 21053.11
21051.39 21053.11
21049.89 21051.36
21050.15 21051.86
21050.15 21051.86
21049.43 21050.58
21049.43 21050.58
21049.40 21051.11
21049.65 21051.36
21049.65 21051.36
21048.15 21049.86
21048.15 21049.86
21048.90 21050.60
21049.40 21051.10
21049.40 21051.10
21048.72 21050.53
21048.72 21050.53
21047.89 21049.61
21047.64 21049.11
21047.64 21049.11
21047.90 21049.10
21047.90 21049.10
21048.41 21049.59
21048.41 21049.59
21049.42 21050.59
21048.64 21050.11
21048.64 21050.11
21048.89 21050.36
21048.89 21050.36
21048.40 21050.10
21048.40 21049.60
21048.40 21049.60
21048.40 21049.60
21047.64 21049.11
21047.39 21048.86
21047.39 21048.86
21047.65 21049.36
21044.90 21046.10
21044.90 21046.10
21045.66 21047.34
21046.88 21048.38
21046.88 21048.38
21046.39 21048.11
21045.64 21047.11
21045.64 21047.11
21044.87 21046.38
21044.90 21046.61
21044.90 21046.61
21044.88 21046.37
21044.88 21046.37
21044.64 21046.36
21044.64 21046.36
21045.66 21046.84
21045.66 21046.84
21044.40 21046.10
21044.18 21045.33
21044.18 21045.33
21042.13 21043.63
21042.16 21043.85
21042.16 21043.85
21042.39 21043.86
21042.65 21044.35
21042.65 21044.35
21043.89 21045.36
21043.89 21045.36
21042.89 21044.36
21043.39 21044.86
21043.39 21044.86
21044.16 21045.35
21044.42 21045.58
21044.42 21045.58
21044.64 21046.11
21044.14 21045.86
21044.14 21045.86
21044.90 21046.60
21042.89 21044.36
21042.89 21044.36
21043.46 21045.29
21043.46 21045.29
21043.40 21045.11
21042.98 21044.78
21042.98 21044.78
21042.72 21044.53
21041.89 21043.36
21041.88 21043.37
21041.88 21043.37
21041.89 21043.61
21041.89 21043.61
21041.89 21043.36
21042.14 21043.61
21042.14 21043.61
21042.14 21043.61
21042.38 21043.87
21040.21 21042.04
21040.21 21042.04
21040.66 21042.34
21039.89 21041.36
21039.89 21041.36
21039.65 21041.35
21038.72 21040.53
21038.72 21040.53
21038.89 21040.36
21038.89 21040.36
21039.13 21040.62
21039.13 21040.62
21038.64 21040.11
21038.39 21039.86
21038.39 21039.86
21038.88 21040.38
21038.88 21040.38
21038.63 21040.13
21038.63 21040.13
21038.63 21040.13
21039.14 21040.61
21040.39 21041.86
21040.39 21041.86
21041.66 21042.84
21042.41 21044.10
21042.41 21044.10
21043.15 21044.85
21043.39 21045.11
21043.39 21045.11
21043.39 21045.11
21042.62 21044.13
21043.39 21044.86
21043.39 21044.86
21043.39 21044.86
21043.91 21045.60
21043.91 21045.60
21043.98 21045.78
21043.13 21044.63
21043.13 21044.63
21043.64 21045.11
21043.63 21045.13
21043.63 21045.13
21043.89 21045.36
21043.89 21045.36
21044.41 21046.09
21044.39 21045.86
21045.38 21046.88
21045.38 21046.88
21045.39 21047.11
21045.39 21047.11
21045.40 21047.11
21045.40 21047.11
21046.40 21048.10
21046.40 21048.10
21045.64 21047.11
21045.65 21047.36
21045.65 21047.36
21044.88 21046.38
21044.88 21046.38
21042.41 21044.09
21037.53 21039.47
21037.53 21039.47
21036.64 21038.11
21036.64 21038.11
21037.39 21038.86
21037.39 21038.86
21035.89 21037.61
21037.15 21038.85
21037.15 21038.85
21036.41 21038.09
21036.38 21037.87
21036.38 21037.87
21037.97 21039.78
21037.97 21039.78
21036.72 21038.53
21037.22 21039.03
21037.22 21039.03
21037.22 21039.03
21036.40 21038.11
21036.88 21038.38
21036.88 21038.38
21035.66 21037.35
21034.63 21036.12
21034.63 21036.12
21034.65 21035.85
21034.65 21035.85
21034.39 21035.86
21034.97 21036.78
21034.97 21036.78
21035.21 21037.04
21036.89 21038.36
21036.89 21038.36
21037.21 21039.04
21037.48 21039.28
21037.48 21039.28
21037.62 21039.13
21037.62 21039.13
21035.91 21037.60
21036.89 21038.36
21036.89 21038.36
21036.48 21038.28
21036.48 21038.28
21036.66 21038.34
21036.88 21038.37
21036.88 21038.37
21037.65 21039.36
21034.89 21036.36
21034.89 21036.36
21034.41 21036.10
21034.90 21036.61
21034.90 21036.61
21036.97 21038.78
21037.15 21038.86
21037.15 21038.86
21038.16 21039.34
21038.16 21039.34
21037.64 21039.11
21037.87 21039.38
21037.87 21039.38
21038.41 21040.09
21038.41 21040.09
21038.42 21039.58
21038.42 21039.58
21038.37 21039.88
21038.37 21039.88
21038.88 21040.37
21039.90 21041.60
21039.90 21041.60
21040.15 21041.86
21040.89 21042.36
21040.89 21042.36
21041.17 21042.33
21041.17 21042.33
21039.41 21041.09
21040.91 21042.59
21040.91 21042.59
21040.41 21042.09
21040.41 21042.09
21041.16 21042.34
21041.16 21042.34
21041.38 21042.87
21041.38 21042.87
21040.14 21041.61
21039.63 21041.13
21039.63 21041.13
21040.91 21042.10
21040.91 21042.10
21040.39 21041.86
21040.39 21041.86
21039.40 21041.11
21039.63 21041.13
21039.63 21041.13
21039.39 21040.86
21039.88 21041.38
21039.88 21041.38
21040.38 21041.87
21039.89 21041.36
21039.89 21041.36
21037.66 21038.84
21037.66 21038.84
21037.89 21039.36
21037.89 21039.36
21037.89 21039.36
21038.13 21039.63
21038.13 21039.63
21037.88 21039.37
21037.15 21038.86
21037.15 21038.86
21038.87 21040.38
21038.87 21040.38
21038.87 21040.38
21039.15 21040.86
21038.63 21040.13
21038.63 21040.13
21038.91 21040.09
21039.16 21040.85
21039.16 21040.85
21038.64 21040.11
21038.64 21040.11
21037.65 21039.36
21037.65 21039.36
21037.40 21039.11
21037.40 21039.10
21037.40 21039.10
21037.66 21039.34
21037.66 21039.34
21037.66 21039.35
21037.66 21039.35
21038.16 21039.85
21038.16 21039.85
21038.40 21040.11
21038.13 21039.62
21038.13 21039.62
21037.64 21039.11
21037.64 21039.11
21037.15 21038.86
21034.63 21036.13
21034.63 21036.13
21034.91 21036.60
21033.88 21035.37
21033.88 21035.37
21031.89 21033.36
21032.66 21034.35
21032.66 21034.35
21032.90 21034.60
21032.96 21034.79
21032.96 21034.79
21035.46 21037.29
21035.46 21037.29
21035.64 21037.11
21036.39 21037.86
21036.39 21037.86
21036.89 21038.36
21036.89 21038.36
21037.89 21039.36
21037.89 21039.36
21037.46 21039.29
21037.46 21039.29
21036.96 21038.79
21036.96 21038.79
21036.73 21038.53
21037.40 21039.10
21037.40 21039.10
21037.89 21039.36
21037.89 21039.36
21037.72 21039.53
21037.39 21039.11
21037.39 21039.11
21037.16 21038.85
21037.16 21038.85
21037.39 21038.86
21037.22 21039.03
21037.22 21039.03
21037.66 21039.35
21037.66 21039.35
21037.64 21039.11
21037.64 21039.11
21037.41 21039.10
21037.41 21039.10
21037.89 21039.36
21036.15 21037.86
21036.15 21037.86
21036.13 21037.63
21036.38 21037.88
21036.38 21037.88
21035.64 21037.11
21035.64 21037.11
21035.39 21037.11
21035.63 21037.13
21035.63 21037.13
21037.91 21039.59
21037.91 21039.59
21037.16 21038.85
21037.63 21039.12
21037.63 21039.12
21035.90 21037.61
21035.90 21037.61
21036.41 21038.09
21036.41 21038.09
21036.41 21038.10
21036.41 21038.09
21036.41 21038.09
21036.41 21038.09
21036.39 21037.86
21036.41 21038.09
21036.41 21038.09
21036.63 21038.13
21036.63 21038.13
21036.41 21038.10
21035.66 21037.34
21035.66 21037.34
21036.65 21038.36
21036.14 21037.61
21036.14 21037.61
21036.14 21037.61
21036.14 21037.61
21036.14 21037.61
21036.41 21038.10
21035.88 21037.37
21035.88 21037.37
21036.17 21037.33
21036.17 21037.33
21036.16 21037.85
21036.16 21037.85
21037.41 21039.10
21036.40 21038.10
21036.40 21038.10
21036.15 21037.85
21036.15 21037.85
21036.63 21038.13
21036.63 21038.13
21035.90 21037.61
21035.90 21037.61
21035.91 21037.59
21035.92 21037.08
21035.92 21037.08
21035.15 21036.85
21035.15 21036.85
21036.39 21037.86
21036.39 21037.86
21036.12 21037.63
21035.68 21036.83
21035.68 21036.83
21035.89 21037.36
21035.89 21037.36
21035.89 21037.36
21035.89 21037.36
21036.12 21037.63
21036.39 21037.86
21036.39 21037.86
21036.91 21038.09
21037.40 21038.60
21037.40 21038.60
21038.41 21040.09
21038.16 21039.85
21038.16 21039.85
21037.66 21039.34
21037.66 21039.34
21036.39 21037.86
21036.39 21037.86
21036.39 21037.86
21036.15 21037.85
21036.66 21037.84
21036.66 21037.84
21036.66 21037.84
21036.66 21037.84
21036.66 21037.84
21036.66 21037.84
21036.63 21038.13
21036.91 21038.09
21036.91 21038.09
21037.14 21038.61
21036.15 21037.86
21036.15 21037.86
21036.15 21037.86
21035.15 21036.86
21034.90 21036.60
21034.90 21036.60
21035.63 21037.12
21035.63 21037.12
21036.39 21037.86
21036.39 21037.86
21036.16 21037.85
21034.66 21035.84
21034.66 21035.84
21034.66 21035.84
21034.91 21036.59
21034.91 21036.59
21034.91 21036.59
21035.13 21036.63
21035.13 21036.63
21035.16 21036.84
21035.16 21036.84
21036.39 21037.86
21036.39 21037.86
21036.39 21037.86
21036.48 21038.28
21036.48 21038.28
21036.46 21038.29
21036.46 21038.29
21036.62 21038.13
21036.63 21038.12
21036.63 21038.12
21036.63 21038.12
21036.38 21037.87
21037.14 21038.61
21037.14 21038.61
21037.17 21038.33
21037.17 21038.33
21039.41 21041.09
21039.41 21041.09
21039.66 21041.35
21039.66 21041.35
21039.66 21041.35
21039.64 21041.11
21039.64 21041.11
21039.64 21041.11
21039.47 21041.28
21039.47 21041.28
21039.40 21041.10
21039.63 21041.13
21039.63 21041.13
21040.14 21041.61
21040.14 21041.61
21039.89 21041.36
21041.42 21042.58
21041.42 21042.58
21041.40 21043.11
21040.65 21042.35
21040.65 21042.35
21040.15 21041.85
21040.15 21041.85
21040.64 21042.11
21041.66 21042.84
21041.66 21042.84
21041.37 21042.88
21041.37 21042.88
21041.65 21043.36
21042.43 21043.58
21042.43 21043.58
21041.66 21043.34
21040.91 21042.09
21040.91 21042.09
21041.16 21042.85
21041.16 21042.85
21041.39 21042.86
21041.66 21043.34
21041.66 21043.34
21041.39 21042.86
21041.39 21042.86
21041.14 21042.61
21041.14 21042.61
21040.21 21042.04
21040.39 21041.86
21040.39 21041.86
