20847.12 20848.63
20847.12 20848.63
20849.16 20850.34
20849.16 20850.34
20846.68 20847.83
20847.40 20848.60
20847.40 20848.60
20844.13 20845.62
20846.37 20847.88
20846.37 20847.88
20846.12 20847.63
20846.13 20847.62
20846.13 20847.62
20846.88 20848.38
20848.18 20849.33
20848.18 20849.33
20849.66 20850.84
20848.89 20850.36
20848.89 20850.36
20849.62 20851.13
20849.62 20851.13
20847.90 20849.10
20845.41 20846.59
20845.41 20846.59
20846.16 20847.35
20847.68 20848.83
20847.68 20848.83
20847.14 20848.61
20846.91 20848.09
20846.91 20848.09
20848.37 20849.88
20850.66 20851.84
20850.66 20851.84
20849.87 20851.38
20850.64 20852.11
20850.64 20852.11
20850.37 20851.88
20846.67 20847.83
20846.67 20847.83
20848.13 20849.63
20848.17 20849.33
20848.17 20849.33
20846.91 20848.09
20847.92 20849.08
20847.92 20849.08
20848.88 20850.38
20848.63 20850.13
20848.63 20850.13
20848.63 20850.12
20848.63 20850.12
20848.63 20850.12
20847.38 20848.87
20847.38 20848.87
20846.41 20847.59
20846.92 20848.08
20846.92 20848.08
20847.62 20849.13
20848.17 20849.33
20848.17 20849.33
20849.62 20851.13
20850.62 20852.13
20850.62 20852.13
20851.89 20853.36
20850.62 20852.13
20850.62 20852.13
20851.41 20852.59
20851.92 20853.08
20851.92 20853.08
20854.13 20855.62
20853.42 20854.58
20853.42 20854.58
20856.17 20857.33
20856.17 20857.33
20856.17 20857.34
20853.42 20854.58
20853.42 20854.58
20851.31 20851.94
20851.17 20852.33
20851.17 20852.33
20850.88 20852.38
20851.17 20852.33
20851.17 20852.33
20851.14 20852.61
20850.38 20851.87
20850.38 20851.87
20852.42 20853.58
20852.67 20853.83
20852.67 20853.83
20854.68 20855.83
20854.63 20856.12
20854.63 20856.12
20854.67 20855.83
20854.37 20855.88
20854.37 20855.88
20855.41 20856.59
20854.67 20855.83
20854.67 20855.83
20857.40 20858.60
20857.37 20858.88
20857.37 20858.88
20855.39 20856.86
20856.13 20857.62
20856.13 20857.62
20854.89 20856.36
20854.92 20856.08
20854.92 20856.08
20853.66 20854.85
20853.92 20855.08
20853.92 20855.08
20854.41 20855.59
20854.41 20855.59
20854.68 20855.83
20854.92 20856.09
20854.92 20856.09
20855.42 20856.58
20856.64 20858.11
20856.64 20858.11
20859.13 20860.62
20857.17 20858.33
20857.17 20858.33
20854.13 20855.62
20854.13 20855.62
20854.88 20856.37
20855.14 20856.61
20855.14 20856.61
20856.39 20857.86
20855.67 20856.83
20855.67 20856.83
20855.92 20857.08
20856.39 20857.86
20856.12 20857.63
20856.12 20857.63
20856.64 20858.11
20856.64 20858.11
20854.88 20856.38
20853.91 20855.09
20853.91 20855.09
20853.13 20854.63
20853.37 20854.88
20854.14 20855.61
20854.14 20855.61
20854.64 20856.11
20854.64 20856.11
20855.91 20857.09
20856.42 20857.58
20856.42 20857.58
20855.90 20857.10
20855.66 20856.84
20855.66 20856.84
20855.64 20857.11
20854.12 20855.63
20854.12 20855.63
20852.88 20854.38
20852.88 20854.38
20853.38 20854.88
20851.89 20853.36
20851.89 20853.36
20853.17 20854.34
20854.64 20856.11
20854.64 20856.11
20855.55 20856.20
20855.55 20856.20
20857.17 20858.33
20857.63 20859.13
20857.63 20859.13
20858.17 20859.33
20858.42 20859.58
20858.66 20859.84
20858.66 20859.84
20859.63 20861.12
20859.63 20861.12
20859.39 20860.86
20861.18 20862.33
20861.18 20862.33
20861.91 20863.09
20858.90 20860.10
20858.90 20860.10
20859.39 20860.86
20860.16 20861.35
20861.13 20862.63
20861.13 20862.63
20860.13 20861.62
20860.13 20861.62
20859.16 20860.35
20858.63 20860.12
20857.67 20858.84
20857.67 20858.84
20856.66 20857.84
20856.66 20857.84
20854.64 20856.11
20853.93 20855.08
20853.93 20855.08
20850.39 20851.86
20849.66 20850.84
20849.66 20850.84
20851.17 20852.33
20850.67 20851.84
20850.67 20851.84
20851.12 20852.63
20850.39 20851.86
20850.39 20851.86
20851.66 20852.84
20851.66 20852.84
20851.66 20852.84
20850.89 20852.36
20850.41 20851.59
20850.41 20851.59
20851.88 20853.38
20851.88 20853.38
20852.17 20853.33
20852.13 20853.63
20852.89 20854.36
20852.89 20854.36
20853.91 20855.09
20855.12 20856.63
20855.12 20856.63
20855.67 20856.83
20855.67 20856.83
20854.42 20855.59
20852.87 20854.38
20852.87 20854.38
20852.67 20853.84
20851.91 20853.09
20851.91 20853.09
20850.87 20852.38
20850.65 20851.85
20850.65 20851.85
20850.39 20851.86
20850.39 20851.86
20850.87 20852.38
20852.66 20853.85
20852.66 20853.85
20851.89 20853.36
20852.17 20853.34
20852.17 20853.34
20852.41 20853.59
20854.67 20855.84
20854.67 20855.84
20854.14 20855.61
20854.14 20855.61
20853.16 20854.35
20852.87 20854.38
20852.87 20854.38
20855.39 20856.86
20855.67 20856.83
20855.67 20856.83
20856.13 20857.62
20852.17 20853.33
20852.17 20853.33
20852.66 20853.84
20853.64 20855.11
20853.64 20855.11
20852.67 20853.83
20852.67 20853.83
20854.66 20855.84
20855.88 20857.38
20856.41 20857.59
20856.41 20857.59
20855.92 20857.09
20855.92 20857.09
20854.66 20855.84
20855.12 20856.63
20857.12 20858.63
20857.12 20858.63
20857.13 20858.62
20857.68 20858.83
20857.68 20858.83
20856.15 20857.85
20855.17 20856.33
20855.17 20856.33
20855.40 20856.60
20855.40 20856.60
20857.17 20858.33
20856.87 20858.38
20856.87 20858.38
20857.13 20858.62
20858.17 20859.33
20858.17 20859.33
20857.88 20859.38
20858.93 20860.08
20858.93 20860.08
20858.17 20859.33
20858.12 20859.63
20858.12 20859.63
20856.67 20857.83
20856.87 20858.38
20856.87 20858.38
20856.16 20857.34
20857.66 20858.84
20857.66 20858.84
20856.87 20858.38
20856.67 20857.84
20856.67 20857.84
20856.39 20857.86
20856.39 20857.86
20856.55 20857.20
20856.91 20858.09
20856.91 20858.09
20856.91 20858.10
20855.39 20856.86
20855.39 20856.86
20856.91 20858.09
20856.39 20857.86
20856.39 20857.86
20857.88 20859.38
20858.42 20859.59
20858.42 20859.59
20857.17 20858.34
20855.30 20855.95
20855.30 20855.95
20857.87 20859.38
20857.14 20858.61
20857.14 20858.61
20858.90 20860.10
20857.39 20858.86
20857.39 20858.86
20857.39 20858.86
20857.39 20858.86
20856.92 20858.08
20856.89 20858.36
20856.89 20858.36
20856.67 20857.83
20856.31 20856.94
20856.31 20856.94
20852.66 20853.84
20853.89 20855.36
20853.89 20855.36
20853.93 20855.08
20855.67 20856.83
20855.67 20856.83
20855.88 20857.37
20855.63 20857.13
20855.63 20857.13
20856.43 20857.58
20856.41 20857.59
20856.41 20857.59
20857.41 20858.59
20860.43 20861.58
20860.43 20861.58
20863.13 20864.62
20863.13 20864.62
20862.87 20864.38
20860.62 20862.13
20860.62 20862.13
20859.67 20860.83
20861.66 20862.84
20861.66 20862.84
20860.43 20861.58
20860.89 20862.36
20860.89 20862.36
20861.17 20862.33
20861.17 20862.33
20860.13 20861.62
20862.17 20863.33
20862.17 20863.33
20861.92 20863.08
20856.62 20858.13
20856.62 20858.13
20854.37 20855.88
20855.13 20856.63
20855.13 20856.63
20853.67 20854.83
20852.37 20853.88
20852.37 20853.88
20851.13 20852.63
20851.39 20852.86
20851.39 20852.86
20849.63 20851.12
20847.38 20848.87
20847.38 20848.87
20846.17 20847.33
20847.16 20848.34
20847.16 20848.34
20845.64 20847.11
20847.91 20849.09
20847.91 20849.09
20846.16 20847.35
20846.16 20847.35
20844.64 20846.11
20845.14 20846.61
20845.14 20846.61
20845.16 20846.35
20846.91 20848.10
20846.91 20848.10
20846.93 20848.08
20846.92 20848.08
20846.92 20848.08
20845.89 20847.36
20846.92 20848.08
20846.92 20848.08
20846.18 20847.33
20845.92 20847.08
20845.92 20847.08
20843.92 20845.08
20845.92 20847.09
20845.92 20847.09
20845.41 20846.60
20845.41 20846.60
20846.66 20847.84
20845.91 20847.09
20845.91 20847.09
20844.05 20844.70
20842.41 20843.59
20842.41 20843.59
20838.92 20840.09
20838.16 20839.35
20838.16 20839.35
20838.38 20839.88
20836.89 20838.36
20836.89 20838.36
20836.43 20837.58
20836.66 20837.84
20836.66 20837.84
20838.91 20840.09
20837.88 20839.38
20837.88 20839.38
20838.67 20839.83
20835.41 20836.59
20835.41 20836.59
20837.16 20838.34
20835.93 20837.08
20835.93 20837.08
20835.67 20836.83
20835.67 20836.83
20837.64 20839.11
20838.17 20839.33
20838.17 20839.33
20838.39 20839.86
20837.62 20839.13
20837.62 20839.13
20836.88 20838.38
20838.17 20839.34
20838.17 20839.34
20835.68 20836.83
20836.66 20837.84
20836.66 20837.84
20835.92 20837.08
20838.39 20839.86
20838.39 20839.86
20835.42 20836.58
20836.16 20837.34
20836.16 20837.34
20833.92 20835.08
20833.42 20834.58
20833.42 20834.58
20831.16 20832.35
20831.16 20832.35
20833.14 20834.61
20834.89 20836.36
20834.89 20836.36
20833.66 20834.85
20833.42 20834.58
20833.42 20834.58
20831.42 20832.58
20831.42 20832.58
20830.16 20831.34
20832.13 20833.63
20832.13 20833.63
20833.17 20834.33
20830.63 20832.13
20830.63 20832.13
20831.17 20832.33
20833.14 20834.61
20833.14 20834.61
20833.42 20834.58
20833.42 20834.58
20831.89 20833.36
20831.42 20832.59
20831.42 20832.59
20831.92 20833.08
20830.92 20832.08
20831.88 20833.38
20831.88 20833.38
20831.42 20832.58
20831.66 20832.84
20831.66 20832.84
20830.13 20831.63
20830.13 20831.63
20829.38 20830.87
20831.42 20832.58
20831.42 20832.58
20830.39 20831.86
20829.89 20831.36
20829.89 20831.36
20825.17 20826.34
20823.88 20825.38
20823.88 20825.38
20825.16 20826.34
20823.88 20825.37
20823.88 20825.37
20825.88 20827.37
20824.67 20825.83
20824.67 20825.83
20825.38 20826.87
20825.38 20826.87
20824.17 20825.33
20824.93 20826.08
20824.93 20826.08
20821.43 20822.58
20822.41 20823.59
20822.41 20823.59
20821.91 20823.09
20822.42 20823.59
20822.42 20823.59
20825.14 20826.61
20825.63 20827.12
20825.63 20827.12
20823.14 20824.61
20824.92 20826.08
20824.92 20826.08
20824.63 20826.12
20825.41 20826.59
20825.41 20826.59
20826.37 20827.88
20826.42 20827.58
20826.42 20827.58
20827.88 20829.38
20828.64 20830.11
20828.64 20830.11
20831.91 20833.09
20831.91 20833.09
20829.43 20830.58
20829.91 20831.09
20829.91 20831.09
20830.12 20831.63
20830.63 20832.12
20830.63 20832.12
20829.92 20831.09
20829.81 20830.44
20829.81 20830.44
20830.38 20831.88
20831.41 20832.59
20831.41 20832.59
20830.39 20831.86
20830.13 20831.62
20830.13 20831.62
20828.68 20829.83
20828.16 20829.34
20828.16 20829.34
20829.14 20830.61
20827.66 20828.84
20827.66 20828.84
20829.42 20830.58
20829.14 20830.61
20829.14 20830.61
20830.42 20831.58
20832.14 20833.61
20832.14 20833.61
20833.41 20834.59
20833.41 20834.59
20832.42 20833.59
20833.64 20835.11
20833.64 20835.11
20833.18 20834.33
20830.64 20832.11
20830.64 20832.11
20832.67 20833.84
20831.17 20832.33
20831.17 20832.33
20832.39 20833.86
20832.39 20833.86
20830.42 20831.58
20830.88 20832.37
20830.88 20832.37
20833.66 20834.84
20832.89 20834.36
20832.89 20834.36
20833.89 20835.36
20833.89 20835.36
20833.62 20835.13
20833.62 20835.13
20834.92 20836.09
20835.13 20836.63
20835.13 20836.63
20837.41 20838.60
20837.62 20839.13
20837.62 20839.13
20836.13 20837.63
20833.14 20834.61
20833.14 20834.61
20831.63 20833.13
20830.42 20831.58
20830.42 20831.58
20830.64 20832.11
20830.14 20831.61
20830.14 20831.61
20831.17 20832.33
20830.64 20832.11
20830.64 20832.11
20830.39 20831.86
20830.14 20831.61
20830.14 20831.61
20830.17 20831.33
20831.39 20832.86
20831.39 20832.86
20831.14 20832.61
20834.43 20835.58
20833.38 20834.88
20833.38 20834.88
20836.63 20838.12
20836.13 20837.63
20836.13 20837.63
20838.17 20839.33
20836.12 20837.63
20836.12 20837.63
20832.67 20833.83
20832.67 20833.83
20831.88 20833.37
20832.38 20833.88
20832.38 20833.88
20832.67 20833.83
20832.64 20834.11
20832.64 20834.11
20832.63 20834.12
20831.64 20833.11
20831.64 20833.11
20831.13 20832.62
20833.16 20834.34
20833.16 20834.34
20833.14 20834.61
20833.14 20834.61
20832.64 20834.11
20832.64 20834.11
20831.38 20832.87
