20909.90 20911.61
20909.90 20911.61
20909.16 20910.85
20909.16 20910.85
20909.38 20910.87
20909.38 20910.87
20908.91 20910.60
20908.91 20910.60
20908.91 20910.60
20908.91 20910.60
20908.91 20910.60
20908.41 20910.09
20908.41 20910.09
20908.64 20910.36
20908.64 20910.36
20907.66 20909.34
20907.66 20909.34
20907.66 20909.34
20907.66 20909.34
20907.66 20909.34
20907.40 20909.10
20907.40 20909.10
20907.15 20908.86
20909.66 20911.35
20909.66 20911.35
20909.64 20911.11
20909.64 20911.11
20909.65 20911.36
20909.65 20911.36
20909.38 20910.87
20909.38 20910.87
20908.91 20910.60
20909.40 20910.60
20909.40 20910.60
20909.40 20910.60
20909.40 20910.60
20909.40 20910.60
20910.16 20911.84
20909.89 20911.36
20909.65 20911.35
20909.65 20911.35
20909.65 20911.35
20909.40 20911.10
20909.40 20911.10
20908.15 20909.85
20908.15 20909.85
20908.15 20909.85
20907.64 20909.36
20907.64 20909.36
20907.64 20909.36
20907.39 20908.86
20907.39 20908.86
20907.37 20908.88
20907.37 20908.88
20907.37 20908.88
20907.13 20908.62
20907.13 20908.63
20907.13 20908.63
20906.66 20908.34
20906.66 20908.34
20907.06 20907.69
20907.06 20907.69
20906.42 20907.58
20906.42 20907.58
20906.42 20907.58
20906.42 20907.58
20906.41 20908.10
20906.41 20908.10
20906.41 20908.10
20906.41 20908.10
20906.41 20908.10
20906.41 20908.10
20906.41 20908.10
20906.41 20908.10
20906.48 20908.28
20906.66 20908.34
20906.66 20908.34
20906.71 20908.54
20906.71 20908.54
20907.66 20909.35
20907.66 20909.35
20907.40 20909.11
20907.40 20909.11
20908.63 20910.12
20908.63 20910.12
20908.63 20910.12
20908.63 20910.12
20908.63 20910.12
20908.63 20910.12
20908.80 20909.45
20907.16 20908.85
20907.16 20908.85
20907.16 20908.85
20907.16 20908.85
20907.40 20909.10
20907.40 20909.10
20907.40 20909.10
20908.14 20909.61
20908.14 20909.61
20911.15 20912.85
20911.15 20912.85
20911.89 20913.36
20911.89 20913.36
20911.91 20913.09
20911.91 20913.09
20912.06 20912.69
20911.89 20913.36
20911.89 20913.36
20911.90 20913.60
20911.90 20913.60
20911.90 20913.60
20911.90 20913.60
20912.15 20913.86
20912.15 20913.86
20912.38 20913.87
20912.15 20913.86
20912.15 20913.86
20909.89 20911.61
20909.89 20911.61
20910.39 20911.86
20909.91 20911.59
20909.91 20911.59
20909.64 20911.36
20909.64 20911.36
20909.72 20911.53
20909.72 20911.53
20909.88 20911.37
20909.88 20911.37
20909.88 20911.37
20909.67 20910.83
20909.67 20910.83
20909.67 20910.83
20909.63 20911.13
20909.63 20911.13
20908.41 20910.10
20908.41 20910.10
20908.92 20910.08
20908.39 20909.86
20908.39 20909.86
20908.67 20909.84
20908.67 20909.84
20910.65 20912.35
20910.65 20912.35
20910.65 20912.35
20910.65 20912.35
20912.15 20913.85
20912.15 20913.85
20912.14 20913.86
20912.16 20913.84
20912.16 20913.84
20912.16 20913.84
20911.97 20913.78
20911.97 20913.78
20911.97 20913.78
20911.97 20913.78
20911.97 20913.78
20911.97 20913.78
20911.97 20913.78
20912.03 20913.98
20912.03 20913.98
20912.03 20913.98
20912.03 20913.98
20912.03 20913.98
20911.91 20913.59
20911.91 20913.59
20911.97 20913.78
20911.97 20913.78
20911.73 20913.53
20911.73 20913.53
20911.73 20913.53
20911.66 20913.34
20911.66 20913.34
20911.73 20913.53
20911.73 20913.53
20911.71 20913.54
20911.71 20913.54
20911.72 20913.53
20911.72 20913.53
20911.78 20913.73
20911.78 20913.73
20911.73 20913.53
20911.73 20913.53
20911.73 20913.53
20911.73 20913.53
20911.73 20913.53
20911.73 20913.53
20910.53 20912.47
20910.53 20912.47
20910.53 20912.47
20909.97 20911.78
20910.15 20911.85
20910.15 20911.85
20910.15 20911.85
20910.22 20912.03
20910.22 20912.03
20910.21 20912.04
20910.21 20912.04
20910.39 20912.11
20910.39 20912.11
20910.21 20912.04
20910.21 20912.04
20910.21 20912.04
20910.40 20912.10
20910.40 20912.10
20910.40 20912.10
20910.97 20912.78
20910.97 20912.78
20910.41 20912.09
20911.14 20912.61
20911.14 20912.61
20911.63 20913.12
20911.63 20913.12
20911.97 20913.78
20911.97 20913.78
20911.91 20913.60
20912.22 20914.03
20912.22 20914.03
20912.22 20914.03
20912.22 20914.03
20912.22 20914.03
20912.48 20914.28
20912.48 20914.28
20912.48 20914.28
20912.41 20914.09
20912.41 20914.09
20912.40 20914.10
20912.40 20914.10
20912.40 20914.10
20912.40 20914.10
20911.72 20913.53
20910.78 20912.73
20910.78 20912.73
20911.15 20912.86
20911.15 20912.86
20911.41 20913.10
20911.41 20913.10
20911.41 20913.10
20911.41 20913.10
20911.15 20912.85
20911.15 20912.85
20911.13 20912.62
20911.13 20912.62
20910.71 20912.54
20910.71 20912.54
20910.71 20912.54
20910.89 20912.36
20910.89 20912.36
20910.89 20912.36
20910.28 20912.23
20910.28 20912.23
20911.38 20912.87
20911.39 20912.86
20911.39 20912.86
20911.39 20912.86
20911.39 20912.86
20910.48 20912.28
20910.48 20912.28
20910.28 20912.22
20910.28 20912.22
20910.66 20912.35
20910.97 20912.78
20910.97 20912.78
20910.90 20912.61
20910.90 20912.61
20912.48 20914.28
20912.48 20914.28
20912.48 20914.28
20912.46 20914.29
20912.46 20914.29
20912.47 20914.28
20912.47 20914.28
20912.46 20914.29
20912.46 20914.29
20912.46 20914.29
20912.65 20914.36
20912.65 20914.36
20912.65 20914.36
20912.46 20914.29
20912.46 20914.29
20910.65 20912.35
20910.65 20912.35
20909.47 20911.28
20909.47 20911.28
20908.14 20909.86
20908.14 20909.86
20908.14 20909.86
20908.14 20909.86
20908.16 20909.85
20908.16 20909.85
20908.41 20910.09
20908.41 20910.09
20908.41 20910.09
20908.41 20910.09
20908.39 20910.11
20908.39 20910.11
20908.39 20910.11
20908.39 20910.11
20908.63 20910.12
20908.63 20910.12
20908.63 20910.12
20908.63 20910.12
20908.63 20910.12
20908.63 20910.12
20908.63 20910.12
20908.63 20910.12
20909.14 20910.61
20909.14 20910.61
20908.66 20910.34
20908.66 20910.34
20907.40 20909.10
20907.40 20909.10
20907.40 20909.10
20907.63 20909.12
20907.63 20909.12
20907.87 20909.38
20907.87 20909.38
20907.87 20909.38
20907.64 20909.36
20907.63 20909.13
20907.63 20909.13
20907.63 20909.13
20907.65 20908.85
20907.65 20908.85
20907.65 20908.85
20907.81 20908.44
20907.81 20908.44
20907.81 20908.44
20907.13 20908.62
20907.13 20908.62
20906.16 20907.85
20906.16 20907.85
20906.89 20908.36
20906.89 20908.36
20906.89 20908.36
20906.64 20908.11
20906.64 20908.11
20906.67 20907.83
20906.67 20907.83
20907.14 20908.61
20907.14 20908.61
20904.64 20906.36
20903.66 20905.34
20903.66 20905.34
20903.66 20905.34
20903.66 20905.34
20903.89 20905.36
20904.88 20906.38
20904.88 20906.38
20904.88 20906.38
20904.98 20906.78
20906.40 20908.10
20906.40 20908.10
20906.40 20908.10
20906.39 20907.86
20906.39 20907.86
20906.89 20908.36
20906.89 20908.36
20906.66 20908.34
20906.66 20908.34
20906.66 20908.34
20906.64 20908.11
20906.64 20908.11
20906.41 20908.09
20905.90 20907.60
20905.90 20907.60
20905.90 20907.60
20905.65 20907.36
20905.23 20907.03
20905.23 20907.03
20905.23 20907.03
20905.23 20907.03
20905.23 20907.03
20905.23 20907.03
20905.39 20906.86
20905.63 20907.12
20905.63 20907.12
20905.63 20907.12
20903.23 20905.03
20903.41 20905.09
20903.41 20905.09
20902.91 20904.60
20901.65 20903.36
20901.65 20903.36
20903.39 20905.11
20903.39 20905.11
20903.63 20905.12
20903.16 20904.84
20903.66 20905.34
20903.66 20905.34
20903.41 20905.09
20903.41 20905.09
20903.39 20905.11
20903.66 20905.35
20903.66 20905.35
20903.83 20905.92
20903.83 20905.92
20903.83 20905.92
20904.71 20906.54
20904.88 20906.38
20904.88 20906.38
20905.64 20907.36
20905.91 20907.59
20905.91 20907.59
20905.91 20907.59
20905.91 20907.59
20905.91 20907.59
20906.14 20907.61
20906.14 20907.61
20906.14 20907.61
20906.14 20907.61
20905.63 20907.12
20905.63 20907.12
20905.97 20907.78
20905.97 20907.78
20905.97 20907.78
20906.40 20908.11
20906.40 20908.11
20906.40 20908.10
20906.40 20908.10
20907.15 20908.35
20907.15 20908.35
20907.15 20908.35
20906.66 20908.35
20906.66 20908.35
20906.66 20908.34
20906.66 20908.34
20906.48 20908.28
20906.48 20908.28
20906.55 20907.20
20906.55 20907.20
20905.91 20907.59
20905.91 20907.59
20905.91 20907.59
20906.14 20907.61
20906.14 20907.61
20906.38 20907.87
20906.13 20907.63
20906.13 20907.63
20906.13 20907.63
20905.73 20907.53
20905.73 20907.53
20906.65 20908.36
20906.65 20908.36
20906.47 20908.28
20906.47 20908.28
20906.46 20908.29
20906.46 20908.29
20906.39 20908.11
20906.39 20908.11
20906.71 20908.54
20906.71 20908.54
20906.71 20908.54
20906.72 20908.53
20906.72 20908.53
20906.72 20908.53
20906.72 20908.53
20906.72 20908.53
20906.71 20908.54
20906.71 20908.54
20906.71 20908.54
20906.71 20908.54
20907.78 20909.72
20907.78 20909.72
20907.39 20909.11
20907.41 20909.10
20907.41 20909.10
20906.97 20908.78
20906.97 20908.78
20906.91 20908.59
20906.71 20908.54
20906.71 20908.54
20906.71 20908.54
20906.64 20908.36
20906.71 20908.54
20906.71 20908.54
20906.71 20908.54
20906.71 20908.54
20907.13 20908.63
20907.13 20908.63
20907.13 20908.63
20907.13 20908.63
20907.13 20908.63
20906.96 20908.79
20906.96 20908.79
20907.28 20909.22
20907.41 20909.10
20907.41 20909.10
20907.47 20909.28
20907.47 20909.28
20907.47 20909.28
20907.47 20909.28
20907.47 20909.28
20907.53 20909.48
20907.53 20909.48
20907.65 20909.35
20907.65 20909.35
20907.65 20909.35
20907.65 20909.35
20907.65 20909.35
20907.66 20909.34
20907.66 20909.34
20907.66 20909.34
20907.64 20909.36
20907.64 20909.36
20907.66 20909.35
20907.66 20909.35
20907.66 20909.35
20907.66 20909.35
20907.66 20909.35
20907.66 20909.34
20907.66 20909.34
20907.66 20909.34
20907.66 20909.34
20907.72 20909.53
20907.72 20909.53
20907.66 20909.34
20907.66 20909.34
20907.03 20908.97
20907.03 20908.97
20907.38 20908.88
20907.38 20908.88
20907.96 20909.79
20907.96 20909.79
20908.65 20910.35
20908.65 20910.35
20907.89 20909.36
20907.89 20909.36
20907.89 20909.36
20907.89 20909.36
20907.89 20909.36
20907.41 20909.09
20907.41 20909.09
20907.41 20909.09
20907.38 20908.87
20907.38 20908.87
20907.38 20908.87
20906.98 20908.78
20906.98 20908.78
20906.72 20908.53
20906.72 20908.53
20906.71 20908.54
20906.72 20908.53
20906.72 20908.53
20906.72 20908.53
20906.90 20908.61
20906.90 20908.61
20906.90 20908.61
20906.66 20908.35
20906.66 20908.35
20906.23 20908.03
20906.28 20908.23
20906.28 20908.23
20906.28 20908.23
20906.22 20908.03
20906.22 20908.03
20906.41 20908.10
20906.41 20908.10
20906.53 20908.48
20906.14 20907.86
20906.14 20907.86
20906.22 20908.03
20906.22 20908.03
20906.48 20908.28
20906.48 20908.28
20906.48 20908.28
20906.21 20908.04
20906.21 20908.04
20906.21 20908.04
20906.22 20908.03
20906.22 20908.03
20906.41 20908.09
20906.41 20908.09
20906.41 20908.09
20906.96 20908.79
20905.28 20907.23
20905.28 20907.23
20905.48 20907.28
20905.48 20907.28
20905.78 20907.72
20905.78 20907.72
20908.47 20910.28
20908.47 20910.28
20912.66 20914.35
20914.38 20915.87
20914.38 20915.87
20915.38 20916.87
20915.38 20916.87
20914.47 20916.28
20914.47 20916.28
20913.73 20915.53
20912.22 20914.03
20912.22 20914.03
20912.23 20914.03
20912.23 20914.03
20912.40 20914.10
20912.40 20914.10
20912.72 20914.53
20912.72 20914.53
20912.53 20914.47
20912.53 20914.47
20912.08 20914.17
20912.08 20914.17
20912.53 20914.47
20912.53 20914.47
20912.03 20913.98
20912.03 20913.98
20912.03 20913.98
20912.46 20914.29
20913.78 20915.72
20913.78 20915.72
20913.78 20915.73
20913.78 20915.73
20914.21 20916.04
20914.21 20916.04
20914.47 20916.28
20914.47 20916.28
20914.28 20916.22
20914.28 20916.22
20914.23 20916.03
20913.98 20915.78
20913.98 20915.78
20913.78 20915.73
20913.78 20915.73
