20881.28 20883.23
20881.28 20883.23
20880.08 20882.17
20880.08 20882.17
20880.08 20882.17
20880.53 20882.47
20881.22 20883.03
20881.22 20883.03
20882.28 20884.22
20882.28 20884.22
20882.23 20884.03
20882.48 20884.28
20882.48 20884.28
20883.22 20885.03
20883.03 20884.97
20883.03 20884.97
20882.72 20884.53
20883.53 20885.48
20883.53 20885.48
20882.78 20884.73
20882.78 20884.73
20883.78 20885.72
20883.78 20885.72
20885.63 20887.87
20885.63 20887.87
20885.63 20887.87
20885.78 20887.72
20885.03 20886.98
20885.03 20886.98
20884.78 20886.72
20884.78 20886.72
20885.28 20887.22
20885.33 20887.42
20885.33 20887.42
20885.33 20887.42
20885.28 20887.23
20885.28 20887.23
20885.28 20887.23
20885.53 20887.48
20885.53 20887.48
20878.72 20880.53
20879.78 20881.73
20879.78 20881.73
20880.15 20881.85
20880.15 20881.85
20879.78 20881.72
20879.78 20881.72
20879.33 20881.42
20878.33 20880.42
20878.33 20880.42
20878.33 20880.42
20878.33 20880.42
20879.03 20880.98
20878.28 20880.23
20878.28 20880.23
20878.53 20880.48
20878.53 20880.48
20878.47 20880.28
20878.47 20880.28
20878.28 20880.23
20878.28 20880.23
20877.28 20879.22
20877.28 20879.22
20875.33 20877.42
20875.08 20877.17
20875.08 20877.17
20875.28 20877.23
20875.28 20877.23
20875.71 20877.54
20876.03 20877.97
20876.03 20877.97
20876.03 20877.98
20876.03 20877.98
20875.96 20877.79
20875.96 20877.79
20875.98 20877.78
20875.98 20877.78
20875.96 20877.79
20875.96 20877.79
20875.96 20877.79
20875.96 20877.79
20875.96 20877.79
20875.96 20877.79
20876.03 20877.97
20876.03 20877.97
20877.97 20879.78
20877.97 20879.78
20878.03 20879.98
20878.03 20879.98
20877.98 20879.78
20877.98 20879.78
20877.98 20879.78
20877.98 20879.78
20877.98 20879.78
20876.78 20878.72
20876.78 20878.72
20876.71 20878.54
20876.71 20878.54
20874.73 20876.53
20874.73 20876.53
20874.28 20876.22
20874.28 20876.22
20874.53 20876.47
20874.58 20876.67
20874.58 20876.67
20874.78 20876.72
20874.78 20876.72
20876.53 20878.48
20876.41 20878.09
20876.41 20878.09
20875.53 20877.48
20875.53 20877.48
20875.53 20877.48
20875.63 20877.87
20875.63 20877.87
20875.63 20877.87
20875.63 20877.87
20876.73 20878.53
20876.73 20878.53
20878.08 20880.17
20878.08 20880.17
20877.78 20879.72
20877.78 20879.72
20878.03 20879.97
20878.03 20879.97
20876.58 20878.67
20877.03 20878.98
20877.03 20878.98
20879.78 20881.73
20879.78 20881.73
20879.12 20881.64
20879.12 20881.64
20879.28 20881.22
20879.28 20881.22
20879.03 20880.97
20878.88 20881.12
20878.88 20881.12
20878.58 20880.67
20878.58 20880.67
20879.13 20881.37
20879.13 20881.37
20879.53 20881.47
20879.53 20881.47
20879.13 20881.37
20879.13 20881.37
20879.78 20881.72
20879.78 20881.72
20879.53 20881.48
20879.53 20881.48
20879.58 20881.67
20879.58 20881.67
20879.58 20881.67
20879.78 20881.73
20879.78 20881.73
20880.33 20882.42
20880.33 20882.42
20880.33 20882.42
20880.33 20882.42
20880.33 20882.42
20880.33 20882.42
20880.33 20882.42
20880.96 20882.79
20880.96 20882.79
20878.98 20880.78
20878.98 20880.78
20879.58 20881.67
20879.58 20881.67
20879.58 20881.67
20879.58 20881.67
20879.58 20881.67
20882.28 20884.22
20882.40 20884.11
20882.40 20884.11
20883.96 20885.79
20884.03 20885.97
20884.03 20885.97
20883.89 20885.61
20883.89 20885.61
20882.53 20884.48
20882.53 20884.48
20883.03 20884.98
20882.83 20884.92
20882.83 20884.92
20882.58 20884.67
20882.58 20884.67
20886.03 20887.98
20885.28 20887.22
20885.28 20887.22
20885.53 20887.48
20884.08 20886.17
20884.08 20886.17
20883.16 20884.84
20883.16 20884.84
20883.28 20885.23
20883.28 20885.23
20883.28 20885.23
20883.21 20885.04
20883.23 20885.03
20883.23 20885.03
20882.22 20884.03
20882.22 20884.03
20882.58 20884.67
20881.66 20883.34
20881.66 20883.34
20880.41 20882.09
20880.41 20882.09
20879.03 20880.97
20879.03 20880.97
20878.90 20880.61
20878.90 20880.61
20878.90 20880.61
20878.73 20880.53
20878.97 20880.78
20878.97 20880.78
20878.71 20880.54
20878.71 20880.54
20879.28 20881.23
20879.28 20881.23
20879.28 20881.23
20879.91 20881.59
20879.91 20881.59
20879.89 20881.61
20879.89 20881.61
20879.89 20881.61
20879.89 20881.61
20879.89 20881.61
20879.89 20881.61
20881.73 20883.53
20881.73 20883.53
20881.73 20883.53
20881.73 20883.53
20881.73 20883.53
20881.38 20883.62
20881.38 20883.62
20880.83 20882.92
20880.83 20882.92
20880.83 20882.92
20881.33 20883.42
20881.33 20883.42
20882.58 20884.67
20880.78 20882.73
20880.78 20882.73
20880.08 20882.17
20880.08 20882.17
20879.83 20881.92
20879.83 20881.92
20878.83 20880.92
20878.83 20880.92
20879.53 20881.47
20879.53 20881.47
20879.53 20881.47
20879.53 20881.47
20879.53 20881.47
20878.73 20880.53
20878.73 20880.53
20878.66 20880.34
20878.66 20880.34
20879.53 20881.48
20879.53 20881.48
20879.53 20881.48
20879.53 20881.48
20880.65 20882.35
20880.64 20882.36
20880.64 20882.36
20881.83 20883.92
20881.83 20883.92
20881.03 20882.98
20880.78 20882.73
20880.78 20882.73
20880.78 20882.73
20880.78 20882.73
20880.78 20882.73
20881.33 20883.42
20881.33 20883.42
20881.33 20883.42
20881.33 20883.42
20881.33 20883.42
20882.78 20884.73
20882.78 20884.73
20882.28 20884.22
20882.28 20884.22
20882.28 20884.22
20881.23 20883.03
20881.23 20883.03
20881.46 20883.29
20881.46 20883.29
20881.28 20883.23
20881.23 20883.03
20881.23 20883.03
20882.83 20884.92
20883.83 20885.92
20883.83 20885.92
20884.28 20886.22
20884.28 20886.22
20886.53 20888.47
20887.53 20889.47
20887.53 20889.47
20887.78 20889.73
20887.21 20889.04
20887.21 20889.04
20886.78 20888.72
20886.78 20888.72
20887.58 20889.67
20887.58 20889.67
20887.58 20889.67
20888.73 20890.53
20888.73 20890.53
20889.33 20891.42
20889.73 20891.53
20889.73 20891.53
20890.48 20892.28
20890.48 20892.28
20890.58 20892.67
20890.58 20892.67
20890.62 20893.14
20890.62 20893.14
20890.48 20892.28
20890.48 20892.28
20890.58 20892.67
20890.58 20892.67
20888.88 20890.37
20887.48 20889.28
20887.48 20889.28
20887.48 20889.28
20886.83 20888.92
20886.96 20888.79
20886.96 20888.79
20886.96 20888.79
20886.96 20888.79
20886.96 20888.79
20886.96 20888.79
20886.73 20888.53
20886.73 20888.53
20886.73 20888.53
20885.53 20887.47
20885.53 20887.47
20885.08 20887.17
20885.08 20887.17
20884.98 20886.78
20884.98 20886.78
20884.03 20885.97
20884.03 20885.97
20884.03 20885.97
20884.03 20885.98
20884.03 20885.98
20884.22 20886.03
20884.22 20886.03
20883.78 20885.73
20883.78 20885.73
20883.48 20885.28
20883.48 20885.28
20881.83 20883.92
20881.83 20883.92
20881.83 20883.92
20882.90 20884.10
20882.90 20884.10
20882.90 20884.10
20884.03 20885.98
20884.03 20885.98
20882.28 20884.22
20882.28 20884.22
20882.28 20884.22
20882.28 20884.22
20884.08 20886.17
20884.08 20886.17
20884.08 20886.17
20884.08 20886.17
20883.53 20885.48
20883.53 20885.48
20882.78 20884.72
20882.78 20884.72
20882.78 20884.72
20882.83 20884.92
20882.83 20884.92
20882.83 20884.92
20882.83 20884.92
20882.58 20884.67
20882.58 20884.67
20882.83 20884.92
20882.83 20884.92
20882.58 20884.67
20882.48 20884.28
20882.48 20884.28
20882.46 20884.29
20882.46 20884.29
20882.03 20883.97
20882.03 20883.97
20882.53 20884.48
20882.53 20884.48
20882.53 20884.48
20882.13 20884.37
20882.13 20884.37
20882.13 20884.37
20882.13 20884.37
20881.78 20883.73
20881.78 20883.73
20881.78 20883.73
20881.78 20883.73
20881.78 20883.73
20883.05 20883.70
20883.05 20883.70
20883.05 20883.70
20881.78 20883.73
20881.78 20883.72
20881.78 20883.72
20883.03 20884.98
20883.03 20884.98
20885.03 20886.98
20882.78 20884.72
20882.78 20884.72
20882.98 20884.78
20882.98 20884.78
20882.03 20883.98
20882.03 20883.98
20883.91 20885.59
20883.89 20885.36
20883.89 20885.36
20883.90 20885.61
20883.90 20885.61
20884.21 20886.04
20884.21 20886.04
20884.21 20886.04
20883.08 20885.17
20883.08 20885.17
20883.08 20885.17
20883.08 20885.17
20883.08 20885.17
20884.40 20886.10
20884.40 20886.10
20883.53 20885.47
20883.53 20885.47
20883.28 20885.23
20883.28 20885.23
20883.28 20885.22
20883.28 20885.22
20883.28 20885.22
20883.28 20885.22
20883.28 20885.23
20883.71 20885.54
20883.71 20885.54
20883.53 20885.47
20883.53 20885.47
20882.03 20883.98
20881.78 20883.72
20881.78 20883.72
20881.78 20883.72
20881.78 20883.72
20881.89 20883.36
20881.89 20883.36
20881.73 20883.53
20881.73 20883.53
20880.28 20882.23
20880.28 20882.23
20879.03 20880.98
20877.48 20879.28
20877.48 20879.28
20877.48 20879.28
20877.16 20878.84
20876.53 20878.48
20876.53 20878.48
20877.03 20878.98
20877.03 20878.98
20877.03 20878.98
20876.53 20878.48
20876.53 20878.48
20876.53 20878.47
20876.58 20878.67
20876.58 20878.67
20876.53 20878.47
20876.53 20878.47
20876.47 20878.28
20876.47 20878.28
20877.83 20879.92
20876.53 20878.48
20876.53 20878.48
20877.08 20879.17
20878.53 20880.48
20878.53 20880.48
20878.53 20880.48
20878.53 20880.48
20878.58 20880.67
20878.58 20880.67
20878.53 20880.47
20878.53 20880.47
20878.28 20880.23
20878.28 20880.23
20878.58 20880.67
20878.58 20880.67
20878.53 20880.47
20880.03 20881.97
20880.03 20881.97
20877.28 20879.23
20877.28 20879.23
20877.33 20879.42
20877.33 20879.42
20877.48 20879.28
20877.48 20879.28
20877.22 20879.03
20877.48 20879.28
20877.48 20879.28
20877.28 20879.23
20877.28 20879.23
20877.73 20879.53
20877.73 20879.53
20877.28 20879.22
20877.28 20879.22
20877.53 20879.47
20877.53 20879.47
20877.53 20879.47
20877.53 20879.48
20877.53 20879.48
20876.22 20878.03
20876.22 20878.03
20876.22 20878.03
20876.53 20878.48
20876.53 20878.48
20876.53 20878.48
20876.53 20878.48
20876.21 20878.04
20876.15 20877.86
20876.15 20877.86
20877.03 20878.98
20877.03 20878.98
20877.28 20879.22
20877.28 20879.22
20877.28 20879.22
20877.28 20879.23
20877.33 20879.42
20877.33 20879.42
20877.53 20879.48
20877.53 20879.48
20876.58 20878.67
20876.58 20878.67
20875.78 20877.72
20877.48 20879.28
20877.48 20879.28
20877.78 20879.73
20877.78 20879.73
20877.78 20879.73
20877.73 20879.53
20877.73 20879.53
20877.73 20879.53
20876.15 20877.85
20876.15 20877.85
20876.16 20877.84
20876.16 20877.84
20875.98 20877.78
20876.33 20878.42
20876.33 20878.42
20876.33 20878.42
20875.48 20877.28
20875.48 20877.28
20875.48 20877.28
20875.47 20877.28
20875.47 20877.28
20875.47 20877.28
20874.63 20876.87
20873.73 20875.53
20873.73 20875.53
20873.73 20875.53
20873.78 20875.73
20873.78 20875.73
20874.64 20876.36
20874.65 20876.35
20874.65 20876.35
20873.53 20875.48
20873.53 20875.48
20876.58 20878.67
20876.58 20878.67
20876.58 20878.67
20876.58 20878.67
20877.53 20879.47
20877.53 20879.47
20877.28 20879.22
20877.28 20879.22
20877.03 20878.97
20877.03 20878.97
20877.03 20878.97
20876.78 20878.73
20876.78 20878.73
20877.03 20878.98
20877.03 20878.98
20877.03 20878.98
20877.03 20878.98
20877.03 20878.98
20877.03 20878.98
20877.23 20879.03
20877.23 20879.03
20880.78 20882.72
20880.78 20882.72
20881.03 20882.98
20881.03 20882.98
20881.71 20883.54
20881.71 20883.54
20881.71 20883.54
20881.33 20883.42
20881.33 20883.42
20881.71 20883.54
20881.71 20883.54
20881.08 20883.17
20880.03 20881.98
20880.03 20881.98
20880.03 20881.98
20880.03 20881.98
20880.03 20881.98
20880.23 20882.03
20880.23 20882.03
20880.23 20882.03
20880.15 20881.85
20880.15 20881.85
20880.15 20881.85
20880.15 20881.85
20880.53 20882.47
20880.53 20882.47
20881.03 20882.98
20881.03 20882.98
20881.22 20883.03
20881.22 20883.03
20881.33 20883.42
20881.33 20883.42
20881.58 20883.67
20881.58 20883.67
