20885.28 20887.23
20885.28 20887.23
20885.28 20887.23
20885.28 20887.23
20886.28 20888.23
20886.96 20888.79
20886.96 20888.79
20886.96 20888.79
20886.96 20888.79
20886.90 20888.60
20886.90 20888.60
20886.90 20888.60
20886.71 20888.54
20886.71 20888.54
20886.71 20888.54
20886.71 20888.54
20886.71 20888.54
20886.98 20888.78
20886.98 20888.78
20886.98 20888.78
20886.96 20888.79
20886.96 20888.79
20885.71 20887.54
20885.71 20887.54
20885.53 20887.47
20885.53 20887.47
20885.73 20887.53
20885.53 20887.47
20885.53 20887.47
20885.73 20887.53
20885.73 20887.53
20885.72 20887.53
20885.72 20887.53
20885.72 20887.53
20885.72 20887.53
20886.40 20888.10
20886.21 20888.04
20886.21 20888.04
20886.21 20888.04
20886.21 20888.04
20886.21 20888.04
20885.97 20887.78
20885.97 20887.78
20886.23 20888.03
20886.23 20888.03
20886.23 20888.03
20886.03 20887.98
20886.03 20887.98
20886.03 20887.98
20886.03 20887.98
20886.03 20887.98
20886.03 20887.98
20886.03 20887.98
20886.03 20887.98
20886.03 20887.98
20886.03 20887.98
20886.23 20888.03
20886.23 20888.03
20886.03 20887.97
20886.03 20887.97
20886.21 20888.04
20885.96 20887.79
20885.96 20887.79
20885.91 20887.60
20885.91 20887.60
20885.73 20887.53
20885.73 20887.53
20885.73 20887.53
20885.48 20887.28
20885.48 20887.28
20885.48 20887.28
20885.48 20887.28
20885.48 20887.28
20885.48 20887.28
20885.48 20887.28
20885.48 20887.28
20885.48 20887.28
20887.16 20888.84
20887.16 20888.84
20887.16 20888.84
20887.48 20889.28
20887.48 20889.28
20887.48 20889.28
20886.83 20888.92
20886.96 20888.79
20886.96 20888.79
20886.96 20888.79
20886.96 20888.79
20886.96 20888.79
20886.78 20888.72
20886.78 20888.72
20886.78 20888.72
20886.78 20888.72
20886.08 20888.17
20886.08 20888.17
20886.21 20888.04
20886.21 20888.04
20886.21 20888.04
20886.21 20888.04
20886.21 20888.04
20886.46 20888.29
20886.46 20888.29
20886.48 20888.28
20886.48 20888.28
20886.58 20888.67
20886.58 20888.67
20886.58 20888.67
20886.83 20888.92
20886.83 20888.92
20887.03 20888.98
20886.73 20888.53
20886.73 20888.53
20886.23 20888.03
20886.23 20888.03
20887.28 20889.22
20887.28 20889.22
20886.53 20888.47
20886.53 20888.47
20886.21 20888.04
20886.21 20888.04
20886.03 20887.97
20886.03 20887.97
20885.46 20887.29
20885.33 20887.42
20885.33 20887.42
20885.71 20887.54
20885.71 20887.54
20885.71 20887.54
20885.53 20887.48
20885.48 20887.28
20885.48 20887.28
20885.48 20887.28
20885.66 20887.35
20885.66 20887.35
20885.66 20887.35
20886.03 20887.98
20886.03 20887.98
20886.97 20888.78
20886.97 20888.78
20887.03 20888.97
20887.03 20888.97
20887.03 20888.97
20887.96 20889.79
20887.96 20889.79
20887.96 20889.79
20888.28 20890.22
20888.28 20890.22
20889.53 20891.47
20889.53 20891.47
20889.73 20891.53
20889.73 20891.53
20889.46 20891.29
20889.46 20891.29
20889.66 20891.35
20889.66 20891.35
20889.66 20891.35
20889.78 20891.73
20889.78 20891.73
20889.71 20891.54
20889.71 20891.54
20889.73 20891.53
20889.53 20891.48
20889.53 20891.48
20889.72 20891.53
20889.72 20891.53
20889.66 20891.34
20889.66 20891.34
20889.88 20891.37
20889.65 20891.35
20889.65 20891.35
20889.21 20891.04
20888.97 20890.78
20888.97 20890.78
20889.41 20891.10
20889.41 20891.10
20889.28 20891.22
20889.28 20891.22
20889.28 20891.22
20889.73 20891.53
20890.46 20892.29
20890.46 20892.29
20890.65 20892.35
20890.65 20892.35
20890.89 20892.61
20890.89 20892.61
20890.89 20892.61
20890.98 20892.78
20890.98 20892.78
20890.72 20892.53
20890.72 20892.53
20890.72 20892.53
20890.72 20892.53
20890.71 20892.54
20890.71 20892.54
20892.89 20894.61
20892.89 20894.61
20892.89 20894.61
20893.62 20895.13
20894.14 20895.86
20894.14 20895.86
20893.16 20894.85
20893.16 20894.85
20893.16 20894.85
20893.16 20894.85
20893.40 20895.11
20893.40 20895.11
20893.15 20894.85
20893.15 20894.85
20893.15 20894.85
20892.89 20894.61
20892.96 20894.79
20892.96 20894.79
20892.96 20894.79
20893.16 20894.85
20893.16 20894.85
20893.64 20895.11
20893.39 20895.11
20893.39 20895.11
20893.66 20895.34
20893.66 20895.34
20893.66 20895.34
20893.66 20895.34
20893.92 20895.08
20893.92 20895.08
20893.92 20895.08
20893.16 20894.84
20893.16 20894.84
20893.23 20895.03
20893.23 20895.03
20893.62 20895.13
20893.15 20894.86
20893.15 20894.86
20893.40 20895.11
20893.40 20895.11
20893.65 20894.85
20893.65 20894.85
20893.96 20895.79
20893.96 20895.79
20894.71 20896.54
20894.71 20896.54
20895.64 20897.36
20895.64 20897.36
20895.64 20897.36
20895.16 20896.84
20895.16 20896.84
20895.39 20896.86
20895.39 20896.86
20895.40 20897.11
20895.40 20897.11
20895.40 20897.11
20895.48 20897.28
20895.48 20897.28
20895.48 20897.28
20895.41 20897.10
20895.41 20897.10
20895.41 20897.10
20895.39 20897.11
20895.39 20897.11
20895.39 20897.11
20895.39 20897.11
20895.39 20897.11
20895.38 20896.88
20895.38 20896.88
20895.38 20896.88
20895.38 20896.88
20894.72 20896.53
20894.72 20896.53
20894.72 20896.53
20894.72 20896.53
20895.03 20896.97
20895.03 20896.97
20895.03 20896.97
20894.66 20896.35
20894.66 20896.35
20894.71 20896.54
20894.71 20896.54
20894.71 20896.54
20894.71 20896.54
20894.65 20896.36
20894.65 20896.36
20894.48 20896.28
20894.48 20896.28
20894.48 20896.28
20894.28 20896.23
20894.28 20896.23
20894.28 20896.23
20894.47 20896.28
20894.47 20896.28
20894.47 20896.28
20894.65 20896.35
20894.65 20896.35
20894.03 20895.98
20894.03 20895.98
20893.47 20895.28
20893.47 20895.28
20893.21 20895.04
20893.21 20895.04
20893.16 20894.85
20893.16 20894.85
20894.89 20896.36
20894.72 20896.53
20894.72 20896.53
20895.88 20897.37
20895.88 20897.37
20896.16 20897.85
20896.22 20898.03
20896.22 20898.03
20896.28 20898.22
20896.28 20898.22
20898.46 20900.29
20897.40 20899.11
20897.40 20899.11
20897.46 20899.29
20897.53 20899.47
20897.53 20899.47
20897.23 20899.03
20897.15 20898.85
20897.15 20898.85
20897.15 20898.85
20897.23 20899.03
20897.23 20899.03
20897.23 20899.03
20897.14 20898.86
20897.14 20898.86
20897.53 20899.47
20897.53 20899.47
20897.46 20899.29
20897.46 20899.29
20897.46 20899.29
20897.46 20899.29
20897.97 20899.78
20897.97 20899.78
20898.63 20900.13
20898.63 20900.13
20899.15 20900.85
20899.15 20900.85
20899.15 20900.86
20899.15 20900.86
20900.38 20901.87
20900.38 20901.87
20899.98 20901.78
20899.72 20901.53
20899.72 20901.53
20899.90 20901.60
20899.90 20901.60
20899.90 20901.60
20899.91 20901.59
20899.71 20901.54
20899.71 20901.54
20899.03 20900.97
20899.03 20900.97
20899.22 20901.03
20898.78 20900.73
20898.78 20900.73
20899.65 20901.36
20899.65 20901.36
20899.15 20900.85
20899.21 20901.04
20899.21 20901.04
20898.91 20900.60
20898.65 20900.35
20898.65 20900.35
20898.73 20900.53
20898.73 20900.53
20898.22 20900.03
20898.22 20900.03
20896.47 20898.28
20896.47 20898.28
20896.08 20898.17
20896.08 20898.17
20895.73 20897.53
20895.73 20897.53
20895.96 20897.79
20895.96 20897.79
20896.16 20897.84
20896.16 20897.84
20896.23 20898.03
20896.23 20898.03
20896.23 20898.03
20896.23 20898.03
20896.23 20898.03
20896.23 20898.03
20896.23 20898.03
20896.66 20898.35
20895.65 20897.35
20895.65 20897.35
20895.65 20897.35
20895.91 20897.60
20895.91 20897.60
20896.15 20897.85
20896.15 20897.85
20896.15 20897.85
20898.28 20900.22
20898.47 20900.28
20898.47 20900.28
20898.47 20900.28
20898.47 20900.28
20898.47 20900.28
20898.47 20900.28
20898.47 20900.28
20898.48 20900.28
20898.48 20900.28
20898.73 20900.53
20898.73 20900.53
20898.66 20900.34
20898.47 20900.28
20898.47 20900.28
20898.47 20900.28
20898.47 20900.28
20898.46 20900.29
20898.46 20900.29
20898.73 20900.53
20898.73 20900.53
20898.46 20900.29
20898.46 20900.29
20898.65 20900.36
20898.65 20900.36
20899.64 20901.36
20898.91 20900.60
20898.91 20900.60
20898.91 20900.60
20898.90 20900.61
20898.90 20900.61
20898.73 20900.53
20898.73 20900.53
20898.73 20900.53
20898.73 20900.53
20898.90 20900.60
20898.90 20900.60
20899.63 20901.12
20899.66 20901.35
20899.66 20901.35
20899.88 20901.37
20900.64 20902.36
20900.64 20902.36
20900.91 20902.60
20900.91 20902.60
20901.66 20903.34
20901.66 20903.34
20901.47 20903.28
20901.47 20903.28
20902.21 20904.04
20902.16 20903.85
20902.16 20903.85
20902.16 20903.85
20902.63 20904.12
20902.16 20903.85
20902.16 20903.85
20902.16 20903.84
20902.16 20903.84
20902.21 20904.04
20902.16 20903.84
20902.16 20903.84
20902.15 20903.85
20902.15 20903.85
20903.15 20904.86
20903.78 20905.73
20903.78 20905.73
20903.78 20905.73
20904.64 20906.36
20904.64 20906.36
20904.64 20906.36
20905.13 20906.62
20905.13 20906.62
20904.66 20906.35
20904.66 20906.35
20904.66 20906.35
20904.89 20906.61
20904.89 20906.61
20904.72 20906.53
20904.72 20906.53
20904.63 20906.12
20904.63 20906.12
20903.21 20905.04
20903.21 20905.04
20903.28 20905.23
20902.72 20904.53
20902.72 20904.53
20902.91 20904.60
20902.91 20904.60
20902.73 20904.53
20902.73 20904.53
20902.73 20904.53
20902.16 20903.85
20902.16 20903.85
20901.97 20903.78
20902.14 20903.86
20902.14 20903.86
20901.97 20903.78
20901.97 20903.78
20902.53 20904.47
20902.53 20904.47
20902.53 20904.47
20902.53 20904.47
20902.47 20904.28
20901.71 20903.54
20901.71 20903.54
20902.89 20904.61
20902.89 20904.61
20902.89 20904.61
20902.97 20904.78
20902.97 20904.78
20903.38 20904.88
20903.38 20904.88
20902.62 20904.13
20902.90 20904.61
20902.90 20904.61
20902.89 20904.61
20902.89 20904.61
20903.16 20904.85
20902.72 20904.53
20902.72 20904.53
20902.72 20904.53
20902.65 20904.36
20902.65 20904.36
20902.71 20904.54
20902.71 20904.54
20902.78 20904.72
20902.78 20904.72
20902.91 20904.60
20902.91 20904.60
20902.72 20904.53
20902.78 20904.73
20902.78 20904.73
20903.47 20905.28
20903.47 20905.28
20903.41 20905.09
20903.41 20905.09
20903.47 20905.28
20903.47 20905.28
20901.39 20903.11
20901.39 20903.11
20900.72 20902.53
20900.72 20902.53
20899.63 20901.13
20899.63 20901.13
20901.15 20902.85
20901.15 20902.85
20901.14 20902.86
20901.14 20902.86
20902.40 20904.10
20902.40 20904.10
20902.66 20904.35
20902.21 20904.04
20902.21 20904.04
20902.22 20904.03
20902.22 20904.03
20902.22 20904.03
20902.22 20904.03
20902.23 20904.03
20902.23 20904.03
20901.90 20903.61
20901.90 20903.61
20901.90 20903.61
20902.14 20903.86
20902.14 20903.86
20902.22 20904.03
20902.22 20904.03
20902.65 20904.36
20903.16 20904.85
20903.16 20904.85
20903.63 20905.12
20904.21 20906.04
20904.21 20906.04
20904.21 20906.04
20904.03 20905.98
20904.03 20905.98
20904.39 20906.11
20904.39 20906.11
20904.39 20906.11
20904.48 20906.28
20905.28 20907.23
20905.28 20907.23
20905.28 20907.23
20905.28 20907.23
20905.28 20907.23
20905.28 20907.23
20905.21 20907.04
20904.71 20906.54
20904.71 20906.54
20904.91 20906.59
20904.91 20906.59
20904.91 20906.59
20905.03 20906.98
20905.03 20906.98
20905.90 20907.60
20905.90 20907.60
20906.23 20908.03
20906.72 20908.53
20906.72 20908.53
20906.72 20908.53
20906.53 20908.47
20906.28 20908.22
20902.21 20904.04
20902.21 20904.04
20901.21 20903.04
20900.97 20902.78
20900.97 20902.78
20900.66 20902.34
20900.66 20902.34
20900.53 20902.47
20900.53 20902.47
20900.47 20902.28
20900.38 20901.87
20900.38 20901.87
20899.72 20901.53
20899.72 20901.53
20898.98 20900.78
20898.47 20900.28
20898.47 20900.28
20898.47 20900.28
20897.98 20899.78
20897.98 20899.78
20897.98 20899.78
20897.98 20899.78
20898.14 20899.86
20898.14 20899.86
20898.14 20899.86
20898.16 20899.84
20898.16 20899.84
20898.23 20900.03
20898.23 20900.03
20898.22 20900.03
20898.22 20900.03
