20893.66 20895.35
20893.66 20895.35
20893.66 20895.35
20893.88 20895.38
20893.88 20895.38
20893.88 20895.38
20893.41 20895.09
20893.41 20895.09
20894.22 20896.03
20894.22 20896.03
20893.41 20895.09
20893.41 20895.09
20893.92 20895.08
20893.92 20895.08
20893.92 20895.08
20892.66 20894.35
20892.66 20894.35
20893.16 20894.85
20893.16 20894.85
20893.81 20894.44
20893.14 20894.61
20893.14 20894.61
20893.66 20894.85
20893.66 20894.85
20893.92 20895.08
20893.92 20895.08
20893.92 20895.08
20892.88 20894.37
20892.67 20893.83
20892.67 20893.83
20892.38 20893.87
20892.41 20893.59
20892.41 20893.59
20892.42 20893.58
20892.42 20893.58
20891.97 20893.78
20891.97 20893.78
20893.63 20895.12
20893.63 20895.12
20892.91 20894.59
20892.91 20894.59
20892.90 20894.60
20892.90 20894.60
20892.21 20894.04
20892.21 20894.04
20892.47 20894.28
20892.47 20894.28
20892.23 20894.03
20892.23 20894.03
20892.23 20894.03
20892.38 20893.87
20892.38 20893.87
20892.15 20893.86
20892.15 20893.86
20892.15 20893.86
20892.15 20893.85
20892.15 20893.85
20892.64 20894.11
20892.64 20894.11
20891.65 20893.35
20891.16 20892.85
20891.16 20892.85
20891.13 20892.62
20891.13 20892.62
20891.14 20892.86
20891.14 20892.86
20891.14 20892.86
20891.63 20893.12
20891.63 20893.12
20891.89 20893.36
20891.89 20893.36
20891.88 20893.37
20891.88 20893.37
20891.88 20893.37
20891.88 20893.38
20891.88 20893.38
20892.16 20893.84
20892.16 20893.84
20892.16 20893.84
20893.16 20894.84
20893.16 20894.84
20892.90 20894.61
20892.63 20894.12
20892.63 20894.12
20892.67 20893.83
20892.67 20893.83
20891.15 20892.86
20891.15 20892.86
20890.96 20892.79
20890.96 20892.79
20890.91 20892.60
20890.91 20892.60
20890.96 20892.79
20890.96 20892.79
20890.91 20892.59
20890.91 20892.59
20891.14 20892.86
20891.14 20892.86
20891.66 20893.34
20891.66 20893.34
20891.71 20893.54
20891.71 20893.54
20891.71 20893.54
20891.71 20893.54
20891.48 20893.28
20891.48 20893.28
20891.48 20893.28
20892.16 20893.34
20892.16 20893.34
20892.16 20893.34
20892.16 20893.34
20892.16 20893.34
20892.16 20893.34
20891.72 20893.53
20891.72 20893.53
20892.88 20894.38
20892.39 20894.11
20892.39 20894.11
20892.39 20894.11
20892.39 20894.11
20892.46 20894.29
20892.46 20894.29
20892.37 20893.88
20892.37 20893.88
20892.89 20894.36
20892.89 20894.36
20892.89 20894.36
20892.90 20894.61
20892.90 20894.61
20892.88 20894.38
20892.88 20894.38
20892.14 20893.86
20892.14 20893.86
20892.39 20893.86
20892.12 20893.63
20892.12 20893.63
20892.40 20894.10
20892.89 20894.36
20892.89 20894.36
20892.89 20894.36
20892.88 20894.37
20892.88 20894.37
20892.88 20894.37
20892.88 20894.37
20892.88 20894.37
20892.88 20894.37
20892.65 20894.36
20892.65 20894.36
20892.65 20894.36
20892.62 20894.13
20892.62 20894.13
20892.89 20894.36
20892.89 20894.36
20892.65 20894.36
20894.89 20896.61
20894.89 20896.61
20894.89 20896.61
20893.41 20895.09
20893.41 20895.09
20893.41 20895.09
20893.64 20895.11
20893.66 20895.35
20893.66 20895.35
20893.66 20895.35
20893.38 20894.88
20893.38 20894.88
20893.13 20894.63
20893.13 20894.63
20893.13 20894.63
20893.63 20895.12
20893.63 20895.12
20892.46 20894.29
20892.46 20894.29
20892.46 20894.29
20893.41 20894.59
20893.37 20894.88
20893.37 20894.88
20893.55 20894.20
20893.55 20894.20
20894.91 20896.59
20895.71 20897.54
20895.71 20897.54
20895.90 20897.60
20895.90 20897.60
20896.16 20897.34
20896.16 20897.34
20895.88 20897.38
20895.88 20897.38
20896.16 20897.34
20896.16 20897.34
20896.16 20897.34
20895.91 20897.09
20895.91 20897.09
20895.40 20897.10
20895.40 20897.10
20895.39 20897.11
20895.38 20896.87
20895.38 20896.87
20895.38 20896.87
20895.38 20896.87
20895.38 20896.87
20895.66 20896.85
20893.97 20895.78
20893.97 20895.78
20893.91 20895.60
20893.15 20894.86
20893.15 20894.86
20892.87 20894.38
20892.66 20894.34
20892.66 20894.34
20892.66 20894.34
20892.66 20894.34
20892.66 20894.34
20893.66 20894.85
20893.66 20894.85
20893.66 20894.85
20893.66 20894.85
20894.31 20894.94
20894.31 20894.94
20894.31 20894.94
20894.14 20895.61
20894.14 20895.61
20894.14 20895.61
20894.14 20895.61
20894.41 20896.09
20894.41 20896.09
20894.14 20895.61
20893.13 20894.62
20892.88 20894.38
20892.88 20894.38
20893.16 20894.84
20893.16 20894.84
20893.63 20895.13
20894.62 20896.13
20894.62 20896.13
20894.65 20896.36
20894.65 20896.36
20894.65 20896.36
20894.63 20896.12
20894.63 20896.12
20894.63 20896.12
20894.63 20896.12
20894.41 20896.09
20894.41 20896.09
20893.87 20895.38
20893.87 20895.38
20894.14 20895.61
20894.14 20895.61
20895.13 20896.62
20895.16 20896.84
20895.16 20896.84
20894.16 20895.84
20894.16 20895.84
20894.42 20895.58
20894.42 20895.58
20894.14 20895.61
20893.89 20895.36
20893.89 20895.36
20893.37 20894.88
20893.37 20894.88
20893.37 20894.88
20893.40 20895.10
20893.40 20895.10
20893.40 20895.10
20893.38 20894.88
20893.38 20894.88
20893.38 20894.88
20893.38 20894.87
20893.38 20894.87
20893.38 20894.87
20893.38 20894.87
20893.63 20895.13
20893.63 20895.13
20893.66 20895.35
20893.66 20895.35
20893.66 20895.35
20893.62 20895.13
20893.62 20895.13
20893.66 20895.34
20893.66 20895.34
20894.15 20895.85
20894.15 20895.85
20894.15 20895.85
20894.46 20896.29
20894.46 20896.29
20894.46 20896.29
20894.66 20896.35
20894.66 20896.35
20894.66 20896.34
20894.66 20896.34
20894.66 20896.34
20895.14 20896.61
20895.14 20896.61
20895.14 20896.61
20895.14 20896.61
20894.88 20896.38
20894.88 20896.38
20895.39 20896.86
20895.39 20896.86
20895.15 20896.86
20895.15 20896.86
20895.37 20896.88
20895.16 20896.84
20895.16 20896.84
20895.66 20897.34
20895.66 20897.34
20895.48 20897.28
20895.48 20897.28
20895.40 20897.10
20895.40 20897.10
20895.40 20897.10
20895.38 20896.87
20895.38 20896.87
20895.38 20896.87
20895.38 20896.87
20895.39 20896.86
20895.39 20896.86
20895.41 20897.10
20895.41 20897.10
20895.21 20897.04
20895.21 20897.04
20893.14 20894.86
20893.14 20894.86
20893.13 20894.63
20893.40 20895.10
20893.40 20895.10
20893.41 20895.10
20893.41 20895.10
20893.41 20895.10
20893.21 20895.04
20893.21 20895.04
20893.21 20895.04
20894.06 20894.69
20892.63 20894.13
20892.63 20894.13
20892.63 20894.13
20892.64 20894.11
20892.64 20894.11
20892.88 20894.37
20892.88 20894.37
20892.88 20894.37
20892.15 20893.86
20892.15 20893.86
20892.37 20893.88
20892.37 20893.88
20892.37 20893.88
20892.16 20893.84
20892.16 20893.84
20892.64 20894.11
20892.64 20894.11
20892.15 20893.85
20892.15 20893.85
20892.42 20893.59
20892.42 20893.59
20892.42 20893.59
20892.42 20893.59
20892.13 20893.63
20892.13 20893.63
20892.16 20893.84
20892.16 20893.84
20892.16 20893.84
20892.16 20893.84
20892.16 20893.84
20892.15 20893.86
20892.15 20893.86
20892.90 20894.60
20892.90 20894.61
20892.90 20894.61
20894.17 20895.33
20894.17 20895.33
20892.65 20894.36
20892.65 20894.36
20892.23 20894.03
20892.63 20894.12
20892.63 20894.12
20891.88 20893.38
20891.88 20893.38
20891.66 20893.34
20891.13 20892.62
20891.13 20892.62
20890.13 20891.63
20890.13 20891.63
20889.97 20891.78
20888.65 20890.36
20888.65 20890.36
20886.73 20888.53
20886.73 20888.53
20886.40 20888.11
20886.14 20887.86
20886.14 20887.86
20886.64 20888.11
20886.64 20888.11
20886.41 20888.10
20886.41 20888.10
20886.63 20888.13
20886.63 20888.13
20886.38 20887.87
20886.63 20888.12
20886.63 20888.12
20887.14 20888.61
20887.14 20888.61
20887.90 20889.60
20887.90 20889.60
20887.88 20889.37
20887.90 20889.61
20887.90 20889.61
20887.90 20889.61
20885.91 20887.60
20885.91 20887.60
20886.13 20887.63
20886.13 20887.63
20885.88 20887.38
20885.88 20887.38
20885.88 20887.38
20886.13 20887.62
20885.92 20887.08
20886.40 20887.60
20886.40 20887.60
20888.91 20890.09
20888.91 20890.09
20888.66 20890.34
20888.66 20890.34
20888.66 20890.34
20888.66 20890.34
20888.66 20890.34
20889.40 20890.60
20889.42 20890.58
20889.42 20890.58
20889.65 20891.35
20889.16 20890.85
20889.16 20890.85
20889.16 20890.85
20889.15 20890.86
20889.15 20890.86
20888.96 20890.79
20888.96 20890.79
20888.98 20890.78
20888.98 20890.78
20888.71 20890.54
20888.71 20890.54
20888.65 20890.36
20888.65 20890.36
20888.65 20890.36
20888.48 20890.28
20888.48 20890.28
20887.98 20889.78
20887.98 20889.78
20888.16 20889.85
20888.15 20889.86
20888.15 20889.86
20887.88 20889.38
20887.62 20889.13
20887.62 20889.13
20887.65 20889.35
20887.65 20889.35
20888.16 20889.85
20888.16 20889.85
20888.16 20889.84
20888.16 20889.84
20888.38 20889.87
20888.38 20889.87
20889.13 20890.62
20889.12 20890.63
20889.12 20890.63
20889.14 20890.61
20889.14 20890.61
20889.13 20890.62
20889.13 20890.62
20889.13 20890.62
20889.13 20890.62
20889.15 20890.35
20889.15 20890.35
20889.14 20890.61
20889.66 20890.84
20889.66 20890.84
20889.66 20890.84
20889.66 20890.84
20889.16 20890.85
20889.16 20890.85
20889.16 20890.85
20889.16 20890.85
20889.16 20890.85
20889.15 20890.86
20889.15 20890.86
20889.13 20890.63
20889.13 20890.63
20889.13 20890.62
20889.13 20890.62
20889.38 20890.88
20889.14 20890.86
20889.14 20890.86
20889.15 20890.85
20889.15 20890.85
20889.15 20890.85
20889.15 20890.85
20889.39 20890.86
20889.39 20890.86
20889.42 20890.58
20889.42 20890.58
20889.42 20890.58
20889.42 20890.58
20888.91 20890.60
20888.91 20890.60
20888.91 20890.60
20888.91 20890.60
20889.14 20890.61
20889.14 20890.61
20887.66 20889.35
20887.08 20889.17
20887.08 20889.17
20887.15 20888.85
20887.15 20888.85
20887.88 20889.38
20887.88 20889.38
20887.89 20889.36
20887.89 20889.36
20887.88 20889.38
20888.66 20890.35
20888.66 20890.35
20888.66 20890.35
20888.16 20889.85
20888.16 20889.85
20889.56 20890.20
20889.56 20890.20
20889.56 20890.20
20889.56 20890.20
20889.56 20890.20
20889.38 20890.88
20890.16 20891.34
20890.16 20891.34
20890.16 20891.34
20890.16 20891.34
20890.39 20892.11
20890.39 20892.11
20890.23 20892.03
20890.23 20892.03
20890.23 20892.03
20890.66 20892.35
20890.66 20892.35
20891.17 20892.33
20891.17 20892.33
20890.91 20892.59
20890.91 20892.60
20890.91 20892.60
20890.67 20891.83
20890.63 20892.12
20890.63 20892.12
20890.40 20892.11
20890.64 20892.11
20890.64 20892.11
20888.92 20890.08
20888.92 20890.08
20888.92 20890.08
20888.88 20890.37
20888.88 20890.37
20888.88 20890.37
20888.88 20890.37
20890.42 20891.58
20890.42 20891.58
20890.13 20891.63
20890.13 20891.63
20890.14 20891.61
20890.14 20891.61
20889.62 20891.13
20889.66 20891.34
20889.66 20891.34
20890.39 20891.86
20890.39 20891.86
20890.39 20891.86
20890.39 20891.86
20890.16 20891.84
20890.16 20891.84
20890.16 20891.85
20890.16 20891.85
20889.96 20891.79
20889.96 20891.79
20889.96 20891.79
20890.21 20892.04
20890.21 20892.04
20891.38 20892.87
20891.38 20892.87
20891.41 20893.10
20891.41 20893.10
20891.41 20893.10
20889.23 20891.03
20889.23 20891.03
20889.23 20891.03
20889.40 20891.11
20889.38 20890.88
20889.38 20890.88
20889.38 20890.88
20889.38 20890.87
20890.06 20890.69
20890.06 20890.69
20890.06 20890.69
20890.06 20890.69
20890.06 20890.69
20890.06 20890.69
20889.14 20890.86
20889.14 20890.86
20889.14 20890.86
20889.14 20890.86
20889.14 20890.86
20889.14 20890.86
20889.14 20890.86
20889.12 20890.63
20890.39 20891.86
20890.39 20891.86
20890.39 20891.86
20890.39 20891.86
20890.39 20891.86
20890.39 20891.86
20890.38 20891.88
20890.38 20891.88
20889.89 20891.36
20889.89 20891.36
20890.66 20892.35
20890.66 20892.35
20890.97 20892.78
20890.97 20892.78
20891.41 20893.10
20891.41 20893.10
