21034.89 21036.36
21034.89 21036.36
21034.89 21036.36
21034.89 21036.36
21034.89 21036.36
21034.89 21036.36
21034.89 21036.36
21034.89 21036.36
21034.88 21036.38
21034.88 21036.38
21034.88 21036.38
21034.88 21036.38
21034.91 21036.09
21034.91 21036.09
21034.91 21036.09
21034.91 21036.09
21034.91 21036.09
21035.97 21037.78
21036.40 21038.10
21036.40 21038.10
21036.63 21038.13
21036.63 21038.13
21036.41 21038.10
21036.41 21038.10
21035.97 21037.78
21035.97 21037.78
21036.21 21038.04
21036.41 21038.10
21036.41 21038.10
21036.40 21037.60
21035.65 21037.36
21035.65 21037.36
21035.47 21037.28
21035.47 21037.28
21035.47 21037.28
21035.47 21037.28
21035.21 21037.04
21035.21 21037.04
21035.21 21037.04
21034.98 21036.78
21034.98 21036.78
21035.41 21037.09
21035.41 21037.09
21035.16 21036.85
21035.16 21036.85
21035.16 21036.85
21035.16 21036.85
21035.64 21037.11
21035.64 21037.11
21035.40 21037.10
21035.65 21037.36
21035.65 21037.36
21035.65 21037.35
21035.71 21037.54
21035.71 21037.54
21035.71 21037.54
21035.73 21037.53
21035.73 21037.53
21035.73 21037.53
21035.73 21037.53
21035.73 21037.53
21035.91 21037.59
21035.91 21037.59
21035.91 21037.59
21035.16 21036.85
21035.16 21036.85
21035.41 21037.10
21035.41 21037.10
21035.38 21036.88
21035.64 21037.11
21035.64 21037.11
21035.91 21037.59
21035.91 21037.59
21035.91 21037.59
21035.91 21037.59
21035.91 21037.59
21035.64 21037.36
21035.64 21037.36
21035.64 21037.36
21035.66 21037.35
21035.66 21037.35
21035.87 21037.38
21035.87 21037.38
21035.90 21037.60
21035.90 21037.60
21035.66 21037.34
21035.66 21037.34
21035.89 21037.36
21035.89 21037.36
21035.89 21037.36
21035.73 21037.53
21035.73 21037.53
21035.97 21037.78
21035.97 21037.78
21035.72 21037.53
21035.72 21037.53
21033.96 21035.79
21033.96 21035.79
21033.96 21035.79
21035.16 21036.84
21035.16 21036.84
21035.16 21036.84
21035.39 21036.86
21035.39 21036.86
21034.64 21036.11
21034.64 21036.11
21034.81 21035.44
21034.81 21035.44
21034.64 21036.11
21034.64 21036.11
21034.72 21036.53
21034.72 21036.53
21034.88 21036.38
21034.88 21036.38
21034.88 21036.38
21034.88 21036.38
21034.88 21036.38
21034.92 21036.08
21034.92 21036.08
21034.93 21036.08
21034.93 21036.08
21034.93 21036.08
21034.93 21036.08
21034.92 21036.08
21034.92 21036.08
21034.15 21035.85
21034.15 21035.85
21034.15 21035.86
21034.41 21036.09
21034.41 21036.09
21034.15 21035.85
21034.15 21035.85
21034.15 21035.85
21034.22 21036.03
21034.22 21036.03
21034.41 21036.09
21034.41 21036.09
21034.23 21036.03
21034.23 21036.03
21034.16 21035.85
21034.16 21035.85
21034.14 21035.61
21034.14 21035.61
21034.41 21036.09
21034.41 21036.09
21034.41 21036.09
21034.16 21035.85
21034.16 21035.85
21034.16 21035.85
21034.16 21035.84
21034.16 21035.84
21034.16 21035.85
21034.16 21035.85
21034.16 21035.85
21034.16 21035.85
21034.64 21036.11
21034.64 21036.11
21034.65 21036.35
21034.65 21036.35
21034.65 21036.35
21034.89 21036.36
21034.89 21036.36
21034.89 21036.36
21034.41 21036.09
21033.89 21035.36
21033.89 21035.36
21033.89 21035.36
21033.88 21035.37
21033.88 21035.37
21034.14 21035.61
21034.14 21035.61
21034.14 21035.61
21034.14 21035.61
21033.88 21035.37
21033.88 21035.37
21033.91 21035.60
21033.91 21035.60
21033.91 21035.60
21033.91 21035.60
21034.14 21035.61
21034.14 21035.61
21034.66 21036.35
21034.66 21036.35
21034.89 21036.61
21034.89 21036.61
21034.89 21036.61
21034.89 21036.36
21034.89 21036.36
21034.89 21036.36
21035.06 21035.69
21034.91 21036.60
21034.91 21036.60
21034.91 21036.60
21034.97 21036.78
21034.97 21036.78
21035.98 21037.78
21035.98 21037.78
21035.96 21037.79
21035.96 21037.79
21035.89 21037.36
21035.89 21037.36
21036.16 21037.85
21036.16 21037.85
21036.14 21037.61
21036.14 21037.61
21036.14 21037.61
21035.28 21037.22
21035.28 21037.22
21034.40 21036.11
21034.40 21036.11
21033.90 21035.61
21033.90 21035.61
21035.17 21036.33
21035.17 21036.33
21034.71 21036.54
21034.71 21036.54
21034.48 21036.28
21034.66 21036.34
21034.66 21036.34
21034.47 21036.28
21034.47 21036.28
21034.40 21036.11
21034.40 21036.11
21034.40 21036.11
21034.40 21036.11
21034.66 21036.34
21034.66 21036.34
21034.66 21036.34
21034.65 21036.35
21034.65 21036.35
21034.41 21036.10
21034.41 21036.10
21034.41 21036.09
21034.41 21036.09
21034.40 21036.11
21034.40 21036.11
21034.40 21036.11
21034.40 21036.11
21034.40 21036.11
21034.16 21035.85
21034.16 21035.85
21034.16 21035.85
21034.23 21036.03
21034.23 21036.03
21034.37 21035.88
21034.21 21036.04
21034.21 21036.04
21034.21 21036.04
21034.16 21035.84
21034.16 21035.84
21034.16 21035.84
21034.22 21036.03
21034.41 21036.10
21034.41 21036.10
21034.41 21036.10
21034.22 21036.03
21034.23 21036.03
21034.23 21036.03
21034.23 21036.03
21034.21 21036.04
21035.22 21037.03
21035.22 21037.03
21035.46 21037.29
21035.46 21037.29
21034.53 21036.48
21034.53 21036.48
21034.16 21035.85
21034.16 21035.85
21034.16 21035.84
21034.16 21035.84
21034.16 21035.84
21034.16 21035.84
21034.62 21036.13
21034.62 21036.13
21033.39 21034.86
21033.39 21034.86
21033.47 21035.28
21033.89 21035.36
21033.89 21035.36
21033.46 21035.29
21033.46 21035.29
21033.46 21035.29
21033.73 21035.53
21033.73 21035.53
21033.73 21035.53
21033.73 21035.53
21033.73 21035.53
21034.39 21035.86
21033.65 21035.36
21033.65 21035.36
21033.40 21035.10
21033.40 21035.10
21033.66 21035.34
21033.65 21035.35
21033.65 21035.35
21033.48 21035.28
21033.48 21035.28
21033.67 21034.83
21033.15 21034.86
21033.15 21034.86
21034.41 21036.10
21034.41 21036.10
21034.66 21036.34
21034.64 21036.11
21034.64 21036.11
21035.06 21035.69
21035.06 21035.69
21035.06 21035.69
21035.06 21035.69
21035.21 21037.04
21035.21 21037.04
21035.88 21037.37
21036.39 21037.86
21036.39 21037.86
21036.39 21037.86
21036.39 21037.86
21036.65 21038.35
21036.65 21038.35
21036.89 21038.36
21036.89 21038.36
21037.89 21039.36
21037.89 21039.36
21037.89 21039.36
21037.65 21039.36
21037.88 21039.38
21037.88 21039.38
21037.71 21039.54
21037.71 21039.54
21037.71 21039.54
21038.13 21039.63
21038.14 21039.61
21038.14 21039.61
21038.64 21040.11
21038.64 21040.11
21038.64 21040.11
21038.64 21040.11
21038.15 21039.85
21038.15 21039.85
21038.22 21040.03
21038.16 21039.85
21038.16 21039.85
21038.16 21039.85
21038.41 21040.10
21038.41 21040.10
21038.66 21040.34
21040.14 21041.86
21040.14 21041.86
21040.41 21042.09
21040.41 21042.09
21040.46 21042.29
21040.15 21041.86
21040.15 21041.86
21040.89 21042.36
21040.89 21042.36
21041.16 21042.85
21041.16 21042.85
21041.16 21042.85
21041.16 21042.85
21041.14 21042.61
21041.14 21042.61
21041.14 21042.61
21040.90 21042.61
21040.90 21042.61
21040.90 21042.61
21040.91 21042.59
21040.91 21042.59
21041.16 21042.85
21041.16 21042.85
21040.90 21042.61
21040.90 21042.61
21040.90 21042.60
21039.63 21041.12
21039.63 21041.12
21039.73 21041.53
21039.73 21041.53
21039.73 21041.53
21039.65 21041.36
21039.66 21041.35
21039.66 21041.35
21038.21 21040.04
21038.47 21040.28
21038.47 21040.28
21039.16 21040.84
21039.16 21040.84
21039.66 21041.35
21039.66 21041.35
21040.65 21042.36
21040.40 21042.11
21040.40 21042.11
21040.16 21041.84
21040.16 21041.84
21039.91 21041.60
21039.91 21041.60
21039.91 21041.60
21040.47 21042.28
21041.14 21042.61
21041.14 21042.61
21041.14 21042.61
21040.66 21041.84
21040.89 21042.36
21040.89 21042.36
21040.88 21042.38
21040.88 21042.38
21040.88 21042.38
21041.23 21043.03
21041.23 21043.03
21041.23 21043.03
21041.41 21043.09
21041.41 21043.09
21041.47 21043.28
21041.47 21043.28
21041.28 21043.23
21041.28 21043.23
21040.65 21042.36
21040.65 21042.36
21040.39 21041.86
21040.39 21041.86
21040.63 21042.13
21040.63 21042.13
21040.63 21042.13
21040.63 21042.13
21040.39 21041.86
21040.39 21041.86
21039.15 21040.86
21039.15 21040.86
21039.15 21040.86
21039.16 21040.85
21039.16 21040.85
21039.16 21040.85
21039.38 21040.87
21039.38 21040.87
21039.47 21041.28
21039.47 21041.28
21039.47 21041.28
21039.47 21041.28
21039.47 21041.28
21039.47 21041.28
21039.47 21041.28
21039.47 21041.28
21039.66 21041.35
21039.66 21041.35
21039.66 21041.34
21039.66 21041.34
21039.90 21041.61
21039.90 21041.61
21039.73 21041.53
21039.73 21041.53
21039.73 21041.53
21039.73 21041.53
21039.41 21041.09
21039.65 21041.35
21039.65 21041.35
21039.47 21041.28
21039.47 21041.28
21039.66 21041.34
21039.66 21041.34
21039.66 21041.34
21038.97 21040.78
21038.97 21040.78
21039.03 21040.97
21039.03 21040.97
21038.93 21040.08
21039.71 21041.54
21039.71 21041.54
21039.71 21041.54
21039.71 21041.54
21039.71 21041.54
21039.71 21041.54
21039.39 21040.86
21039.39 21040.86
21039.16 21040.85
21039.16 21040.85
21040.14 21041.86
21040.14 21041.86
21040.39 21041.86
21040.39 21041.86
21040.39 21041.86
21040.66 21042.34
21040.66 21042.34
21040.21 21042.04
21041.65 21043.35
21041.65 21043.35
21041.47 21043.28
21040.15 21041.86
21040.15 21041.86
21040.15 21041.86
21040.64 21042.11
21040.64 21042.11
21040.39 21041.86
21040.39 21041.86
21040.39 21041.86
21040.14 21041.61
21040.14 21041.61
21040.21 21042.04
21040.21 21042.04
21040.21 21042.04
21040.39 21041.86
21040.41 21042.10
21040.41 21042.10
21040.41 21042.10
21040.90 21042.10
21040.90 21042.10
21040.90 21042.10
21040.16 21041.84
21040.16 21041.84
21040.41 21042.10
21040.38 21041.87
21040.38 21041.87
21040.88 21042.38
21040.88 21042.38
21040.88 21042.38
21040.66 21042.35
21040.66 21042.35
21040.66 21041.85
21040.66 21041.85
21040.14 21041.61
21040.14 21041.61
21040.39 21041.86
21040.39 21041.86
21040.66 21041.84
21040.66 21041.84
21040.66 21041.84
21041.15 21042.35
21041.15 21042.35
21043.64 21045.11
21043.64 21045.11
21043.97 21045.78
21043.65 21045.35
21043.65 21045.35
21042.88 21044.37
21042.88 21044.37
21042.40 21044.11
21042.41 21044.10
21042.41 21044.10
21042.89 21044.36
21042.89 21044.36
21042.89 21044.36
21042.88 21044.38
21042.88 21044.38
21042.91 21044.60
21042.90 21044.61
21042.90 21044.61
21043.39 21044.86
21043.39 21044.86
21042.65 21044.35
21042.65 21044.35
21042.87 21044.38
21042.96 21044.79
21042.96 21044.79
21043.13 21044.62
21043.13 21044.62
21043.39 21044.86
21043.67 21044.83
21043.67 21044.83
21043.37 21044.88
21043.37 21044.88
21043.64 21045.11
21043.64 21045.11
21044.65 21045.85
21044.65 21045.85
21044.65 21045.85
21044.66 21045.84
21045.15 21046.35
21045.15 21046.35
21044.88 21046.37
21044.63 21046.12
21044.63 21046.12
21044.63 21046.12
21043.17 21044.33
21043.17 21044.33
21043.39 21044.86
21043.39 21044.86
21043.38 21044.88
21043.38 21044.88
21043.64 21045.11
21043.64 21045.11
21043.90 21045.61
21044.15 21045.35
21044.15 21045.35
21043.66 21045.34
21043.14 21044.61
21043.14 21044.61
21043.63 21045.13
21043.92 21045.08
21043.92 21045.08
21043.22 21045.03
21043.22 21045.03
21043.22 21045.03
21043.22 21045.03
21043.42 21044.58
21043.17 21044.33
21043.17 21044.33
21043.38 21044.87
21043.38 21044.87
21043.40 21045.11
21043.40 21045.11
21043.41 21045.09
21043.41 21045.09
21043.41 21045.09
21042.89 21044.36
21042.89 21044.36
21043.14 21044.61
21043.12 21044.63
21043.12 21044.63
21043.16 21044.34
21043.16 21044.34
21043.16 21044.34
21043.16 21044.34
21043.43 21044.58
21043.43 21044.58
21043.43 21044.58
21044.17 21045.33
21044.17 21045.33
21044.91 21046.09
21044.91 21046.09
21045.17 21046.33
21044.65 21046.35
21044.65 21046.35
21045.46 21047.29
