20857.89 20859.36
20857.89 20859.36
20857.63 20859.12
20857.63 20859.12
20857.63 20859.12
20857.13 20858.62
20857.13 20858.62
20856.63 20858.13
20856.42 20857.58
20854.17 20855.33
20854.17 20855.33
20852.06 20852.69
20852.06 20852.69
20855.17 20856.33
20855.92 20857.09
20855.92 20857.09
20856.42 20857.58
20856.42 20857.58
20856.42 20857.59
20856.15 20857.35
20856.15 20857.35
20855.43 20856.58
20857.06 20857.69
20857.06 20857.69
20858.93 20860.08
20856.17 20857.33
20856.17 20857.33
20855.39 20856.86
20855.39 20856.86
20855.17 20856.33
20855.67 20856.83
20855.67 20856.83
20856.13 20857.63
20855.38 20856.87
20855.38 20856.87
20853.87 20855.38
20851.88 20853.37
20851.88 20853.37
20853.92 20855.08
20853.92 20855.08
20852.14 20853.61
20850.38 20851.87
20850.38 20851.87
20848.88 20850.37
20849.42 20850.58
20849.42 20850.58
20849.37 20850.88
20851.41 20853.10
20851.41 20853.10
20850.65 20851.85
20850.65 20851.85
20850.13 20851.62
20850.13 20851.62
20849.87 20851.38
20849.87 20851.38
20850.17 20851.33
20850.17 20851.33
20849.88 20851.37
20850.17 20851.33
20850.17 20851.33
20849.66 20850.84
20848.91 20850.09
20848.91 20850.09
20848.42 20849.59
20848.17 20849.33
20848.17 20849.33
20848.15 20849.35
20848.15 20849.35
20848.42 20849.58
20848.40 20849.60
20848.40 20849.60
20848.88 20850.37
20849.63 20851.13
20849.63 20851.13
20849.87 20851.38
20848.40 20849.60
20848.40 20849.60
20849.17 20850.33
20849.17 20850.33
20848.42 20849.58
20847.67 20848.83
20847.67 20848.83
20847.41 20848.59
20847.16 20848.35
20847.16 20848.35
20848.65 20849.85
20848.65 20849.85
20850.37 20851.88
20849.87 20851.38
20849.87 20851.38
20850.42 20851.58
20850.40 20851.60
20850.40 20851.60
20850.17 20851.33
20849.91 20851.09
20849.91 20851.09
20849.38 20850.87
20849.67 20850.83
20849.67 20850.83
20848.40 20849.60
20849.42 20850.58
20849.42 20850.58
20849.90 20851.10
20849.42 20850.58
20849.42 20850.58
20850.18 20851.33
20850.89 20852.36
20850.89 20852.36
20850.17 20851.34
20849.90 20851.10
20849.90 20851.10
20849.92 20851.08
20849.64 20851.11
20849.64 20851.11
20850.63 20852.12
20853.65 20854.85
20853.65 20854.85
20854.92 20856.08
20852.16 20853.34
20852.16 20853.34
20850.89 20852.36
20851.13 20852.63
20851.13 20852.63
20850.67 20851.83
20850.67 20851.83
20849.89 20851.36
20850.12 20851.63
20850.12 20851.63
20851.92 20853.08
20851.38 20852.88
20853.42 20854.58
20853.42 20854.58
20853.12 20854.63
20852.67 20853.83
20852.67 20853.83
20854.40 20855.60
20854.40 20855.60
20856.67 20857.83
20853.40 20854.60
20853.40 20854.60
20852.39 20853.86
20853.38 20854.87
20853.38 20854.87
20851.89 20853.36
20850.37 20851.88
20850.37 20851.88
20848.42 20849.58
20848.42 20849.58
20848.39 20849.86
20847.15 20848.35
20847.15 20848.35
20845.64 20847.11
20846.38 20847.88
20846.38 20847.88
20846.63 20848.12
20845.91 20847.09
20845.91 20847.09
20844.15 20845.35
20842.88 20844.38
20842.88 20844.38
20842.42 20843.58
20842.62 20844.13
20842.62 20844.13
20842.31 20842.94
20842.31 20842.94
20841.13 20842.62
20840.92 20842.08
20840.92 20842.08
20843.16 20844.34
20843.42 20844.58
20843.42 20844.58
20842.90 20844.10
20842.67 20843.83
20842.67 20843.83
20841.30 20841.95
20841.30 20841.95
20841.89 20843.36
20842.67 20843.83
20842.67 20843.83
20842.64 20844.11
20841.87 20843.38
20841.87 20843.38
20839.42 20840.58
20842.42 20843.58
20842.42 20843.58
20843.37 20844.88
20842.92 20844.08
20842.92 20844.08
20844.39 20845.86
20844.92 20846.08
20844.92 20846.08
20844.66 20845.84
20844.66 20845.84
20846.06 20846.69
20845.37 20846.88
20845.37 20846.88
20847.67 20848.83
20848.92 20850.08
20848.92 20850.08
20848.42 20849.58
20848.42 20849.58
20847.88 20849.38
20848.41 20849.60
20848.41 20849.60
20847.17 20848.33
20847.17 20848.33
20846.67 20847.83
20845.38 20846.87
20845.38 20846.87
20845.63 20847.13
20845.90 20847.10
20845.90 20847.10
20847.17 20848.33
20847.17 20848.33
20847.17 20848.33
20845.90 20847.10
20845.90 20847.10
20841.63 20843.12
20842.64 20844.11
20842.64 20844.11
20842.88 20844.37
20844.17 20845.33
20844.17 20845.33
20843.93 20845.08
20843.93 20845.08
20842.67 20843.83
20842.41 20843.59
20842.41 20843.59
20841.89 20843.36
20841.66 20842.84
20841.66 20842.84
20841.42 20842.58
20840.62 20842.13
20840.62 20842.13
20840.13 20841.62
20837.13 20838.62
20837.13 20838.62
20835.92 20837.08
20836.92 20838.08
20836.92 20838.08
20838.90 20840.10
20838.90 20840.10
20839.42 20840.58
20842.92 20844.08
20842.92 20844.08
20844.06 20844.69
20843.87 20845.38
20843.87 20845.38
20849.13 20850.63
20850.38 20851.87
20850.38 20851.87
20848.67 20849.84
20847.90 20849.10
20847.90 20849.10
20847.63 20849.12
20846.92 20848.08
20846.92 20848.08
20847.92 20849.08
20846.91 20848.09
20846.91 20848.09
20847.67 20848.83
20847.62 20849.13
20847.62 20849.13
20847.38 20848.87
20847.38 20848.87
20847.13 20848.63
20850.17 20851.33
20850.17 20851.33
20849.17 20850.33
20849.17 20850.33
20849.62 20851.13
20848.67 20849.83
20848.67 20849.83
20849.14 20850.61
20849.41 20850.59
20849.41 20850.59
20849.12 20850.63
20850.38 20851.88
20850.38 20851.88
20849.63 20851.13
20849.38 20850.87
20849.38 20850.87
20849.90 20851.10
20848.88 20850.37
20848.88 20850.37
20848.88 20850.37
20848.88 20850.37
20850.67 20851.83
20849.92 20851.08
20850.65 20851.85
20850.65 20851.85
20849.92 20851.08
20851.92 20853.08
20851.92 20853.08
20851.41 20852.59
20850.37 20851.88
20850.37 20851.88
20850.13 20851.63
20850.14 20851.61
20850.14 20851.61
20848.88 20850.37
20848.88 20850.37
20849.41 20850.59
20849.15 20850.35
20849.15 20850.35
20850.67 20851.83
20850.67 20851.83
20851.39 20852.86
20853.17 20854.33
20853.17 20854.33
20848.42 20849.58
20847.43 20848.58
20847.43 20848.58
20848.90 20850.10
20849.89 20851.36
20849.89 20851.36
20849.12 20850.63
20847.88 20849.38
20847.88 20849.38
20846.90 20848.10
20849.37 20850.88
20849.37 20850.88
20850.88 20852.37
20850.88 20852.37
20849.37 20850.88
20849.37 20850.88
20849.67 20850.83
20848.90 20850.10
20848.90 20850.10
20848.42 20849.58
20849.15 20850.35
20849.15 20850.35
20847.92 20849.08
20848.65 20849.85
20848.65 20849.85
20848.42 20849.59
20849.39 20850.86
20849.39 20850.86
20848.15 20849.35
20848.15 20849.35
20847.13 20848.62
20849.12 20850.63
20849.12 20850.63
20849.38 20850.88
20849.38 20850.88
20850.13 20851.62
20849.17 20850.33
20849.17 20850.33
20850.39 20851.86
20850.87 20852.38
20850.87 20852.38
20853.67 20854.83
20854.89 20856.36
20854.89 20856.36
20854.92 20856.08
20857.92 20859.08
20857.92 20859.08
20858.15 20859.35
20858.17 20859.33
20858.17 20859.33
20859.12 20860.63
20860.91 20862.09
20860.91 20862.09
20859.42 20860.58
20859.42 20860.58
20859.90 20861.10
20859.90 20861.10
20858.65 20859.85
20855.87 20857.38
20855.87 20857.38
20854.92 20856.09
20855.90 20857.10
20855.90 20857.10
20855.42 20856.58
20857.43 20858.58
20857.64 20859.11
20857.64 20859.11
20856.40 20857.60
20856.40 20857.60
20856.38 20857.87
20857.43 20858.58
20857.43 20858.58
20859.13 20860.62
20860.17 20861.33
20860.17 20861.33
20860.87 20862.38
20860.87 20862.38
20861.40 20862.60
20861.38 20862.88
20861.38 20862.88
20861.14 20862.61
20860.65 20861.85
20860.65 20861.85
20860.93 20862.08
20861.39 20862.86
20861.39 20862.86
20862.41 20863.60
20862.41 20863.60
20860.92 20862.08
20859.63 20861.13
20859.63 20861.13
20860.12 20861.63
20860.12 20861.63
20859.64 20861.11
20859.92 20861.08
20859.92 20861.08
20860.92 20862.08
20860.42 20861.58
20860.42 20861.58
20859.68 20860.83
20859.68 20860.83
20859.37 20860.88
20856.42 20857.58
20856.42 20857.58
20854.88 20856.37
20852.67 20853.83
20852.67 20853.83
20853.37 20854.88
20854.42 20855.58
20854.42 20855.58
20855.13 20856.62
20855.16 20856.35
20855.16 20856.35
20856.13 20857.62
20856.63 20858.12
20856.63 20858.12
20857.56 20858.19
20857.42 20858.58
20857.42 20858.58
20857.13 20858.62
20857.67 20858.83
20857.67 20858.83
20857.15 20858.35
20858.67 20859.83
20858.67 20859.83
20857.39 20858.86
20857.39 20858.86
20857.42 20858.59
20856.89 20858.36
20856.89 20858.36
20857.39 20858.86
20857.42 20858.58
20857.42 20858.58
20856.37 20857.88
20855.43 20856.58
20855.43 20856.58
20855.13 20856.62
20855.13 20856.62
20856.63 20858.12
20858.66 20859.84
20858.66 20859.84
20858.87 20860.38
20858.89 20860.36
20858.89 20860.36
20861.17 20862.34
20862.63 20864.13
20862.63 20864.13
20864.56 20865.19
20864.56 20865.19
20864.88 20866.37
20865.17 20866.33
20865.17 20866.33
20866.16 20867.34
20868.38 20869.88
20868.38 20869.88
20869.67 20870.83
20868.65 20869.85
20868.65 20869.85
20868.63 20870.13
20867.18 20868.33
20867.18 20868.33
20866.67 20867.83
20865.92 20867.08
20865.92 20867.08
20864.64 20866.11
20863.42 20864.58
20863.42 20864.58
20863.67 20864.83
20860.67 20861.83
20860.67 20861.83
20860.89 20862.36
20860.67 20861.83
20860.67 20861.83
20861.17 20862.34
20861.90 20863.10
20861.90 20863.10
20861.67 20862.83
20860.91 20862.09
20860.91 20862.09
20863.17 20864.33
20863.17 20864.33
20863.87 20865.38
20864.12 20865.63
20864.12 20865.63
20862.63 20864.12
20859.87 20861.38
20859.87 20861.38
20858.87 20860.38
20857.88 20859.38
20857.88 20859.38
20859.90 20861.10
20858.63 20860.13
20858.63 20860.13
20858.93 20860.08
20859.37 20860.88
20859.37 20860.88
20858.39 20859.86
20858.39 20859.86
20859.17 20860.33
20857.67 20858.83
20857.67 20858.83
20858.42 20859.58
20858.42 20859.58
20859.42 20860.58
20858.88 20860.37
20858.88 20860.37
20858.42 20859.58
20858.42 20859.58
20858.65 20859.85
20858.65 20859.85
20858.92 20860.08
20856.41 20857.59
20856.41 20857.59
20856.92 20858.08
20857.17 20858.33
20857.17 20858.33
20857.42 20858.58
20857.42 20858.58
20861.63 20863.12
20861.39 20862.86
20861.39 20862.86
20863.42 20864.58
20864.16 20865.34
20864.16 20865.34
20862.64 20864.11
20862.64 20864.11
20862.63 20864.13
20864.38 20865.87
20864.38 20865.87
20863.62 20865.13
20864.65 20865.85
20864.65 20865.85
20864.17 20865.33
20865.15 20866.35
20865.15 20866.35
20865.38 20866.88
20864.87 20866.38
20864.87 20866.38
20866.42 20867.58
20867.89 20869.36
20867.89 20869.36
20865.91 20867.60
20865.91 20867.60
20866.38 20867.87
20866.90 20868.10
20866.90 20868.10
20866.15 20867.35
20868.38 20869.88
20868.38 20869.88
20867.92 20869.08
20868.38 20869.87
20868.38 20869.87
20868.87 20870.38
20868.62 20870.13
20868.62 20870.13
20869.92 20871.08
20869.92 20871.08
20869.66 20870.84
20870.42 20871.58
20870.42 20871.58
20871.64 20873.11
20872.16 20873.35
20872.16 20873.35
20872.42 20873.58
20872.88 20874.38
20872.88 20874.38
20872.38 20873.87
20872.67 20873.83
20872.67 20873.83
20872.90 20874.10
20874.13 20875.62
20874.13 20875.62
20875.38 20876.87
20875.37 20876.88
20875.37 20876.88
20875.92 20877.08
20875.92 20877.08
20875.41 20876.59
20875.17 20876.33
20875.17 20876.33
20873.88 20875.38
20873.63 20875.12
20873.63 20875.12
20874.38 20875.87
20873.63 20875.12
20873.63 20875.12
20874.18 20875.33
20873.42 20874.58
20873.42 20874.58
20873.87 20875.38
20874.88 20876.38
20874.88 20876.38
20874.88 20876.37
20874.38 20875.87
20874.38 20875.87
20875.92 20877.08
20875.38 20876.87
20875.38 20876.87
20879.16 20880.34
20881.88 20883.37
20881.88 20883.37
20879.41 20880.60
20876.42 20877.58
20876.42 20877.58
20877.42 20878.58
20877.42 20878.58
20876.38 20877.87
20873.89 20875.36
20873.89 20875.36
20873.13 20874.62
20871.92 20873.08
20871.92 20873.08
20872.13 20873.62
20872.42 20873.58
20872.42 20873.58
