20891.15 20892.86
20891.15 20892.86
20891.15 20892.86
20890.78 20892.73
20888.48 20890.28
20888.48 20890.28
20889.03 20890.97
20889.03 20890.97
20889.23 20891.03
20886.28 20888.23
20886.28 20888.23
20885.72 20887.53
20885.72 20887.53
20885.87 20887.38
20884.38 20886.62
20884.38 20886.62
20884.38 20886.62
20884.87 20887.39
20887.83 20889.92
20887.83 20889.92
20888.46 20890.29
20888.46 20890.29
20888.40 20890.10
20888.83 20890.92
20888.83 20890.92
20889.78 20891.72
20889.78 20891.72
20888.78 20890.73
20888.78 20890.73
20888.83 20890.92
20888.83 20890.92
20889.03 20890.97
20889.03 20890.97
20890.83 20892.92
20891.73 20893.53
20891.73 20893.53
20893.28 20895.23
20893.28 20895.23
20894.03 20895.98
20894.33 20896.42
20894.33 20896.42
20891.58 20893.67
20891.58 20893.67
20893.78 20895.72
20893.78 20895.72
20894.08 20896.17
20895.28 20897.23
20895.28 20897.23
20894.28 20896.22
20895.08 20897.17
20895.08 20897.17
20895.78 20897.73
20895.78 20897.73
20896.03 20897.97
20896.28 20898.23
20896.28 20898.23
20896.08 20898.17
20895.58 20897.67
20895.58 20897.67
20895.03 20896.98
20895.03 20896.98
20895.08 20897.17
20895.08 20897.17
20896.03 20897.98
20895.53 20897.47
20895.53 20897.47
20895.13 20897.37
20894.53 20896.48
20894.53 20896.48
20894.83 20896.92
20894.83 20896.92
20894.58 20896.67
20893.58 20895.67
20893.58 20895.67
20893.83 20895.92
20894.78 20896.73
20894.78 20896.73
20895.03 20896.97
20895.03 20896.97
20895.33 20897.42
20895.33 20897.42
20895.33 20897.42
20895.58 20897.67
20895.58 20897.67
20896.03 20897.98
20896.03 20897.98
20896.21 20898.04
20896.21 20898.04
20894.38 20896.62
20894.38 20896.62
20895.38 20897.62
20895.38 20897.62
20895.83 20897.92
20895.83 20897.92
20898.03 20899.97
20899.03 20900.97
20899.03 20900.97
20899.96 20901.79
20899.47 20901.28
20899.47 20901.28
20899.28 20901.22
20899.48 20901.28
20899.48 20901.28
20898.89 20900.61
20898.89 20900.61
20900.63 20902.87
20900.28 20902.23
20900.28 20902.23
20900.28 20902.23
20897.28 20899.23
20897.28 20899.23
20897.58 20899.67
20897.22 20899.03
20897.22 20899.03
20897.63 20899.87
20897.63 20899.87
20898.03 20899.98
20897.28 20899.23
20897.28 20899.23
20897.33 20899.42
20899.03 20900.98
20899.03 20900.98
20898.66 20900.35
20897.78 20899.73
20897.78 20899.73
20899.23 20901.03
20899.23 20901.03
20897.22 20899.03
20897.22 20899.03
20894.22 20896.03
20895.53 20897.48
20895.53 20897.48
20895.37 20896.88
20895.58 20897.67
20895.58 20897.67
20897.64 20899.36
20897.64 20899.36
20897.66 20899.35
20897.65 20899.35
20897.65 20899.35
20897.65 20899.35
20897.66 20899.35
20897.66 20899.35
20897.47 20899.28
20897.78 20899.73
20897.78 20899.73
20898.47 20900.28
20902.23 20904.03
20902.23 20904.03
20900.28 20902.22
20900.28 20902.22
20900.08 20902.17
20901.78 20903.73
20901.78 20903.73
20898.28 20900.22
20898.28 20900.22
20897.83 20899.92
20897.83 20899.92
20897.28 20899.23
20897.28 20899.23
20899.63 20901.87
20899.63 20901.87
20899.03 20900.98
20900.08 20902.17
20900.08 20902.17
20902.03 20903.98
20900.13 20902.37
20900.13 20902.37
20902.23 20904.03
20901.97 20903.78
20901.97 20903.78
20900.78 20902.73
20900.78 20902.73
20900.53 20902.47
20900.53 20902.47
20900.53 20902.47
20900.53 20902.47
20900.53 20902.47
20900.53 20902.47
20900.73 20902.53
20900.73 20902.53
20900.53 20902.48
20900.97 20902.78
20900.97 20902.78
20900.97 20902.78
20898.53 20900.47
20900.83 20902.92
20900.83 20902.92
20900.03 20901.98
20900.03 20901.98
20900.53 20902.48
20900.53 20902.48
20900.23 20902.03
20900.98 20902.78
20900.98 20902.78
20900.28 20902.22
20901.14 20902.86
20901.14 20902.86
20900.53 20902.47
20900.53 20902.47
20900.47 20902.28
20901.53 20903.47
20901.53 20903.47
20901.53 20903.47
20901.53 20903.47
20901.39 20902.86
20901.39 20902.86
20900.78 20902.72
20901.08 20903.17
20901.08 20903.17
20901.46 20903.29
20896.71 20898.54
20896.71 20898.54
20899.03 20900.98
20899.03 20900.98
20900.28 20902.22
20899.58 20901.67
20899.58 20901.67
20900.33 20902.42
20900.33 20902.42
20900.33 20902.42
20900.33 20902.42
20902.78 20904.72
20902.98 20904.78
20902.98 20904.78
20902.98 20904.78
20902.98 20904.78
20902.53 20904.48
20902.53 20904.48
20901.78 20903.73
20904.83 20906.92
20904.83 20906.92
20904.13 20906.37
20904.13 20906.37
20905.48 20907.28
20906.21 20908.04
20906.21 20908.04
20908.83 20910.92
20909.78 20911.72
20909.78 20911.72
20909.96 20911.79
20909.96 20911.79
20909.53 20911.47
20909.28 20911.22
20909.28 20911.22
20909.33 20911.42
20909.53 20911.48
20909.53 20911.48
20908.73 20910.53
20908.73 20910.53
20908.53 20910.47
20908.53 20910.47
20909.78 20911.72
20908.53 20910.47
20908.53 20910.47
20908.03 20909.97
20907.28 20909.22
20907.28 20909.22
20905.58 20907.67
20905.97 20907.78
20905.97 20907.78
20903.78 20905.73
20903.78 20905.73
20903.73 20905.53
20903.73 20905.53
20903.97 20905.78
20906.16 20907.84
20906.16 20907.84
20906.78 20908.72
20906.78 20908.72
20905.03 20906.98
20905.03 20906.98
20904.53 20906.47
20906.53 20908.47
20905.22 20907.03
20905.22 20907.03
20905.98 20907.78
20905.98 20907.78
20905.63 20907.87
20905.63 20907.87
20904.78 20906.72
20904.28 20906.22
20904.28 20906.22
20904.71 20906.54
20904.71 20906.54
20905.21 20907.04
20903.78 20905.72
20903.78 20905.72
20905.28 20907.23
20905.28 20907.22
20905.28 20907.22
20905.03 20906.97
20904.33 20906.42
20904.33 20906.42
20903.16 20904.85
20903.16 20904.85
20902.66 20904.34
20902.66 20904.34
20901.37 20902.88
20901.37 20902.88
20902.78 20904.73
20902.78 20904.73
20903.38 20904.87
20903.38 20904.87
20903.96 20905.79
20903.96 20905.79
20903.96 20905.79
20904.91 20906.60
20905.03 20906.97
20905.03 20906.97
20904.28 20906.23
20904.28 20906.23
20904.28 20906.22
20904.28 20906.22
20903.71 20905.54
20905.28 20907.23
20905.28 20907.23
20905.28 20907.23
20903.66 20905.35
20903.15 20904.85
20903.15 20904.85
20904.58 20906.67
20904.58 20906.67
20904.78 20906.72
20904.78 20906.72
20904.78 20906.73
20904.78 20906.73
20903.28 20905.23
20903.15 20904.86
20903.15 20904.86
20904.03 20905.97
20904.23 20906.03
20904.23 20906.03
20902.71 20904.54
20902.71 20904.54
20902.71 20904.54
20902.58 20904.67
20902.58 20904.67
20902.58 20904.67
20902.78 20904.72
20900.96 20902.79
20900.96 20902.79
20902.22 20904.03
20902.22 20904.03
20902.03 20903.97
20902.03 20903.97
20901.22 20903.03
20901.22 20903.03
20901.72 20903.53
20901.72 20903.53
20903.08 20905.17
20903.96 20905.79
20903.96 20905.79
20904.28 20906.23
20904.03 20905.97
20904.03 20905.97
20904.03 20905.97
20904.03 20905.97
20904.03 20905.97
20903.28 20905.23
20902.23 20904.03
20902.23 20904.03
20901.72 20903.53
20901.72 20903.53
20901.53 20903.47
20901.53 20903.47
20903.53 20905.47
20903.53 20905.47
20903.47 20905.28
20902.03 20903.97
20902.03 20903.97
20901.53 20903.47
20901.53 20903.47
20900.64 20902.36
20896.98 20898.78
20896.98 20898.78
20897.73 20899.53
20897.73 20899.53
20897.66 20899.35
20899.66 20901.34
20899.66 20901.34
20899.48 20901.28
20900.28 20902.23
20900.28 20902.23
20901.98 20903.78
20901.98 20903.78
20901.03 20902.97
20901.03 20902.97
20899.21 20901.04
20898.28 20900.22
20898.28 20900.22
20898.23 20900.03
20898.23 20900.03
20898.53 20900.47
20898.53 20900.47
20896.88 20899.12
20894.03 20895.98
20894.03 20895.98
20892.33 20894.42
20892.38 20894.62
20892.38 20894.62
20892.38 20894.62
20893.28 20895.22
20893.28 20895.22
20893.78 20895.72
20896.03 20897.97
20896.03 20897.97
20894.48 20896.28
20889.53 20891.47
20889.53 20891.47
20892.28 20894.23
20892.28 20894.23
20892.73 20894.53
20892.73 20894.53
20892.53 20894.47
20892.89 20894.61
20892.89 20894.61
20893.40 20895.10
20893.40 20895.10
20893.90 20895.61
20893.90 20895.61
20894.22 20896.03
20894.22 20896.03
20894.53 20896.48
20894.53 20896.48
20891.78 20893.72
20893.72 20895.53
20893.72 20895.53
20894.48 20896.28
20894.48 20896.28
20894.28 20896.23
20894.21 20896.04
20894.21 20896.04
20894.21 20896.04
20893.21 20895.04
20893.21 20895.04
20894.08 20896.17
20894.28 20896.23
20894.28 20896.23
20893.33 20895.42
20893.33 20895.42
20893.83 20895.92
20896.78 20898.73
20896.78 20898.73
20895.97 20897.78
20895.97 20897.78
20896.48 20898.28
20896.48 20898.28
20896.96 20898.79
20895.90 20897.61
20895.90 20897.61
20895.53 20897.48
20894.03 20895.98
20894.03 20895.98
20892.83 20894.92
20895.53 20897.48
20895.53 20897.48
20895.03 20896.97
20895.03 20896.97
20895.39 20897.11
20895.39 20897.11
20894.78 20896.73
20896.08 20898.17
20896.08 20898.17
20896.08 20898.17
20896.08 20898.17
20896.08 20898.17
20896.65 20898.35
20899.83 20901.92
20899.83 20901.92
20898.47 20900.28
20898.47 20900.28
20896.22 20898.03
20896.22 20898.03
20897.33 20899.42
20897.33 20899.42
20898.16 20899.85
20898.16 20899.85
20899.03 20900.98
20899.03 20900.98
20899.03 20900.98
20898.33 20900.42
20898.33 20900.42
20898.33 20900.42
20898.28 20900.22
20898.08 20900.17
20898.08 20900.17
20898.98 20900.78
20898.98 20900.78
20898.89 20900.61
20898.89 20900.61
20895.73 20897.53
20895.73 20897.53
20894.53 20896.47
20894.53 20896.47
20894.40 20896.11
20894.40 20896.11
20893.23 20895.03
20893.23 20895.03
20893.03 20894.98
20891.83 20893.92
20891.83 20893.92
20888.46 20890.29
20887.16 20888.84
20887.16 20888.84
20889.65 20891.36
20889.98 20891.78
20889.98 20891.78
20892.03 20893.98
20892.03 20893.98
20889.22 20891.03
20889.28 20891.23
20889.28 20891.23
20891.53 20893.48
20891.53 20893.48
20891.23 20893.03
20891.23 20893.03
20891.28 20893.22
20891.28 20893.22
20891.28 20893.22
20891.28 20893.22
20892.47 20894.28
20892.47 20894.28
20893.12 20894.63
20893.12 20894.63
20893.03 20894.97
20892.53 20894.48
20892.53 20894.48
20892.53 20894.48
20892.73 20894.53
20892.73 20894.53
20890.97 20892.78
20890.97 20892.78
20890.28 20892.23
20890.28 20892.23
20889.78 20891.72
20889.78 20891.72
20889.14 20890.86
20889.15 20890.86
20889.15 20890.86
20889.21 20891.04
20889.21 20891.04
20889.78 20891.73
20889.78 20891.73
20889.65 20891.35
20889.65 20891.35
20889.78 20891.72
20890.22 20892.03
20890.22 20892.03
20892.53 20894.48
20892.53 20894.48
20892.73 20894.53
20892.64 20894.36
20892.64 20894.36
20893.65 20895.35
20893.65 20895.35
20889.23 20891.03
20890.53 20892.47
20890.53 20892.47
20890.28 20892.23
20890.28 20892.23
20890.97 20892.78
20890.97 20892.78
20891.28 20893.23
20891.28 20893.23
20891.78 20893.72
20891.78 20893.72
20891.23 20893.03
20891.23 20893.03
20888.21 20890.04
20888.21 20890.04
20888.41 20890.09
20888.41 20890.09
20890.03 20891.97
20887.41 20889.09
20887.41 20889.09
20883.48 20885.28
20883.48 20885.28
20883.78 20885.73
20883.78 20885.73
20885.15 20886.86
20884.53 20886.48
20884.53 20886.48
20885.23 20887.03
20885.23 20887.03
20884.28 20886.22
20884.28 20886.22
20883.23 20885.03
20883.23 20885.03
20883.03 20884.98
20883.03 20884.98
20883.28 20885.22
20883.03 20884.97
20883.03 20884.97
20882.71 20884.54
20882.71 20884.54
20883.83 20885.92
20881.71 20883.54
20881.71 20883.54
20880.83 20882.92
20880.83 20882.92
20880.78 20882.72
20880.97 20882.78
20880.97 20882.78
20881.73 20883.53
20881.73 20883.53
20882.48 20884.28
20882.33 20884.42
20882.33 20884.42
20881.58 20883.67
20884.28 20886.23
20884.28 20886.23
20883.71 20885.54
20883.78 20885.72
20883.78 20885.72
20883.83 20885.92
20883.83 20885.92
20884.06 20884.69
20883.53 20885.48
20883.53 20885.48
20883.53 20885.48
20883.53 20885.48
20886.03 20887.98
