20993.55 20994.20
20993.55 20994.20
20993.38 20994.87
20993.38 20994.87
20993.38 20994.87
20993.64 20995.11
20991.66 20992.85
20991.66 20992.85
20991.66 20992.85
20991.88 20993.37
20991.88 20993.37
20992.41 20993.59
20992.41 20993.59
20991.42 20992.58
20991.42 20992.58
20991.55 20992.20
20991.39 20992.86
20991.39 20992.86
20991.39 20992.86
20991.67 20992.83
20991.67 20992.83
20990.91 20992.09
20990.91 20992.09
20990.67 20991.84
20990.62 20992.13
20990.62 20992.13
20991.67 20992.83
20990.63 20992.12
20990.63 20992.12
20990.67 20991.83
20990.67 20991.83
20990.89 20992.36
20990.89 20992.36
20990.41 20991.59
20990.41 20991.59
20989.67 20990.83
20989.67 20990.83
20989.66 20990.84
20989.66 20990.84
20991.12 20992.63
20991.12 20992.63
20991.92 20993.08
20991.92 20993.08
20991.13 20992.62
20991.13 20992.62
20991.63 20993.12
20991.39 20992.86
20991.39 20992.86
20991.39 20992.86
20991.39 20992.86
20991.40 20992.60
20991.40 20992.60
20991.88 20993.37
20991.88 20993.37
20991.88 20993.37
20991.88 20993.37
20991.88 20993.37
20991.88 20993.37
20991.88 20993.37
20991.88 20993.37
20992.17 20993.33
20992.17 20993.33
20992.17 20993.33
20990.91 20992.09
20990.91 20992.09
20991.17 20992.34
20995.41 20996.60
20995.41 20996.60
20994.92 20996.08
20994.92 20996.08
20995.63 20997.12
20995.63 20997.12
20995.38 20996.87
20995.38 20996.87
20995.14 20996.61
20995.14 20996.61
20995.14 20996.61
20995.41 20996.59
20994.91 20996.09
20994.91 20996.09
20995.16 20996.35
20995.16 20996.35
20995.16 20996.35
20995.12 20996.63
20995.14 20996.61
20995.14 20996.61
20995.13 20996.62
20996.42 20997.58
20996.42 20997.58
20995.89 20997.36
20995.89 20997.36
20996.38 20997.87
20996.38 20997.87
20996.38 20997.87
20997.16 20998.34
20997.16 20998.34
20997.41 20998.59
20997.41 20998.59
20997.41 20998.59
20996.92 20998.08
20996.92 20998.08
20996.64 20998.11
20996.64 20998.11
20996.63 20998.12
20996.63 20998.12
20996.63 20998.12
20996.91 20998.09
20996.91 20998.09
20996.66 20997.84
20996.66 20997.84
20996.41 20997.60
20996.41 20997.59
20996.41 20997.59
20996.41 20997.59
20996.80 20997.45
20996.80 20997.45
20996.80 20997.45
20996.42 20997.58
20996.91 20998.09
20996.91 20998.09
20997.16 20998.34
20996.67 20997.83
20996.67 20997.83
20996.66 20997.84
20996.66 20997.84
20996.92 20998.08
20996.92 20998.08
20996.66 20997.85
20996.66 20997.85
20996.80 20997.45
20996.80 20997.45
20996.80 20997.45
20996.88 20998.37
20996.16 20997.35
20996.16 20997.35
20995.63 20997.12
20995.63 20997.12
20995.63 20997.12
20995.63 20997.12
20996.14 20997.61
20996.14 20997.61
20996.67 20997.83
20996.67 20997.83
20996.67 20997.83
20996.67 20997.83
20996.67 20997.83
20996.67 20997.83
20996.67 20997.83
20996.67 20997.83
20996.88 20998.37
20996.66 20997.84
20996.66 20997.84
20996.66 20997.84
20996.66 20997.84
20996.37 20997.88
20996.66 20997.84
20996.66 20997.84
20996.66 20997.84
20996.64 20998.11
20996.42 20997.58
20996.42 20997.58
20995.13 20996.62
20995.41 20996.59
20995.41 20996.59
20995.41 20996.59
20995.41 20996.59
20994.91 20996.60
20994.91 20996.60
20995.63 20997.12
20995.12 20996.63
20995.12 20996.63
20996.42 20997.58
20996.91 20998.09
20996.91 20998.09
20996.80 20997.45
20996.80 20997.45
20996.92 20998.09
20996.92 20998.09
20996.92 20998.09
20996.63 20998.12
20996.63 20998.12
20996.63 20998.12
20996.66 20997.84
20996.66 20997.84
20996.63 20998.12
20996.63 20998.12
20996.66 20997.84
20996.66 20997.84
20996.92 20998.08
20996.91 20998.09
20996.91 20998.09
20997.06 20997.69
20997.06 20997.69
20996.92 20998.09
20996.92 20998.09
20995.92 20997.08
20995.92 20997.08
20995.14 20996.61
20995.63 20997.12
20995.63 20997.12
20995.92 20997.08
20996.06 20996.69
20996.06 20996.69
20995.90 20997.10
20995.90 20997.10
20998.55 20999.20
20998.55 20999.20
20999.91 21001.09
20999.91 21001.09
20999.80 21000.45
20999.80 21000.45
20999.41 21000.59
20999.41 21000.59
20999.67 21000.84
20999.67 21000.84
20999.63 21001.12
20999.13 21000.62
20999.13 21000.62
20999.42 21000.58
20999.42 21000.58
20999.66 21000.85
20999.67 21000.83
20999.67 21000.83
20999.66 21000.84
20999.66 21000.84
20999.16 21000.34
20999.16 21000.34
20997.65 20998.85
20997.65 20998.85
20997.65 20998.85
20997.88 20999.37
20997.92 20999.08
20997.92 20999.08
20997.92 20999.08
20997.92 20999.08
20996.91 20998.09
20996.91 20998.09
20996.91 20998.09
20996.91 20998.09
20996.89 20998.36
20996.89 20998.36
20996.89 20998.36
20997.16 20998.34
20996.66 20997.84
20996.67 20997.84
20996.67 20997.84
20996.41 20997.59
20996.41 20997.59
20996.38 20997.87
20996.38 20997.87
20996.38 20997.87
20996.38 20997.87
20996.66 20997.84
20996.66 20997.84
20996.91 20998.09
20996.91 20998.09
20996.91 20998.59
20996.91 20998.59
20996.80 20997.45
20996.80 20997.45
20995.92 20997.08
20995.92 20997.08
20995.92 20997.08
20996.16 20997.34
20996.16 20997.34
20995.63 20997.12
20995.63 20997.12
20995.91 20997.09
20995.91 20997.09
20995.92 20997.08
20995.92 20997.08
20995.92 20997.08
20995.89 20997.36
20995.89 20997.36
20996.17 20997.33
20996.17 20997.33
20996.17 20997.33
20996.17 20997.33
20996.40 20997.60
20995.91 20997.09
20995.91 20997.09
20995.91 20997.09
20996.42 20997.58
20996.42 20997.58
20997.88 20999.37
20999.41 21000.59
20999.41 21000.59
20998.91 21000.10
20999.13 21000.62
20999.13 21000.62
20999.13 21000.62
20999.39 21000.86
20999.39 21000.86
20999.39 21000.86
20999.39 21000.86
20999.81 21000.44
20999.64 21001.11
20999.64 21001.11
20999.38 21000.87
20999.38 21000.87
20999.31 20999.94
20999.31 20999.94
20999.13 21000.62
20999.13 21000.62
