21056.63 21058.12
21056.63 21058.12
21055.89 21057.36
21054.40 21055.60
21054.40 21055.60
21056.12 21057.63
21054.17 21055.33
21054.17 21055.33
21054.38 21055.87
21054.38 21055.87
21054.38 21055.87
21056.67 21057.83
21056.67 21057.83
21056.88 21058.37
21060.42 21061.58
21060.39 21061.86
21060.39 21061.86
21057.42 21058.58
21057.42 21058.58
21057.91 21059.09
21057.65 21058.85
21057.65 21058.85
21056.14 21057.61
21056.39 21057.86
21056.39 21057.86
21057.66 21058.84
21057.38 21058.87
21057.38 21058.87
21054.89 21056.36
21055.64 21057.11
21055.64 21057.11
21052.89 21054.36
21053.91 21055.10
21053.91 21055.10
21055.40 21057.11
21058.41 21059.59
21058.41 21059.59
21057.64 21059.11
21056.17 21057.33
21056.17 21057.33
21056.17 21057.33
21056.41 21057.59
21056.41 21057.59
21054.88 21056.37
21054.88 21056.37
21056.16 21057.35
21057.89 21059.36
21057.89 21059.36
21057.87 21059.38
21059.90 21061.10
21059.90 21061.10
21058.38 21059.87
21058.67 21059.83
21058.67 21059.83
21058.17 21059.33
21057.38 21058.87
21057.38 21058.87
21058.63 21060.12
21058.93 21060.08
21058.93 21060.08
21057.63 21059.13
21055.64 21057.11
21055.64 21057.11
21055.14 21056.61
21056.13 21057.62
21056.13 21057.62
21055.91 21057.09
21058.14 21059.61
21058.14 21059.61
21056.42 21057.58
21055.38 21056.87
21055.38 21056.87
21055.66 21056.84
21056.17 21057.33
21056.17 21057.33
21050.39 21051.86
21050.38 21051.87
21050.38 21051.87
21051.88 21053.37
21051.88 21053.37
21052.14 21053.61
21052.14 21053.61
21049.41 21050.60
21048.38 21049.87
21048.38 21049.87
21045.64 21047.11
21043.65 21044.85
21043.65 21044.85
21043.13 21044.62
21042.15 21043.35
21042.15 21043.35
21041.40 21042.60
21038.12 21039.63
21038.12 21039.63
21038.38 21039.88
21039.64 21041.11
21039.64 21041.11
21037.63 21039.12
21034.91 21036.09
21034.91 21036.09
21034.89 21036.36
21034.89 21036.36
21034.89 21036.36
21034.89 21036.36
21035.66 21036.84
21035.66 21036.84
21033.13 21034.62
21029.93 21031.08
21029.93 21031.08
21031.39 21032.86
21029.14 21030.61
21029.14 21030.61
21030.17 21031.33
21029.88 21031.38
21029.88 21031.38
21031.14 21032.61
21030.12 21031.63
21030.12 21031.63
21029.92 21031.08
21029.92 21031.08
21032.17 21033.33
21031.38 21032.87
21031.38 21032.87
21031.42 21032.58
21032.88 21034.37
21032.88 21034.37
21032.41 21033.59
21033.14 21034.61
21033.14 21034.61
21033.63 21035.12
21031.38 21032.88
21031.38 21032.88
21032.14 21033.61
21033.89 21035.36
21033.89 21035.36
21032.66 21033.84
21034.13 21035.62
21034.13 21035.62
21033.64 21035.11
21034.89 21036.36
21034.89 21036.36
21035.38 21036.88
21039.64 21041.11
21039.64 21041.11
21037.91 21039.09
21037.64 21039.36
21037.64 21039.36
21037.91 21039.09
21037.41 21038.60
21037.41 21038.60
21036.88 21038.38
21039.66 21040.84
21039.66 21040.84
21039.89 21041.36
21039.89 21041.36
21040.63 21042.12
21041.13 21042.62
21041.13 21042.62
21042.39 21043.86
21041.13 21042.62
21041.13 21042.62
21040.17 21041.33
21039.89 21041.36
21039.89 21041.36
21038.38 21039.87
21038.38 21039.87
21039.92 21041.08
21039.16 21040.34
21039.16 21040.34
21039.88 21041.37
21039.88 21041.37
21038.91 21040.09
21036.62 21038.13
21036.62 21038.13
21040.13 21041.63
21039.92 21041.08
21039.92 21041.08
21038.42 21039.58
21037.88 21039.37
21037.88 21039.37
21033.92 21035.08
21036.13 21037.63
21036.13 21037.63
21037.38 21038.87
21038.92 21040.08
21038.92 21040.08
21041.38 21042.87
21043.63 21045.12
21043.63 21045.12
21041.64 21043.11
21041.64 21043.11
21039.42 21040.58
21039.16 21040.35
21039.16 21040.35
21041.39 21042.86
21040.88 21042.37
21040.88 21042.37
21041.63 21043.13
21043.42 21044.58
21043.42 21044.58
21039.89 21041.36
21038.66 21039.85
21038.66 21039.85
21035.88 21037.37
21036.87 21038.38
21036.87 21038.38
21035.91 21037.10
21036.88 21038.38
21036.88 21038.38
21033.67 21034.83
21031.13 21032.62
21031.13 21032.62
21029.66 21030.84
21029.67 21030.83
21029.67 21030.83
21028.89 21030.36
21026.92 21028.08
21026.92 21028.08
21023.89 21025.36
21025.16 21026.34
21025.16 21026.34
21025.38 21026.87
21026.63 21028.13
21026.63 21028.13
21026.92 21028.08
21028.41 21029.60
21028.41 21029.60
21025.88 21027.37
21021.68 21022.83
21021.68 21022.83
21021.17 21022.33
21021.37 21022.88
21021.37 21022.88
21022.90 21024.10
21022.17 21023.33
21022.17 21023.33
21019.92 21021.08
21019.92 21021.08
21019.63 21021.12
21021.93 21023.08
21021.93 21023.08
21018.13 21019.62
21017.39 21018.86
21017.39 21018.86
21015.92 21017.08
21019.68 21020.83
21019.68 21020.83
21018.17 21019.33
21016.88 21018.37
21016.88 21018.37
21015.92 21017.08
21014.39 21015.86
21014.39 21015.86
21014.16 21015.34
21010.66 21011.85
21010.66 21011.85
21011.92 21013.08
21011.92 21013.08
21011.90 21013.10
21013.38 21014.87
21013.38 21014.87
21010.65 21011.85
21009.55 21010.20
21009.55 21010.20
21009.41 21010.59
21009.41 21010.59
21009.90 21011.10
21009.39 21010.86
21006.38 21007.87
21006.38 21007.87
21005.67 21006.83
21005.67 21006.83
21006.14 21007.61
21003.91 21005.09
21003.91 21005.09
21003.13 21004.62
21003.67 21004.83
21003.67 21004.83
21002.38 21003.87
21001.41 21002.59
21001.41 21002.59
21002.68 21003.83
21001.14 21002.61
21001.14 21002.61
21004.88 21006.37
21009.13 21010.62
21009.13 21010.62
21010.91 21012.10
21011.63 21013.13
21011.63 21013.13
21011.39 21012.86
21013.91 21015.09
21013.91 21015.09
21013.67 21014.83
21010.91 21012.09
21010.91 21012.09
21011.89 21013.36
21012.89 21014.36
21012.89 21014.36
21012.13 21013.62
21012.38 21013.87
21012.38 21013.87
21012.39 21013.86
21014.64 21016.11
21014.64 21016.11
