21057.41 21059.10
21057.41 21059.10
21057.46 21059.29
21057.63 21059.12
21057.63 21059.12
21057.63 21059.12
21057.63 21059.12
21058.89 21060.36
21058.15 21059.86
21058.15 21059.86
21058.14 21059.61
21058.14 21059.61
21058.13 21059.62
21058.13 21059.62
21058.14 21059.61
21058.14 21059.61
21058.14 21059.61
21058.14 21059.61
21058.38 21059.87
21058.38 21059.87
21058.16 21059.84
21058.16 21059.84
21057.17 21058.33
21057.17 21058.33
21057.17 21058.33
21056.66 21058.35
21056.66 21058.35
21055.89 21057.61
21055.89 21057.61
21055.90 21057.60
21055.90 21057.60
