20819.15 20820.86
20819.15 20820.86
20819.15 20820.86
20819.31 20819.94
20819.31 20819.94
20818.87 20820.38
20817.89 20819.36
20817.89 20819.36
20816.14 20817.61
20816.13 20817.63
20816.13 20817.63
20815.87 20817.38
20817.15 20818.86
20817.15 20818.86
20817.15 20818.86
20817.64 20819.11
20817.64 20819.11
20817.90 20819.61
20817.90 20819.61
20817.91 20819.60
20817.91 20819.60
20818.15 20819.86
20818.15 20819.86
20818.41 20820.10
20818.14 20819.86
20818.14 20819.86
20818.41 20820.09
20818.41 20820.09
20817.98 20819.78
20820.41 20822.10
20820.41 20822.10
20818.13 20819.62
20818.14 20819.61
20818.14 20819.61
20819.64 20821.11
20819.64 20821.11
20819.40 20820.60
20818.65 20820.36
20818.65 20820.36
20818.39 20819.86
20819.63 20821.12
20819.63 20821.12
20819.62 20821.13
20819.14 20820.86
20819.14 20820.86
20818.89 20820.61
20819.65 20821.35
20819.65 20821.35
20819.65 20821.36
20819.65 20821.36
20820.63 20822.13
20820.63 20822.13
20820.91 20822.60
20820.90 20822.60
20820.90 20822.60
20821.91 20823.60
20821.89 20823.61
20821.89 20823.61
20821.38 20822.88
20821.38 20822.88
20823.88 20825.37
20823.64 20825.11
20823.64 20825.11
20824.88 20826.37
20824.93 20826.08
20824.16 20825.84
20824.16 20825.84
20824.13 20825.63
20824.13 20825.63
20824.62 20826.13
20824.89 20826.36
20824.89 20826.36
20824.15 20825.86
20824.41 20826.10
20824.41 20826.10
20823.91 20825.60
20824.65 20826.35
20824.65 20826.35
20825.16 20826.85
20823.90 20825.61
20823.90 20825.61
20824.14 20825.86
20824.14 20825.86
20824.16 20825.85
20822.16 20823.85
20822.16 20823.85
20819.15 20820.86
20819.15 20820.86
20820.64 20822.11
20815.66 20817.34
20815.66 20817.34
20814.39 20816.11
20810.41 20812.09
20810.41 20812.09
20810.13 20811.63
20811.15 20812.86
20811.15 20812.86
20811.16 20812.85
20811.16 20812.85
20809.89 20811.36
20809.91 20811.59
20809.91 20811.59
20809.39 20811.11
20809.91 20811.59
20809.91 20811.59
20811.15 20812.86
20810.91 20812.59
20810.91 20812.59
20810.62 20812.13
20810.62 20812.13
20809.63 20811.12
20809.91 20811.09
20809.91 20811.09
20809.41 20811.09
20808.65 20810.36
20808.65 20810.36
20809.15 20810.86
20809.66 20811.35
20809.66 20811.35
20809.89 20811.61
20810.16 20811.85
20810.16 20811.85
20810.16 20811.85
20808.64 20810.11
20808.15 20809.86
20808.15 20809.86
20809.38 20810.87
20809.38 20810.87
20809.91 20811.60
20811.38 20812.87
20811.38 20812.87
20811.88 20813.37
20811.88 20813.37
20811.89 20813.36
20809.66 20811.34
20809.66 20811.34
20809.91 20811.60
20809.91 20811.60
20810.37 20811.88
20809.89 20811.36
20809.89 20811.36
20809.47 20811.28
20809.47 20811.28
20810.16 20811.85
20809.16 20810.84
20809.16 20810.84
20809.87 20811.38
20813.89 20815.36
20813.89 20815.36
20813.62 20815.13
20815.65 20816.85
20815.65 20816.85
20813.90 20815.61
20813.90 20815.61
20814.14 20815.61
20814.38 20815.88
20814.38 20815.88
20815.90 20817.61
20816.81 20817.44
20816.81 20817.44
20815.17 20816.33
20814.64 20816.36
20814.64 20816.36
20814.41 20815.60
20814.41 20815.60
20812.38 20813.87
20813.66 20815.34
20813.66 20815.34
20813.38 20814.87
20813.38 20814.87
20813.67 20814.83
20813.40 20815.11
20813.40 20815.11
20813.18 20814.33
20813.18 20814.33
20810.16 20811.85
20810.16 20811.85
20810.89 20812.36
20810.47 20812.28
20810.47 20812.28
20810.46 20812.29
20809.66 20811.35
20809.66 20811.35
20809.41 20811.10
20809.41 20811.10
20808.13 20809.62
20807.91 20809.59
20807.73 20809.53
20807.73 20809.53
20806.37 20807.88
20806.37 20807.88
20807.40 20809.11
20807.40 20809.11
20807.40 20809.11
20806.65 20808.36
20806.88 20808.37
20806.88 20808.37
20805.65 20807.35
20805.08 20807.17
20805.08 20807.17
20804.16 20805.85
20803.64 20805.11
20803.64 20805.11
20804.66 20806.34
20803.15 20804.85
20803.15 20804.85
20803.66 20805.34
20803.66 20805.34
20804.39 20806.11
20804.39 20805.86
20804.39 20805.86
20804.41 20805.59
20803.63 20805.13
20803.63 20805.13
20803.16 20804.85
20802.13 20803.62
20802.13 20803.62
20801.87 20803.38
20801.90 20803.60
20801.90 20803.60
20800.47 20802.28
20801.41 20803.09
20801.41 20803.09
20800.90 20802.61
20800.90 20802.61
20802.40 20804.11
20804.41 20806.10
20804.41 20806.10
20804.97 20806.78
20803.71 20805.54
20803.71 20805.54
20803.03 20804.98
20803.65 20805.36
20803.65 20805.36
20806.38 20807.87
20806.38 20807.87
20807.89 20809.36
20807.37 20808.88
20807.37 20808.88
20806.97 20808.78
20806.97 20808.78
20810.16 20811.35
20808.91 20810.60
20809.91 20811.60
20809.91 20811.60
20809.39 20811.11
20809.14 20810.61
20809.14 20810.61
20809.21 20811.04
20809.21 20811.04
20809.89 20811.36
20809.89 20811.36
20809.43 20810.58
20809.91 20811.60
20809.91 20811.60
20811.38 20812.87
20811.91 20813.60
20811.91 20813.60
20812.40 20814.11
20813.38 20814.88
20813.38 20814.88
20813.89 20815.36
20812.66 20814.34
20812.66 20814.34
20813.37 20814.88
20814.88 20816.37
20814.88 20816.37
20815.88 20817.37
20815.66 20817.35
20815.66 20817.35
20816.39 20817.86
20814.41 20816.09
20814.41 20816.09
20815.13 20816.62
20816.92 20818.08
20816.92 20818.08
20817.17 20818.34
20816.89 20818.36
20816.89 20818.36
20815.14 20816.61
20815.14 20816.61
20817.15 20818.35
20816.87 20818.38
20816.87 20818.38
20822.90 20824.61
20823.89 20825.36
20823.89 20825.36
20825.23 20827.03
20824.13 20825.63
20824.13 20825.63
20824.14 20825.61
20824.14 20825.61
20825.13 20826.62
20826.66 20828.35
20826.66 20828.35
20826.65 20828.36
20826.93 20828.08
20826.93 20828.08
20827.13 20828.62
20827.13 20828.62
20825.64 20827.11
20825.64 20827.11
20830.13 20831.62
20830.88 20832.37
20830.88 20832.37
20833.63 20835.12
20833.63 20835.12
20834.89 20836.36
20834.66 20836.34
20834.66 20836.34
20834.91 20836.59
20833.89 20835.61
20833.89 20835.61
20832.64 20834.11
20832.64 20834.11
20834.66 20836.35
20835.66 20836.84
20835.66 20836.84
20836.16 20837.34
20836.16 20837.34
20835.67 20836.83
20835.67 20836.83
20833.66 20835.34
20833.91 20835.09
20833.91 20835.09
20830.39 20831.86
20830.39 20831.86
20830.40 20832.10
20829.64 20831.11
20829.64 20831.11
20827.37 20828.88
20825.13 20826.62
20825.13 20826.62
20824.63 20826.12
20824.63 20826.12
20824.40 20826.10
20824.16 20825.85
20823.63 20825.12
20823.63 20825.12
20823.64 20825.11
20823.64 20825.11
20822.40 20824.10
20822.63 20824.13
20822.63 20824.13
20822.40 20824.11
20820.91 20822.59
20820.91 20822.59
20824.39 20825.86
20824.37 20825.88
20824.37 20825.88
20825.15 20826.86
20825.39 20827.11
20825.39 20827.11
20825.41 20826.59
20825.41 20826.59
20824.91 20826.59
20824.91 20826.59
20825.12 20826.63
20823.92 20825.09
20823.92 20825.09
20822.91 20824.60
20824.66 20825.85
20824.66 20825.85
20824.40 20826.10
20824.66 20826.35
20824.66 20826.35
20826.14 20827.61
20826.64 20828.36
20826.64 20828.36
20826.65 20828.35
20825.66 20827.35
20825.66 20827.35
20825.40 20827.11
20825.40 20827.11
20825.16 20826.84
20824.46 20826.29
20824.46 20826.29
20826.13 20827.62
20826.13 20827.62
20826.91 20828.60
20825.71 20827.54
20825.71 20827.54
20826.14 20827.61
20826.81 20827.44
20826.81 20827.44
20826.81 20827.44
20827.40 20829.11
20826.43 20827.58
20826.43 20827.58
20823.13 20824.63
20824.37 20825.88
20824.37 20825.88
20823.88 20825.38
20823.88 20825.38
20824.13 20825.62
20826.16 20827.35
20826.16 20827.35
20825.12 20826.63
20825.12 20826.63
20824.22 20826.03
20823.14 20824.61
20823.14 20824.61
20823.90 20825.61
20823.90 20825.61
20823.40 20825.10
20823.40 20825.10
20823.37 20824.88
20822.65 20824.36
20822.65 20824.36
20822.42 20823.58
20821.66 20822.85
20821.66 20822.85
20822.67 20823.84
20821.88 20823.37
20821.88 20823.37
20821.15 20822.86
20821.15 20822.86
20820.90 20822.61
20820.14 20821.86
20820.14 20821.86
20819.89 20821.36
20820.15 20821.85
20820.15 20821.85
20821.91 20823.60
20822.90 20824.61
20822.90 20824.61
20822.91 20824.60
20822.88 20824.38
20822.88 20824.38
20821.30 20821.95
20821.30 20821.95
20823.13 20824.62
20823.13 20824.62
20822.66 20824.35
20822.13 20823.62
20822.13 20823.62
20822.66 20824.34
20822.89 20824.36
20822.89 20824.36
20822.55 20823.20
20822.55 20823.20
20821.13 20822.62
20821.13 20822.62
20821.38 20822.87
20821.14 20822.86
20821.14 20822.86
20821.62 20823.13
20821.62 20823.13
20817.90 20819.61
20818.73 20820.53
20818.73 20820.53
20818.41 20820.10
20814.91 20816.60
20814.91 20816.60
20814.40 20816.10
20814.65 20816.36
20814.65 20816.36
20813.89 20815.36
20813.89 20815.36
20813.63 20815.13
20814.91 20816.09
20814.91 20816.09
20814.89 20816.36
20814.89 20816.36
20813.66 20814.84
20813.66 20814.84
20814.88 20816.37
20814.88 20816.37
20813.71 20815.54
20813.64 20815.11
20813.64 20815.11
20812.96 20814.79
20813.21 20815.04
20813.21 20815.04
20814.87 20816.38
20815.15 20816.86
20815.15 20816.86
20815.15 20816.86
20816.13 20817.63
20816.13 20817.62
20816.13 20817.62
20816.66 20818.35
20816.66 20818.35
20816.65 20818.35
20816.65 20818.36
20816.65 20818.36
20817.13 20818.62
20817.14 20818.61
20817.14 20818.61
20817.14 20818.61
20817.90 20819.10
20817.14 20818.61
20817.14 20818.61
20817.16 20818.85
20817.16 20818.85
20817.14 20818.61
20816.38 20817.88
20816.38 20817.88
20817.63 20819.12
20817.63 20819.12
20816.90 20818.61
20816.66 20818.34
20816.66 20818.34
20817.15 20818.86
20817.15 20818.86
20817.15 20818.86
20816.88 20818.38
20816.88 20818.38
20815.38 20816.87
20815.38 20816.87
20816.41 20817.59
20816.41 20817.59
20816.89 20818.36
20817.41 20819.09
20817.41 20819.09
20817.64 20819.11
20816.40 20818.10
20816.40 20818.10
20815.72 20817.53
20815.72 20817.53
20816.15 20817.86
20816.14 20817.61
20816.14 20817.61
20815.64 20817.11
20815.64 20817.11
20815.16 20816.85
20815.15 20816.86
20815.15 20816.86
20816.14 20817.61
20816.14 20817.61
20815.39 20817.11
20813.62 20815.13
20813.62 20815.13
20812.89 20814.36
20814.39 20815.86
20814.39 20815.86
20813.89 20815.36
20814.66 20816.34
20814.66 20816.34
20814.65 20816.36
20814.65 20816.36
20814.64 20816.11
20814.48 20816.28
20814.48 20816.28
20814.38 20815.87
20814.38 20815.87
20814.16 20815.84
20816.22 20818.03
20816.22 20818.03
20815.88 20817.37
20815.88 20817.37
20815.90 20817.61
20815.90 20817.61
20816.13 20817.62
20815.89 20817.61
20815.89 20817.61
20815.40 20817.10
20815.40 20817.10
20815.66 20817.35
20815.38 20816.87
20815.38 20816.87
20816.38 20817.87
20816.38 20817.87
20816.38 20817.88
20816.38 20817.88
20815.71 20817.54
20815.71 20817.54
20815.14 20816.61
20815.64 20817.11
20815.64 20817.11
20816.13 20817.62
20816.41 20817.59
20816.41 20817.59
20816.65 20818.36
20816.65 20818.36
20816.62 20818.13
20816.62 20818.13
20816.65 20818.36
20816.68 20817.83
20816.68 20817.83
20816.68 20817.83
20815.91 20817.60
20816.63 20818.13
20816.63 20818.13
20813.38 20814.87
20813.38 20814.87
20813.91 20815.60
20814.15 20815.86
20814.15 20815.86
20814.13 20815.63
20814.40 20816.11
20814.40 20816.11
20814.40 20816.10
20814.40 20816.10
20814.39 20815.86
20813.65 20815.36
20813.65 20815.36
20813.14 20814.61
20815.64 20817.11
20815.64 20817.11
20815.91 20817.60
20818.16 20819.84
20818.16 20819.84
20819.91 20821.09
20819.91 20821.09
20818.13 20819.62
20820.15 20821.86
20820.15 20821.86
20820.14 20821.61
20820.14 20821.61
20820.64 20822.11
20821.14 20822.61
20821.14 20822.61
20818.88 20820.37
20818.88 20820.37
20819.64 20821.11
20820.14 20821.61
20820.14 20821.61
20820.63 20822.12
20820.63 20822.12
20820.87 20822.38
20820.15 20821.86
20820.15 20821.86
