20769.88 20771.38
20769.88 20771.38
20769.37 20770.88
20769.37 20770.88
20768.89 20770.36
20769.41 20770.59
20769.41 20770.59
20770.41 20772.10
20771.17 20772.33
20771.17 20772.33
20765.17 20766.33
20767.39 20768.86
20767.39 20768.86
20769.89 20771.36
20769.63 20771.13
20769.63 20771.13
20770.63 20772.12
20769.12 20770.63
20769.12 20770.63
20770.38 20771.88
20770.38 20771.88
20770.39 20771.86
20770.87 20772.38
20770.87 20772.38
20772.16 20773.35
20772.16 20773.35
20771.16 20772.34
20770.17 20771.33
20770.17 20771.33
20770.39 20771.86
20770.39 20771.86
20770.16 20771.34
20771.92 20773.08
20771.92 20773.08
20772.62 20774.13
20772.64 20774.11
20772.64 20774.11
20772.14 20773.61
20771.16 20772.34
20771.16 20772.34
20770.17 20771.33
20770.17 20771.33
20770.64 20772.11
20770.42 20771.58
20770.42 20771.58
20771.41 20772.59
20772.38 20773.87
20772.38 20773.87
20772.41 20773.59
20772.41 20773.59
20769.89 20771.36
20770.88 20772.37
20770.88 20772.37
20770.65 20771.85
20770.66 20771.85
20770.66 20771.85
20771.16 20772.34
20771.16 20772.35
20771.16 20772.35
20771.17 20772.34
20771.16 20772.34
20771.16 20772.34
20771.41 20772.59
20771.41 20772.59
20769.39 20770.86
20769.39 20770.86
20770.37 20771.88
20769.67 20770.83
20766.89 20768.36
20766.89 20768.36
20767.87 20769.38
20766.66 20767.84
20766.66 20767.84
20764.88 20766.37
20766.41 20767.59
20766.41 20767.59
20765.63 20767.13
20765.87 20767.38
20765.87 20767.38
20767.62 20769.13
20767.62 20769.13
20769.91 20771.09
20769.66 20770.85
20769.66 20770.85
20769.89 20771.36
20769.63 20771.12
20769.63 20771.12
20770.17 20771.33
20769.88 20771.38
20769.88 20771.38
20770.91 20772.09
20771.16 20772.34
20771.16 20772.34
20768.37 20769.88
20768.88 20770.38
20768.88 20770.38
20768.89 20770.36
20768.89 20770.36
20768.13 20769.62
