21071.06 21071.69
21071.06 21071.69
21071.06 21071.69
21070.64 21072.36
21070.64 21072.36
21070.89 21072.61
21070.89 21072.61
21072.65 21074.35
21072.64 21074.36
21072.64 21074.36
21072.89 21074.36
21072.89 21074.36
21073.97 21075.78
21073.97 21075.78
21073.97 21075.78
21074.16 21075.85
21071.39 21073.11
21071.39 21073.11
21071.14 21072.61
21071.14 21072.61
21070.46 21072.29
21070.46 21072.29
21070.15 21071.85
21069.96 21071.79
21069.96 21071.79
21070.14 21071.61
21070.37 21071.88
21070.37 21071.88
21070.37 21071.88
21070.43 21071.58
21070.43 21071.58
21070.43 21071.58
21069.89 21071.36
21069.89 21071.36
21069.89 21071.36
21069.88 21071.37
21069.88 21071.37
21069.88 21071.37
21070.41 21072.09
21070.41 21072.09
21069.89 21071.61
21069.89 21071.61
21071.39 21072.86
21071.39 21072.86
21071.39 21072.86
21071.64 21073.11
21071.65 21073.36
21071.65 21073.36
21071.72 21073.53
21072.14 21073.61
21072.14 21073.61
21072.14 21073.61
21072.88 21074.37
21072.88 21074.37
21072.64 21074.11
21072.64 21074.11
21071.89 21073.36
21071.89 21073.36
21072.22 21074.03
21072.22 21074.03
21070.89 21072.61
21070.89 21072.61
21070.96 21072.79
21070.96 21072.79
21071.88 21073.37
21071.88 21073.37
21072.16 21073.84
21072.16 21073.84
21072.14 21073.61
21070.90 21072.61
21070.90 21072.61
21070.73 21072.53
21070.73 21072.53
21069.89 21071.61
21069.89 21071.61
21069.90 21071.61
21070.39 21072.11
21070.39 21072.11
21070.15 21071.85
21070.15 21071.85
21070.64 21072.11
21070.64 21072.11
21070.64 21072.11
21070.89 21072.61
21070.89 21072.61
21071.16 21072.84
21071.16 21072.84
21071.13 21072.63
21071.15 21072.35
21071.15 21072.35
21070.64 21072.11
21070.64 21072.11
21070.66 21072.34
21070.66 21072.34
21070.64 21072.11
21070.64 21072.11
21070.67 21071.84
21070.67 21071.84
21069.92 21071.08
21069.92 21071.08
21068.89 21070.36
21068.15 21069.85
21068.15 21069.85
21067.89 21069.36
21067.89 21069.36
21067.65 21069.36
21066.90 21068.61
21066.90 21068.61
21066.38 21067.88
21066.38 21067.88
21067.14 21068.61
21067.14 21068.61
21066.71 21068.54
21066.90 21068.61
21066.90 21068.61
21066.91 21068.59
21066.91 21068.59
21067.91 21069.59
21067.91 21069.59
21068.40 21070.10
21068.15 21069.85
21068.15 21069.85
21068.15 21069.85
21068.22 21070.03
21068.22 21070.03
21068.22 21070.03
21068.65 21070.36
21068.40 21070.11
21068.40 21070.11
21068.66 21070.34
21068.66 21070.34
21067.39 21068.86
21067.39 21068.86
21067.14 21068.86
21067.14 21068.86
21066.68 21067.83
21066.68 21067.83
21068.64 21070.11
21068.64 21070.11
21068.64 21070.11
21069.41 21070.59
21069.41 21070.59
21069.66 21070.85
21069.66 21070.85
21070.31 21070.94
21070.31 21070.94
21070.16 21071.35
21070.16 21071.35
21068.63 21070.13
21068.41 21070.09
21068.41 21070.09
21068.16 21069.84
21067.91 21069.60
21067.91 21069.60
21068.89 21070.61
21068.89 21070.61
21069.56 21070.19
21069.56 21070.19
21070.14 21071.61
21070.14 21071.61
21070.15 21071.85
21070.63 21072.12
21070.63 21072.12
21070.63 21072.12
21070.87 21072.38
21071.39 21073.11
21071.39 21073.11
21071.63 21073.13
21071.63 21073.13
21071.16 21072.35
21071.16 21072.35
21071.16 21072.34
21071.16 21072.34
21071.16 21072.34
21071.17 21072.33
21071.17 21072.33
21071.16 21072.35
21071.16 21072.35
21069.88 21071.38
21069.88 21071.38
21069.88 21071.38
21070.16 21071.84
21070.16 21071.84
21070.40 21072.11
21070.65 21072.36
21070.65 21072.36
21069.90 21071.61
21069.90 21071.61
21069.90 21071.61
21070.39 21072.11
21069.88 21071.38
21069.88 21071.38
21069.88 21071.38
21069.89 21071.36
21069.89 21071.36
21069.64 21071.36
21069.64 21071.36
21069.62 21071.13
21069.62 21071.13
21069.62 21071.13
21069.63 21071.13
21069.63 21071.13
21069.63 21071.13
21069.63 21071.13
21069.39 21070.86
21069.39 21070.86
21069.37 21070.88
21069.67 21070.84
21069.67 21070.84
21069.14 21070.86
21069.14 21070.86
21069.14 21070.86
21069.91 21071.59
21068.90 21070.61
21068.90 21070.61
21069.14 21070.61
21069.14 21070.61
21068.90 21070.61
21068.90 21070.61
21068.66 21069.84
21068.66 21069.84
21068.66 21069.84
21069.41 21071.09
21069.14 21070.86
21069.14 21070.86
21069.15 21070.86
21069.15 21070.86
21067.66 21068.85
21067.66 21068.85
21067.38 21068.87
21067.38 21068.87
21067.39 21068.86
21067.39 21068.86
21067.39 21068.86
21067.15 21068.35
21067.15 21068.35
21066.63 21068.13
21066.63 21068.13
21066.92 21068.09
21066.92 21068.09
21066.64 21068.11
21066.64 21068.11
21067.39 21068.86
21067.39 21068.86
21067.39 21068.86
21067.62 21069.13
21067.62 21069.13
21067.62 21069.13
21067.62 21069.13
21067.64 21069.11
21067.39 21068.86
21067.39 21068.86
21067.92 21069.09
21067.92 21069.09
21067.91 21069.59
21070.87 21072.38
21070.87 21072.38
21071.12 21072.63
21071.12 21072.63
21072.16 21073.84
21072.16 21073.84
21072.16 21073.84
21072.14 21073.61
21072.14 21073.61
21071.90 21073.61
21071.90 21073.61
21071.90 21073.60
21072.14 21073.61
21072.14 21073.61
21071.88 21073.37
21071.88 21073.37
21072.14 21073.61
21072.14 21073.61
21072.14 21073.61
21072.63 21074.13
21072.63 21074.13
21072.40 21074.11
21072.40 21074.11
21072.41 21074.09
21072.39 21073.86
21072.39 21073.86
21072.39 21074.11
21072.39 21074.11
21072.39 21074.11
21072.40 21074.11
21072.40 21074.11
21072.14 21073.86
21072.14 21073.86
21072.14 21073.86
21072.92 21074.09
21059.97 21061.78
21059.14 21060.61
21059.14 21060.61
21059.14 21060.61
21059.13 21060.63
21059.13 21060.63
21059.15 21060.86
21059.15 21060.35
21059.15 21060.35
21058.91 21060.60
21058.91 21060.60
21059.15 21060.86
21059.15 21060.86
21058.47 21060.28
21058.64 21060.36
21058.64 21060.36
21058.63 21060.13
21058.63 21060.13
21059.40 21061.11
21059.14 21060.61
21059.14 21060.61
21059.90 21061.61
21059.65 21061.35
21059.65 21061.35
21060.41 21062.09
21060.41 21062.09
21060.41 21062.09
21060.39 21061.86
21060.39 21061.86
21060.38 21061.88
21060.38 21061.88
21060.39 21062.11
21060.39 21062.11
21060.39 21062.11
21060.64 21062.36
21060.64 21062.36
21061.39 21062.86
21061.39 21062.86
21059.89 21061.61
21060.15 21061.86
21060.15 21061.86
21060.13 21061.63
21060.13 21061.63
21060.90 21062.61
21060.90 21062.61
21060.89 21062.36
21060.89 21062.36
21060.89 21062.36
21060.64 21062.11
21060.68 21061.83
21060.68 21061.83
21060.43 21061.58
21059.63 21061.13
21059.63 21061.13
21059.88 21061.38
21059.88 21061.38
21059.88 21061.38
21059.88 21061.38
21059.89 21061.36
21059.89 21061.36
21057.17 21058.34
21057.17 21058.34
21054.65 21056.36
21054.91 21056.09
21054.91 21056.09
21055.64 21057.36
21055.13 21056.63
21055.13 21056.63
21055.13 21056.63
21053.89 21055.36
21053.65 21055.36
21053.65 21055.36
21053.66 21055.34
21053.14 21054.61
21053.14 21054.61
21052.65 21053.85
21052.88 21054.38
21052.88 21054.38
21054.06 21054.69
21054.06 21054.69
21055.43 21056.58
21055.43 21056.58
21055.39 21056.86
21055.65 21057.36
21055.65 21057.36
21054.96 21056.79
21054.12 21055.63
21054.12 21055.63
21054.38 21055.88
21054.14 21055.61
21054.14 21055.61
21054.15 21055.85
21054.15 21055.85
21054.66 21056.34
21053.38 21054.88
21053.38 21054.88
21053.14 21054.61
21053.14 21054.61
21053.13 21054.62
21053.15 21054.85
21053.15 21054.85
21053.40 21055.11
21052.97 21054.78
21052.97 21054.78
21053.22 21055.03
21054.64 21056.11
21054.64 21056.11
21054.67 21055.83
21054.39 21055.86
21054.39 21055.86
21054.13 21055.63
21054.64 21056.11
21054.64 21056.11
21054.40 21056.11
21054.40 21056.11
21054.40 21056.11
21054.40 21056.11
21054.40 21056.11
21054.90 21056.10
21054.90 21056.10
21055.31 21055.94
21055.31 21055.94
21054.90 21056.60
21054.64 21056.36
21054.64 21056.36
21054.64 21056.36
21054.64 21056.11
21054.64 21056.11
21054.87 21056.38
21054.87 21056.38
21055.41 21057.09
21055.41 21057.09
21055.41 21057.09
21055.66 21057.35
21055.66 21057.35
21055.64 21057.11
21055.64 21057.11
21055.64 21057.11
21055.64 21057.11
21055.14 21056.86
21055.14 21056.86
21054.98 21056.78
21055.15 21056.86
21055.15 21056.86
21055.39 21056.86
21054.71 21056.54
21054.71 21056.54
21054.66 21056.34
21054.66 21056.34
21053.90 21055.61
21053.90 21055.61
21054.21 21056.04
21054.21 21056.04
21054.65 21056.36
21054.65 21056.36
21054.65 21056.36
21054.65 21056.36
21056.40 21057.60
21056.40 21057.60
21055.23 21057.03
21055.23 21057.03
21055.16 21056.84
21055.16 21056.84
21055.16 21056.84
21055.14 21056.61
21055.14 21056.61
21055.39 21057.11
21054.65 21055.85
21054.65 21055.85
21054.64 21056.11
21054.64 21056.11
21054.90 21056.61
21054.90 21056.61
21055.38 21056.88
21055.38 21056.88
21055.16 21056.85
21055.66 21056.85
21055.66 21056.85
21055.39 21056.86
21055.39 21056.86
21055.65 21057.36
21053.39 21055.11
21053.39 21055.11
21053.39 21055.11
21053.63 21055.12
21052.39 21054.11
21052.39 21054.11
21053.38 21054.88
21053.38 21054.88
21054.15 21055.86
21054.13 21055.62
21054.13 21055.62
21054.14 21055.61
21054.14 21055.86
21054.14 21055.86
21054.14 21055.61
21054.14 21055.61
21054.14 21055.61
21054.90 21056.61
21054.90 21056.61
21054.90 21056.61
21055.14 21056.61
21055.12 21056.63
21055.12 21056.63
21055.16 21056.84
21055.68 21056.83
21055.68 21056.83
21055.14 21056.61
21055.14 21056.61
21055.14 21056.61
21055.40 21056.60
21055.40 21056.60
21055.12 21056.63
21055.39 21057.11
21055.39 21057.11
21055.65 21057.36
21055.65 21057.36
21055.65 21057.36
21055.64 21057.11
21055.64 21057.11
21055.64 21057.11
21054.64 21056.36
21054.64 21056.36
21054.87 21056.38
21053.91 21055.59
21053.91 21055.59
21053.89 21055.61
21053.89 21055.61
21053.38 21054.88
21053.38 21054.88
21053.90 21055.10
21053.92 21055.08
21053.92 21055.08
21053.88 21055.38
21053.88 21055.38
21053.65 21055.36
21053.65 21055.36
21053.39 21054.86
21053.39 21054.86
21053.89 21055.61
21053.89 21055.61
21053.63 21055.13
21053.63 21055.13
21053.63 21055.13
21053.55 21054.20
21054.64 21056.11
21054.64 21056.11
21054.87 21056.38
21054.87 21056.38
21054.87 21056.38
21054.14 21055.61
21054.14 21055.61
21053.63 21055.13
21054.14 21055.61
21054.14 21055.61
21053.89 21055.36
21053.89 21055.36
21054.87 21056.38
21054.87 21056.38
21055.16 21056.84
21055.22 21057.03
21055.22 21057.03
21054.96 21056.79
21055.39 21056.86
21055.39 21056.86
21054.89 21056.61
21053.14 21054.61
21053.14 21054.61
21052.89 21054.36
21052.89 21054.36
21052.89 21054.36
21052.91 21054.10
21052.91 21054.10
21052.64 21054.11
21052.64 21054.11
21052.65 21054.36
21052.93 21054.08
21052.93 21054.08
21052.40 21054.11
21052.40 21054.11
21052.89 21054.36
21052.89 21054.36
21052.39 21053.86
21052.39 21053.86
21052.41 21053.60
21052.21 21054.04
21052.21 21054.04
21051.98 21053.78
21052.64 21054.11
21052.64 21054.11
21051.89 21053.36
21051.89 21053.36
21051.89 21053.36
21051.89 21053.36
21052.15 21053.86
21052.43 21053.58
21052.43 21053.58
21051.88 21053.37
21051.88 21053.37
21051.64 21053.11
21051.64 21053.11
21050.64 21052.11
21050.16 21051.84
21050.16 21051.84
21050.64 21052.11
21050.64 21052.11
21050.87 21052.38
21050.87 21052.38
21050.91 21052.60
21050.91 21052.60
21051.40 21052.60
21051.40 21052.60
21050.39 21052.11
21050.43 21051.58
21050.43 21051.58
21048.38 21049.88
21048.38 21049.88
21047.63 21049.13
21049.65 21051.36
21049.65 21051.36
21049.66 21051.34
21049.66 21051.34
21049.90 21051.61
21049.90 21051.61
21047.16 21048.85
21046.88 21048.38
21046.88 21048.38
21047.15 21048.85
21047.15 21048.85
21047.16 21048.84
21047.16 21048.84
