20835.16 20836.85
20835.16 20836.85
20835.03 20836.97
20835.03 20836.97
20835.16 20836.84
20835.16 20836.84
20838.89 20840.61
20838.89 20840.61
20838.48 20840.28
20838.48 20840.28
20838.46 20840.29
20838.46 20840.29
20838.46 20840.29
20837.53 20839.47
20838.28 20840.23
20838.28 20840.23
20838.03 20839.98
20838.03 20839.98
20838.08 20840.17
20838.03 20839.97
20838.03 20839.97
20838.48 20840.28
20838.48 20840.28
20836.03 20837.98
20836.78 20838.73
20836.78 20838.73
20836.83 20838.92
20836.58 20838.67
20836.58 20838.67
20836.53 20838.48
20836.53 20838.48
20837.28 20839.23
20837.28 20839.23
20836.87 20839.39
20836.53 20838.48
20836.53 20838.48
20836.53 20838.47
20836.53 20838.47
20836.16 20837.85
20836.16 20837.85
20836.56 20837.19
20835.78 20837.72
20835.78 20837.72
20837.40 20839.10
20838.22 20840.03
20838.22 20840.03
20837.08 20839.17
20837.08 20839.17
20837.33 20839.42
20836.28 20838.23
20836.28 20838.23
20836.15 20837.85
20837.40 20839.10
20837.40 20839.10
20834.72 20836.53
20834.72 20836.53
20836.03 20837.98
20836.03 20837.97
20836.03 20837.97
20835.91 20837.60
20835.91 20837.60
20835.91 20837.60
20836.08 20838.17
20837.03 20838.97
20837.03 20838.97
20837.03 20838.97
20838.66 20840.35
20838.66 20840.35
20839.03 20840.98
20840.46 20842.29
20840.46 20842.29
20839.78 20841.72
20839.78 20841.72
20840.03 20841.97
20838.03 20839.97
20838.03 20839.97
20836.53 20838.47
20837.33 20839.42
20837.33 20839.42
20837.28 20839.22
20837.28 20839.22
20838.81 20839.44
20837.78 20839.73
20837.78 20839.73
20837.78 20839.73
20837.28 20839.23
20836.03 20837.98
20836.03 20837.98
20836.03 20837.98
20836.03 20837.98
20835.38 20837.62
20835.38 20837.62
20835.53 20837.47
20835.78 20837.72
20835.78 20837.72
20836.78 20838.72
20836.78 20838.72
20837.53 20839.48
20837.33 20839.42
20837.33 20839.42
20836.53 20838.47
20836.53 20838.47
20837.03 20838.97
20837.03 20838.97
20836.88 20839.12
20836.53 20838.47
20836.53 20838.47
20836.15 20837.86
20836.53 20838.48
20836.53 20838.48
20837.21 20839.04
20837.21 20839.04
20837.40 20839.10
20837.40 20839.10
20837.40 20839.10
20838.53 20840.47
20840.15 20841.86
20840.15 20841.86
20837.53 20839.48
20837.53 20839.48
20838.03 20839.98
20838.28 20840.22
20838.28 20840.22
20837.83 20839.92
20836.48 20838.28
20836.48 20838.28
20835.72 20837.53
20835.72 20837.53
20835.89 20837.61
20836.53 20838.48
20836.53 20838.48
20836.21 20838.04
20836.21 20838.04
20836.21 20838.04
20835.96 20837.79
20835.96 20837.79
20835.65 20837.35
20835.65 20837.35
20835.66 20837.34
20834.78 20836.72
20834.78 20836.72
20834.66 20836.35
20834.66 20836.35
20834.73 20836.53
20832.98 20834.78
20832.98 20834.78
20832.78 20834.72
20834.47 20836.28
20834.47 20836.28
20834.03 20835.98
20834.03 20835.98
20832.58 20834.67
20832.58 20834.67
20832.78 20834.72
20832.78 20834.72
20833.98 20835.78
20833.98 20835.78
20835.21 20837.04
20835.28 20837.22
20835.28 20837.22
20835.28 20837.23
20835.28 20837.23
20834.23 20836.03
20834.23 20836.03
20835.48 20837.28
20835.48 20837.28
20833.28 20835.22
20834.53 20836.47
20834.03 20835.98
20834.03 20835.98
20834.03 20835.98
20835.72 20837.53
20835.72 20837.53
20835.78 20837.72
20835.78 20837.72
20836.39 20838.11
20835.28 20837.23
20835.28 20837.23
20835.28 20837.23
20835.23 20837.03
20838.08 20840.17
20838.08 20840.17
20838.78 20840.73
20838.78 20840.73
20838.73 20840.53
20838.73 20840.53
20838.03 20839.97
20839.33 20841.42
20839.33 20841.42
20839.89 20841.61
20839.89 20841.61
20838.90 20840.60
20840.72 20842.53
20840.72 20842.53
20839.23 20841.03
20839.23 20841.03
20841.21 20843.04
20841.21 20843.04
20839.46 20841.29
20839.46 20841.29
20837.78 20839.72
20836.03 20837.97
20836.03 20837.97
20835.48 20837.28
20835.48 20837.28
20833.28 20835.22
20832.46 20834.29
20832.46 20834.29
20832.98 20834.78
20832.98 20834.78
20833.47 20835.28
20833.28 20835.22
20833.28 20835.22
20833.28 20835.22
20832.72 20834.53
20832.47 20834.28
20832.47 20834.28
20833.03 20834.97
20833.03 20834.97
20832.53 20834.48
20832.53 20834.48
20832.90 20834.60
20832.91 20834.60
20832.91 20834.60
20835.46 20837.29
20835.46 20837.29
20835.23 20837.03
20833.03 20834.98
20833.03 20834.98
20834.23 20836.03
20834.23 20836.03
20834.22 20836.03
20833.23 20835.03
20833.23 20835.03
20833.23 20835.03
20834.46 20836.29
20834.46 20836.29
20834.48 20836.28
20834.48 20836.28
20834.48 20836.28
20834.91 20836.59
20834.91 20836.59
20834.28 20836.23
20834.28 20836.23
20834.28 20836.23
20834.48 20836.28
20834.48 20836.28
20834.21 20836.04
20834.21 20836.04
20832.48 20834.28
20832.48 20834.28
20832.48 20834.28
20832.58 20834.67
20832.58 20834.67
20832.58 20834.67
20832.58 20834.67
20832.58 20834.67
20833.03 20834.98
20833.03 20834.98
20832.78 20834.72
20832.21 20834.04
20832.21 20834.04
20831.03 20832.97
20828.90 20830.60
20828.90 20830.60
20827.83 20829.92
20828.90 20830.60
20828.90 20830.60
20827.53 20829.47
20827.48 20829.28
20827.48 20829.28
20828.22 20830.03
20828.22 20830.03
20829.53 20831.47
20829.53 20831.47
20829.03 20830.97
20829.03 20830.97
20829.03 20830.98
20831.58 20833.67
20831.58 20833.67
20830.98 20832.78
20833.28 20835.23
20833.28 20835.23
20835.46 20837.29
20833.58 20835.67
20833.58 20835.67
20832.83 20834.92
20832.83 20834.92
20832.78 20834.72
20832.78 20834.72
20832.83 20834.92
20832.83 20834.92
20833.23 20835.03
20833.23 20835.03
20832.78 20834.73
20833.03 20834.97
20833.03 20834.97
20831.66 20833.35
20831.66 20833.35
20831.28 20833.23
20830.78 20832.72
20830.78 20832.72
20831.88 20834.12
20831.08 20833.17
20831.08 20833.17
20831.03 20832.97
20831.03 20832.97
20830.83 20832.92
20830.83 20832.92
20830.33 20832.42
20830.33 20832.42
20830.33 20832.42
20830.33 20832.42
20829.83 20831.92
20829.78 20831.72
20829.78 20831.72
20829.78 20831.72
20829.16 20830.84
20829.16 20830.84
20829.28 20831.22
20829.63 20831.87
20829.63 20831.87
20829.28 20831.23
20829.28 20831.23
20829.28 20831.23
20829.28 20831.23
20829.28 20831.23
20829.28 20831.23
20829.28 20831.23
20829.28 20831.23
20829.21 20831.04
20829.21 20831.04
20829.21 20831.04
20829.21 20831.04
20828.71 20830.54
20828.71 20830.54
20828.65 20830.35
20827.83 20829.92
20827.83 20829.92
20827.83 20829.92
20828.16 20829.85
20826.03 20827.98
20826.03 20827.98
20826.53 20828.48
20826.28 20828.23
20826.28 20828.23
20826.28 20828.23
20826.33 20828.42
20826.33 20828.42
20825.53 20827.48
20825.53 20827.48
20826.33 20828.42
20827.78 20829.73
20827.78 20829.73
20827.28 20829.22
20826.53 20828.47
20826.53 20828.47
20826.78 20828.73
20826.78 20828.73
20827.03 20828.98
20827.03 20828.98
20827.21 20829.04
20827.21 20829.04
20826.58 20828.67
20826.58 20828.67
20827.23 20829.03
20827.23 20829.03
20826.53 20828.47
20826.53 20828.47
20826.53 20828.47
20827.03 20828.98
20826.14 20827.86
20826.14 20827.86
20824.96 20826.79
20824.96 20826.79
20823.13 20824.62
20822.53 20824.48
20822.53 20824.48
20822.98 20824.78
20822.98 20824.78
20822.98 20824.78
20822.73 20824.53
20822.73 20824.53
20822.28 20824.22
20822.28 20824.22
20821.98 20823.78
20821.03 20822.98
20821.03 20822.98
20820.28 20822.23
20822.53 20824.47
20822.53 20824.47
20823.78 20825.73
20823.78 20825.73
20823.98 20825.78
20823.98 20825.78
20822.53 20824.48
20822.53 20824.48
20822.28 20824.23
20824.03 20825.97
20824.03 20825.97
20821.71 20823.54
20821.71 20823.54
20821.46 20823.29
20822.13 20824.37
20822.13 20824.37
20822.78 20824.73
20822.78 20824.73
20822.53 20824.47
20822.53 20824.47
20822.53 20824.47
20822.53 20824.47
20822.58 20824.67
20822.58 20824.67
20822.58 20824.67
20823.13 20825.37
20823.13 20825.37
20823.53 20825.47
20821.71 20823.54
20821.71 20823.54
20821.72 20823.53
20819.28 20821.22
20819.28 20821.22
20820.83 20822.92
20820.83 20822.92
20821.78 20823.72
20821.78 20823.72
20822.58 20824.67
20820.83 20822.92
20820.83 20822.92
20821.53 20823.48
20821.53 20823.48
20821.78 20823.72
20821.78 20823.72
20823.21 20825.04
20823.21 20825.04
20822.78 20824.72
20822.33 20824.42
20822.33 20824.42
20822.33 20824.42
20823.03 20824.98
20823.03 20824.98
20823.03 20824.98
20823.28 20825.23
20823.28 20825.23
20823.53 20825.48
20823.53 20825.48
20822.78 20824.72
20822.78 20824.72
20822.40 20824.10
20822.40 20824.10
20821.28 20823.23
20821.28 20823.23
20821.21 20823.04
20823.12 20824.63
20823.12 20824.63
20820.78 20822.73
20819.53 20821.48
20819.53 20821.48
20820.71 20822.54
20820.71 20822.54
20821.53 20823.47
20822.83 20824.92
20822.83 20824.92
20822.83 20824.92
20823.03 20824.97
20822.65 20824.36
20822.65 20824.36
20821.22 20823.03
20822.78 20824.72
20822.78 20824.72
20821.97 20823.78
20821.97 20823.78
20820.89 20822.36
20820.89 20822.36
20820.88 20822.37
20820.53 20822.47
20820.53 20822.47
20820.33 20822.42
20820.33 20822.42
20822.41 20824.10
20822.41 20824.10
20822.41 20824.09
20822.41 20824.09
20823.78 20825.72
20823.78 20825.72
20823.53 20825.48
20823.53 20825.48
20822.46 20824.29
20822.46 20824.29
20822.71 20824.54
20821.96 20823.79
20821.96 20823.79
20821.53 20823.47
20821.53 20823.47
20821.28 20823.23
20821.28 20823.23
20821.03 20822.97
20821.03 20822.97
20821.03 20822.97
20821.83 20823.92
20821.83 20823.92
20820.91 20822.60
20820.91 20822.60
20821.03 20822.98
20820.97 20822.78
20820.97 20822.78
20820.97 20822.78
20820.97 20822.78
20821.23 20823.03
20821.23 20823.03
20822.28 20824.23
20822.28 20824.23
20821.78 20823.72
20821.78 20823.72
20821.81 20822.45
20821.81 20822.45
20821.53 20823.48
20821.53 20823.48
20821.53 20823.48
20821.28 20823.22
20821.28 20823.22
20823.78 20825.72
20826.21 20828.04
20826.21 20828.04
20823.53 20825.48
20823.53 20825.48
20823.22 20825.03
20821.33 20823.42
20821.33 20823.42
20820.15 20821.85
20820.15 20821.85
20820.53 20822.48
20820.53 20822.48
20818.65 20820.36
20818.23 20820.03
20818.23 20820.03
20820.06 20820.69
20820.06 20820.69
20819.73 20821.53
20820.78 20822.72
20820.78 20822.72
20820.71 20822.54
20820.71 20822.54
20819.53 20821.47
20819.53 20821.47
20819.58 20821.67
20819.58 20821.67
20820.08 20822.17
20820.28 20822.22
20820.28 20822.22
20819.58 20821.67
20819.58 20821.67
20820.48 20822.28
20820.48 20822.28
20819.28 20821.22
20820.78 20822.73
20820.78 20822.73
20820.78 20822.73
20821.28 20823.22
20819.66 20821.34
20819.66 20821.34
20819.23 20821.03
20819.23 20821.03
20819.16 20820.85
20819.16 20820.85
20819.16 20820.85
20819.38 20820.88
20819.38 20820.88
20819.58 20821.67
20818.66 20820.34
20818.66 20820.34
20818.78 20820.73
20818.78 20820.73
20818.73 20820.53
20815.21 20817.04
20815.21 20817.04
20816.53 20818.48
20816.53 20818.48
20816.46 20818.29
20816.46 20818.29
20815.88 20817.37
20815.88 20817.37
20813.98 20815.78
20814.08 20816.17
20812.97 20814.78
20812.97 20814.78
20812.78 20814.73
20812.78 20814.73
20812.03 20813.97
20812.03 20813.97
20812.58 20814.67
20814.91 20816.59
20814.91 20816.59
20815.90 20817.60
20815.90 20817.60
20815.46 20817.29
20816.15 20817.86
20816.15 20817.86
20815.03 20816.97
20816.48 20818.28
20816.48 20818.28
20817.14 20818.61
20817.14 20818.61
20818.03 20819.97
20818.03 20819.97
20816.53 20818.48
20816.53 20818.48
20818.03 20819.98
20818.03 20819.98
20816.78 20818.73
20816.78 20818.73
20816.78 20818.72
20818.21 20820.04
20818.21 20820.04
20821.39 20822.86
20821.39 20822.86
20821.39 20822.86
20817.28 20819.22
20817.28 20819.22
20817.03 20818.98
20814.23 20816.03
20814.23 20816.03
20815.23 20817.03
