20965.14 20966.61
20965.14 20966.61
20963.91 20965.09
20963.91 20965.09
20963.17 20964.34
20963.17 20964.34
20963.17 20964.33
20963.66 20964.84
20963.66 20964.84
20965.42 20966.59
20965.42 20966.59
20964.91 20966.09
20965.81 20966.44
20965.81 20966.44
20965.14 20966.61
20965.14 20966.61
20964.14 20965.61
20963.38 20964.87
20963.38 20964.87
20963.91 20965.09
20963.91 20965.09
20963.39 20964.86
20963.66 20964.85
20963.66 20964.85
20964.43 20965.58
20964.43 20965.58
20965.42 20966.59
20965.64 20967.11
20965.64 20967.11
20965.66 20966.84
20965.66 20966.84
20966.67 20967.84
20966.67 20967.84
20966.63 20968.13
20968.16 20969.34
20968.16 20969.34
20967.63 20969.12
20967.64 20969.11
20967.64 20969.11
20968.13 20969.62
20968.13 20969.62
20969.13 20970.62
20968.66 20969.84
20968.66 20969.84
20968.68 20969.83
20968.16 20969.34
20968.16 20969.34
20967.14 20968.61
20966.14 20967.61
20966.14 20967.61
20966.37 20967.88
20966.37 20967.88
20966.90 20968.10
20966.90 20968.10
20966.66 20967.84
20966.66 20967.84
20966.67 20967.84
20965.15 20966.35
20965.15 20966.35
20964.67 20965.84
20966.06 20966.69
20966.06 20966.69
20965.67 20966.84
20965.67 20966.84
20965.16 20966.34
20965.16 20966.34
20964.91 20966.09
20965.66 20966.84
20965.66 20966.84
20965.14 20966.61
20965.14 20966.61
20964.88 20966.38
20964.88 20966.38
20965.81 20966.44
20965.41 20966.59
20965.41 20966.59
20965.41 20966.60
20965.66 20966.84
20965.66 20966.84
20965.41 20966.59
20965.41 20966.59
20965.13 20966.62
20965.13 20966.62
20965.14 20966.61
20965.18 20966.33
20965.18 20966.33
20966.56 20967.19
20966.56 20967.19
20965.92 20967.09
20966.14 20967.61
20966.14 20967.61
20965.89 20967.36
20965.63 20967.12
20965.64 20967.11
20965.64 20967.11
20965.56 20966.19
20965.56 20966.19
20966.42 20967.59
20966.17 20967.34
20966.17 20967.34
20966.41 20967.59
20966.41 20967.59
20967.06 20967.69
20967.06 20967.69
20966.66 20967.85
20966.66 20967.85
20968.41 20969.60
20968.41 20969.60
20967.43 20968.58
20967.43 20968.58
20966.41 20967.59
20966.41 20967.59
20966.06 20966.69
20966.06 20966.69
20965.17 20966.34
20964.62 20966.13
20964.62 20966.13
20964.39 20965.86
20964.39 20965.86
20963.17 20964.34
20963.17 20964.34
20962.91 20964.09
20962.91 20964.09
20962.66 20963.84
20962.66 20963.84
20963.16 20964.35
20965.64 20967.11
20965.64 20967.11
20966.55 20967.20
20966.55 20967.20
20965.92 20967.09
20965.92 20967.09
20965.56 20966.19
20965.56 20966.19
20965.66 20966.84
20965.66 20966.84
20965.66 20966.84
20965.80 20966.45
20965.80 20966.45
20964.06 20964.70
20964.06 20964.70
20964.31 20964.94
20964.56 20965.19
20964.56 20965.19
20963.41 20964.59
20963.68 20964.83
20963.68 20964.83
20963.66 20964.84
20963.66 20964.84
20967.31 20967.94
20967.31 20967.94
20968.14 20969.61
20967.67 20968.84
20967.67 20968.84
20968.41 20969.60
20968.41 20969.60
20968.66 20969.84
20969.67 20970.84
20969.67 20970.84
20969.41 20970.59
20969.40 20970.60
20969.40 20970.60
20969.14 20970.61
20970.31 20970.94
20970.31 20970.94
20970.66 20971.84
20970.39 20971.86
20970.43 20971.58
20970.43 20971.58
20969.89 20971.36
20969.89 20971.36
20970.56 20971.19
20969.92 20971.09
20969.92 20971.09
20968.91 20970.10
20969.16 20970.34
20969.16 20970.34
20969.39 20970.86
20969.39 20970.86
20969.39 20970.86
20970.16 20971.34
20969.87 20971.38
20969.87 20971.38
20970.66 20971.84
20970.66 20971.84
20970.42 20971.58
20970.41 20971.59
20970.41 20971.59
20970.17 20971.34
20970.17 20971.34
20970.17 20971.34
20969.18 20970.33
20969.18 20970.33
20970.14 20971.61
20970.14 20971.61
20970.17 20971.33
20970.55 20971.20
20970.55 20971.20
20970.66 20971.84
20970.17 20971.34
20970.17 20971.34
20969.68 20970.83
20968.42 20969.59
20968.42 20969.59
20968.42 20969.59
20969.39 20970.86
20969.31 20969.94
20969.31 20969.94
20968.41 20969.59
20968.41 20969.59
20968.63 20970.12
20968.63 20970.12
20969.43 20970.58
20969.43 20970.58
20969.42 20970.59
20969.42 20970.59
20969.56 20970.19
20969.56 20970.19
20969.91 20971.09
20969.91 20971.09
20970.31 20970.95
20970.31 20970.95
20969.17 20970.33
20969.43 20970.58
20969.43 20970.58
20969.43 20970.58
20969.63 20971.13
20969.89 20971.36
20969.89 20971.36
20969.89 20971.36
20969.89 20971.36
20969.66 20970.84
20968.41 20969.59
20968.41 20969.59
20967.91 20969.09
20967.91 20969.09
20967.62 20969.13
20967.67 20968.84
20967.67 20968.84
20967.67 20968.84
20967.67 20968.84
20967.17 20968.34
20967.91 20969.10
20967.91 20969.10
20967.67 20968.84
20967.66 20968.84
20967.66 20968.84
20967.62 20969.13
20967.62 20969.13
20968.41 20969.59
20968.41 20969.59
20968.41 20969.59
20969.17 20970.34
20969.17 20970.34
20970.13 20971.63
20970.13 20971.63
20971.64 20973.11
20972.16 20973.34
20972.16 20973.34
20973.43 20974.58
20973.43 20974.58
20973.43 20974.58
20973.43 20974.58
20975.31 20975.94
20976.37 20977.88
20976.37 20977.88
20976.39 20977.86
20976.39 20977.86
20975.88 20977.37
20975.88 20977.37
20975.66 20976.84
20976.16 20977.34
20976.16 20977.34
20976.16 20977.34
20976.16 20977.34
20976.39 20977.86
20975.41 20976.59
20975.41 20976.59
20975.81 20976.44
20975.81 20976.44
20975.65 20976.85
20975.65 20976.85
20976.38 20977.87
20976.12 20977.63
20976.12 20977.63
20975.66 20976.84
20975.38 20976.87
20975.38 20976.87
20975.42 20976.59
20974.38 20975.88
20974.38 20975.88
20974.38 20975.88
20974.56 20975.19
20975.63 20977.12
20975.63 20977.12
20975.62 20977.13
20976.06 20976.69
20976.06 20976.69
20975.67 20976.84
20975.67 20976.84
20974.67 20975.84
20974.67 20975.84
20974.31 20974.94
20974.31 20974.94
20974.68 20975.83
20974.68 20975.83
20974.63 20976.13
20974.63 20976.13
20974.64 20976.11
20974.64 20976.11
20975.68 20976.83
20975.66 20976.84
20975.66 20976.84
20975.62 20977.13
20975.62 20977.13
20975.62 20977.13
20975.17 20976.34
20974.63 20976.12
20974.63 20976.12
20975.16 20976.34
20975.16 20976.34
20975.67 20976.84
20975.67 20976.84
20975.62 20977.13
20975.64 20977.11
20975.64 20977.11
20975.64 20977.11
20976.16 20977.34
20976.66 20977.84
20976.66 20977.84
20976.55 20977.20
20976.55 20977.20
20976.39 20977.86
20976.39 20977.86
20976.91 20978.09
20976.38 20977.87
20976.38 20977.87
20976.38 20977.87
20976.42 20977.59
20975.64 20977.11
20975.64 20977.11
20975.81 20976.44
20975.81 20976.44
20974.37 20975.88
20974.37 20975.88
20975.17 20976.33
20975.06 20975.69
20975.06 20975.69
20975.17 20976.34
20975.17 20976.34
20975.89 20977.36
20975.89 20977.36
20971.92 20973.09
20971.92 20973.09
20972.42 20973.58
20972.42 20973.58
20972.67 20973.84
20974.16 20975.34
20974.16 20975.34
20974.88 20976.37
20975.87 20977.38
20975.87 20977.38
20974.66 20976.35
20975.13 20976.63
20975.13 20976.63
20975.42 20976.59
20975.42 20976.59
20974.14 20975.61
20974.14 20975.61
20974.16 20975.34
20974.16 20975.34
20974.16 20975.34
20974.41 20975.60
20974.39 20975.86
20974.39 20975.86
20974.88 20976.37
20974.88 20976.37
20974.88 20976.37
20973.66 20974.84
20973.87 20975.38
20973.87 20975.38
20973.64 20975.11
20973.64 20975.11
20973.64 20975.11
20973.67 20974.84
20973.43 20974.58
20973.43 20974.58
20973.41 20974.59
20973.41 20974.59
20973.55 20974.20
20973.17 20974.34
20973.17 20974.34
20973.17 20974.34
20971.63 20973.12
20971.63 20973.12
20972.18 20973.33
20972.18 20973.33
20972.14 20973.61
20972.14 20973.61
20973.63 20975.12
20973.63 20975.12
20974.17 20975.34
20974.17 20975.34
20974.17 20975.34
20973.63 20975.13
20973.63 20975.13
20973.64 20975.11
20973.91 20975.09
20973.91 20975.09
20973.39 20974.86
20973.39 20974.86
20973.42 20974.59
20973.42 20974.59
20973.13 20974.62
20973.16 20974.35
20973.16 20974.35
20972.63 20974.12
20972.63 20974.12
20971.63 20973.12
20971.63 20973.12
20971.63 20973.12
20971.63 20973.12
20971.41 20972.60
20971.66 20972.84
20971.66 20972.84
20972.15 20973.35
20972.15 20973.35
20971.17 20972.34
20971.16 20972.34
20971.16 20972.34
20969.14 20970.61
20969.13 20970.62
20969.13 20970.62
20969.39 20970.86
20968.68 20969.83
20968.68 20969.83
20968.88 20970.38
20969.64 20971.11
20969.64 20971.11
20969.12 20970.63
20968.92 20970.09
20968.92 20970.09
20968.92 20970.09
20968.92 20970.09
20968.93 20970.08
20968.93 20970.08
20969.38 20970.87
20969.38 20970.87
20969.41 20970.59
20969.41 20970.59
20969.81 20970.44
20969.81 20970.44
20969.66 20970.84
20970.41 20971.59
20970.41 20971.59
20969.67 20970.84
20969.67 20970.84
20969.63 20971.13
20969.63 20971.13
20969.63 20971.13
20969.91 20971.09
20969.91 20971.09
20969.66 20970.84
20969.66 20970.84
20969.64 20971.11
20969.64 20971.11
20969.16 20970.34
20968.39 20969.86
20968.39 20969.86
20968.38 20969.87
20968.38 20969.87
20968.88 20970.37
20970.17 20971.34
20970.17 20971.34
20971.66 20972.84
20971.66 20972.84
20971.63 20973.13
20972.66 20973.84
20972.66 20973.84
20972.92 20974.09
20972.92 20974.09
20973.14 20974.61
20973.14 20974.61
20973.13 20974.62
20973.16 20974.35
20973.16 20974.35
20973.14 20974.61
20973.14 20974.61
20972.93 20974.08
20972.64 20974.11
20972.64 20974.11
20972.89 20974.36
20972.89 20974.36
20972.89 20974.36
20971.88 20973.38
20973.18 20974.33
20973.18 20974.33
20973.17 20974.33
20973.39 20974.86
20973.39 20974.86
20973.37 20974.88
20973.37 20974.88
20973.63 20975.12
20973.63 20975.12
20973.63 20975.12
20973.63 20975.12
20973.56 20974.19
20972.87 20974.38
20972.87 20974.38
20972.16 20973.34
20972.16 20973.34
20971.64 20973.11
20971.64 20973.11
20972.16 20973.34
20972.16 20973.34
20972.14 20973.61
20972.14 20973.61
20972.17 20973.34
20971.43 20972.58
20971.43 20972.58
20971.13 20972.62
20971.13 20972.62
20971.13 20972.62
20971.13 20972.62
20971.66 20972.84
20971.65 20972.85
20971.65 20972.85
20970.64 20972.11
20970.64 20972.11
20970.89 20972.36
20970.89 20972.36
20970.89 20972.36
20970.91 20972.09
20971.16 20972.34
20971.16 20972.34
20971.16 20972.34
20970.39 20971.86
20970.39 20971.86
20970.66 20971.84
20970.66 20971.84
20970.13 20971.62
20970.88 20972.37
20970.88 20972.37
20970.88 20972.37
20970.89 20972.36
20970.89 20972.36
20970.66 20971.84
20970.66 20971.84
20970.66 20971.84
20970.66 20971.84
20970.66 20971.84
20970.66 20971.84
20970.66 20971.84
20970.67 20971.84
20970.67 20971.84
20970.80 20971.45
20970.31 20970.94
20970.31 20970.94
20970.66 20971.84
20970.66 20971.84
20970.66 20971.84
20971.17 20972.34
20971.42 20972.59
20971.42 20972.59
20971.43 20972.58
20971.43 20972.58
20970.63 20972.12
20970.63 20972.12
20970.63 20972.12
20970.89 20972.36
20970.89 20972.36
20970.89 20972.36
20970.89 20972.36
20971.05 20971.70
20971.05 20971.70
20969.64 20971.11
20969.64 20971.11
20969.66 20970.84
20969.66 20970.84
20970.14 20971.61
20970.88 20972.37
20970.88 20972.37
20970.88 20972.37
20970.91 20972.09
20970.91 20972.09
20971.64 20973.11
20971.63 20973.12
20971.63 20973.12
20973.89 20975.36
20973.89 20975.36
20973.63 20975.13
20974.39 20975.86
20974.39 20975.86
20974.39 20975.86
20974.39 20975.86
20974.39 20975.86
20974.39 20975.86
20974.39 20975.86
20974.38 20975.87
20974.38 20975.87
20974.43 20975.58
20974.43 20975.58
20974.89 20976.36
20974.87 20976.38
20974.87 20976.38
20974.89 20976.36
20974.89 20976.36
20974.91 20976.09
20974.40 20975.60
20974.40 20975.60
20974.41 20975.59
20974.41 20975.59
20974.41 20975.59
20975.16 20976.34
20975.16 20976.34
20974.91 20976.09
20974.66 20975.84
20974.66 20975.84
20974.14 20975.61
20974.12 20975.63
20974.12 20975.63
20972.89 20974.36
20972.89 20974.36
20972.89 20974.36
