21029.14 21030.61
21029.14 21030.61
21031.38 21032.87
21031.38 21032.87
21030.65 21031.85
21032.16 21033.35
21032.16 21033.35
21032.62 21034.13
21032.15 21033.35
21032.91 21034.10
21032.91 21034.10
21032.64 21034.11
21032.64 21034.11
21032.89 21034.36
21031.63 21033.12
21031.63 21033.12
21033.89 21035.36
21032.38 21033.87
21032.38 21033.87
21032.15 21033.35
21032.42 21033.58
21032.42 21033.58
21031.62 21033.13
21036.88 21038.37
21036.88 21038.37
21035.14 21036.61
21035.88 21037.37
21035.88 21037.37
21034.88 21036.37
21034.42 21035.58
21034.42 21035.58
21031.13 21032.62
21029.12 21030.63
21029.12 21030.63
21028.92 21030.08
21028.92 21030.08
21028.92 21030.08
21030.13 21031.62
21028.91 21030.09
21028.91 21030.09
21029.64 21031.11
21025.38 21026.87
21025.38 21026.87
21025.42 21026.58
21025.42 21026.58
21024.91 21026.10
21019.88 21021.38
21019.88 21021.38
21013.89 21015.36
21014.67 21015.83
21014.67 21015.83
21016.63 21018.12
21020.41 21021.60
21020.41 21021.60
21020.64 21022.11
21020.38 21021.87
21020.38 21021.87
21018.39 21019.86
21018.89 21020.36
21018.89 21020.36
21017.63 21019.12
21017.63 21019.13
21017.63 21019.13
21016.91 21018.60
21016.91 21018.60
21017.87 21019.38
21017.16 21018.34
21017.16 21018.34
21017.41 21018.60
21017.88 21019.37
21017.88 21019.37
21015.88 21017.38
21016.14 21017.61
21016.14 21017.61
21016.15 21017.35
21015.63 21017.13
21015.63 21017.13
21016.14 21017.61
21014.64 21016.11
21014.64 21016.11
21015.16 21016.34
21015.16 21016.34
21015.88 21017.37
21015.41 21016.60
21015.41 21016.60
21015.13 21016.62
21014.38 21015.87
21014.38 21015.87
21014.42 21015.58
21013.13 21014.62
21013.13 21014.62
21019.13 21020.62
21018.63 21020.12
21018.63 21020.12
21018.16 21019.35
21017.68 21018.83
21017.68 21018.83
21016.17 21017.33
21013.65 21015.36
21013.65 21015.36
21013.92 21015.08
21016.14 21017.61
21016.14 21017.61
21015.64 21017.11
21015.64 21017.11
21016.39 21017.86
21017.13 21018.62
21017.13 21018.62
21017.92 21019.08
21018.39 21019.86
21018.39 21019.86
21014.13 21015.62
21010.14 21011.61
21010.66 21011.84
21010.66 21011.84
21010.89 21012.36
21010.89 21012.36
21013.88 21015.38
21013.88 21015.38
21012.64 21014.11
21013.63 21015.12
21013.63 21015.12
21014.37 21015.88
21013.88 21015.38
21013.88 21015.38
21013.39 21014.86
21013.39 21014.86
21012.16 21013.35
21014.66 21015.84
21014.66 21015.84
21014.39 21015.86
21017.89 21019.36
21017.89 21019.36
21016.64 21018.11
21015.88 21017.37
21015.88 21017.37
21014.14 21015.61
21014.14 21015.61
21011.38 21012.87
21011.91 21013.09
21011.91 21013.09
21012.89 21014.36
21012.64 21014.11
21012.64 21014.11
21013.88 21015.37
21014.38 21015.87
21014.38 21015.87
21013.38 21014.87
21011.65 21012.85
21011.65 21012.85
21011.65 21012.85
21014.38 21015.87
21012.89 21014.36
21012.89 21014.36
21013.89 21015.36
21014.17 21015.33
21014.17 21015.33
21015.17 21016.33
21014.89 21016.36
21014.89 21016.36
21014.63 21016.12
21013.42 21014.58
21013.42 21014.58
21011.40 21012.60
21010.39 21011.86
21010.39 21011.86
21007.38 21008.87
21009.13 21010.62
21009.13 21010.62
21008.90 21010.10
21005.63 21007.12
21005.63 21007.12
21008.39 21009.86
21010.14 21011.61
21010.14 21011.61
21011.89 21013.36
21011.89 21013.36
21012.13 21013.63
21012.17 21013.33
21012.17 21013.33
21012.65 21013.85
21009.63 21011.12
21009.63 21011.12
21010.38 21011.87
21009.39 21010.86
21009.39 21010.86
21007.13 21008.62
21008.14 21009.61
21008.14 21009.61
21008.39 21009.86
21008.38 21009.87
21008.38 21009.87
21008.89 21010.36
21008.89 21010.36
21010.39 21011.86
21010.13 21011.62
21010.13 21011.62
21009.67 21010.83
21007.14 21008.61
21007.14 21008.61
21007.90 21009.10
21009.38 21010.87
21009.38 21010.87
21008.91 21010.09
21009.66 21010.84
21009.66 21010.84
21005.63 21007.12
21005.63 21007.12
21008.41 21009.59
21005.39 21006.86
21005.39 21006.86
21002.40 21003.60
20998.17 20999.33
20998.17 20999.33
20998.92 21000.08
20999.42 21000.58
20999.42 21000.58
21001.39 21002.86
20997.14 20998.61
20997.14 20998.61
20998.18 20999.33
20999.89 21001.36
20999.89 21001.36
21001.63 21003.12
21002.14 21003.61
21002.14 21003.61
21002.88 21004.37
21004.64 21006.11
21004.64 21006.11
21004.13 21005.63
21007.17 21008.33
21007.17 21008.33
21006.89 21008.36
21010.91 21012.09
21010.91 21012.09
21007.91 21009.10
21007.89 21009.36
21007.89 21009.36
21008.39 21009.86
21006.67 21007.83
21006.67 21007.83
21006.39 21007.86
21006.63 21008.12
21006.63 21008.12
21006.64 21008.11
21007.88 21009.37
21007.88 21009.37
21009.90 21011.10
21009.14 21010.61
21009.14 21010.61
21011.16 21012.34
21008.88 21010.37
21008.88 21010.37
21009.63 21011.12
21009.40 21010.60
21009.40 21010.60
21009.41 21010.60
21009.39 21010.86
21009.39 21010.86
21011.91 21013.10
21012.88 21014.37
21012.88 21014.37
21012.14 21013.61
21012.14 21013.61
21011.39 21012.86
21013.37 21014.88
21013.37 21014.88
21014.63 21016.13
21012.89 21014.36
21012.89 21014.36
21013.37 21014.88
21017.38 21018.88
21017.38 21018.88
21016.39 21017.86
21016.39 21017.86
21017.39 21018.86
21015.92 21017.08
21015.92 21017.08
21015.64 21017.11
21017.06 21017.70
21017.06 21017.70
21015.88 21017.37
21016.89 21018.36
21016.89 21018.36
21017.67 21018.83
21019.66 21020.85
21019.66 21020.85
21020.31 21020.94
21021.64 21023.11
21021.64 21023.11
21021.14 21022.61
21018.14 21019.61
21018.14 21019.61
21020.65 21021.85
21019.14 21020.61
21019.14 21020.61
21019.39 21020.86
21019.39 21020.86
21021.16 21022.35
21021.66 21022.85
21021.66 21022.85
21023.39 21024.86
21024.15 21025.35
21024.15 21025.35
