20753.88 20755.37
20753.88 20755.37
20753.88 20755.37
20755.16 20756.84
20755.16 20756.84
20754.66 20755.85
20754.66 20755.85
20754.40 20756.11
20752.71 20754.54
20752.71 20754.54
20752.66 20754.35
20752.66 20754.35
20752.73 20754.53
20752.73 20754.53
20752.66 20754.34
20752.72 20754.53
20752.72 20754.53
20753.15 20754.85
20753.48 20755.28
20753.48 20755.28
20753.48 20755.28
20753.66 20755.35
20755.21 20757.04
20755.21 20757.04
20756.88 20758.37
20756.91 20758.09
20756.91 20758.09
20758.38 20759.88
20758.38 20759.88
20760.14 20761.86
20760.64 20762.11
20760.64 20762.11
20761.14 20762.61
20761.14 20762.61
20760.41 20762.10
20760.41 20762.10
20760.39 20762.11
20760.39 20762.11
20759.96 20761.79
20759.72 20761.53
20759.72 20761.53
20758.64 20760.36
20757.71 20759.54
20757.71 20759.54
20758.14 20759.61
20758.14 20759.61
20758.38 20759.87
20758.38 20759.87
20757.97 20759.78
20757.97 20759.78
20758.14 20759.61
20757.62 20759.13
20757.39 20759.11
20757.39 20759.11
20759.14 20760.86
20759.14 20760.86
20758.39 20759.86
20757.38 20758.88
20757.38 20758.88
20757.47 20759.28
20757.62 20759.13
20757.62 20759.13
20758.14 20759.61
20758.14 20759.61
20757.63 20759.12
20757.63 20759.12
20757.63 20759.12
20758.16 20759.34
20758.16 20759.34
20758.16 20759.34
20758.15 20759.85
20758.13 20759.62
20758.13 20759.62
20758.14 20759.61
20758.14 20759.61
20758.91 20760.60
20758.91 20760.60
20758.64 20760.11
20758.91 20760.59
20758.91 20760.59
20758.63 20760.13
20759.15 20760.85
20759.15 20760.85
20759.15 20760.85
20759.15 20760.85
20758.48 20760.28
20756.66 20758.34
20756.66 20758.34
20758.66 20759.84
20758.66 20759.84
20758.89 20760.61
20760.92 20762.09
20760.92 20762.09
20760.88 20762.38
20760.88 20762.38
20761.88 20763.38
20762.66 20764.34
20762.66 20764.34
20762.89 20764.61
20762.89 20764.61
20762.62 20764.13
20762.38 20763.87
20762.38 20763.87
20762.64 20764.36
20762.66 20763.84
20762.66 20763.84
20762.39 20763.86
20762.39 20763.86
20762.16 20763.85
20761.41 20763.09
20761.41 20763.09
20761.39 20762.86
20761.16 20762.84
20761.16 20762.84
20762.89 20764.36
20762.89 20764.36
20762.15 20763.85
20761.39 20762.86
20761.39 20762.86
20761.39 20762.86
20761.39 20762.86
20761.15 20762.85
20761.15 20762.85
20761.13 20762.63
20761.13 20762.63
20760.89 20762.61
20760.89 20762.61
20761.62 20763.13
20761.62 20763.13
20761.38 20762.88
20761.38 20762.88
20761.96 20763.79
20761.91 20763.59
20761.91 20763.59
20761.90 20763.60
20761.90 20763.60
20761.14 20762.86
20761.14 20762.86
20760.38 20761.87
20760.39 20761.86
20760.39 20761.86
20760.66 20762.35
20760.66 20762.35
20760.37 20761.88
20759.41 20761.09
20759.41 20761.09
20759.91 20761.09
20759.91 20761.09
20759.65 20761.36
20759.65 20761.36
20759.89 20761.36
20759.89 20761.36
20759.89 20761.36
20759.66 20761.35
20760.15 20761.85
20760.15 20761.85
20760.64 20762.11
20761.89 20763.61
20761.89 20763.61
20761.89 20763.61
20761.89 20763.61
20762.13 20763.63
20762.63 20764.13
20762.63 20764.13
20763.14 20764.86
20763.38 20764.88
20763.38 20764.88
20765.16 20766.35
20765.91 20767.60
20765.91 20767.60
20766.14 20767.86
20766.15 20767.85
20766.15 20767.85
20766.67 20767.84
20766.67 20767.84
20765.13 20766.63
20765.14 20766.61
20765.14 20766.61
20765.62 20767.13
20767.14 20768.86
20767.14 20768.86
20767.88 20769.37
20766.41 20767.60
20766.41 20767.60
20766.12 20767.63
20766.12 20767.63
20766.41 20768.10
20767.41 20768.59
20767.41 20768.59
20767.91 20769.10
20767.89 20769.61
20767.89 20769.61
20768.17 20769.33
20768.39 20769.86
20768.39 20769.86
20768.39 20770.11
20768.39 20770.11
20768.39 20770.11
20768.40 20770.10
20767.89 20769.61
20767.89 20769.61
20772.38 20773.88
20772.38 20773.88
20772.88 20774.37
20772.73 20774.53
20772.73 20774.53
20772.64 20774.36
20771.65 20773.36
20771.65 20773.36
20772.14 20773.61
20771.41 20773.10
20771.41 20773.10
20771.91 20773.60
20770.87 20772.38
20770.87 20772.38
20770.64 20772.11
20769.38 20770.88
20769.38 20770.88
20768.64 20770.36
20768.64 20770.36
20768.89 20770.36
20768.88 20770.38
20768.88 20770.38
20767.89 20769.61
20767.89 20769.61
20768.41 20769.59
20768.41 20769.59
20767.89 20769.61
20767.89 20769.61
20769.39 20771.11
20770.06 20770.69
20770.06 20770.69
20769.14 20770.86
20769.14 20770.86
20768.89 20770.36
20768.89 20770.36
20768.91 20770.10
20768.91 20770.10
20771.21 20773.04
20771.12 20772.63
20771.12 20772.63
20769.65 20771.35
20769.98 20771.78
20769.98 20771.78
20770.66 20772.34
20770.16 20771.84
20770.16 20771.84
20769.72 20771.53
20770.90 20772.61
20770.90 20772.61
20769.90 20771.60
20769.89 20771.36
20769.89 20771.36
20770.88 20772.37
20770.16 20771.34
20770.16 20771.34
20770.63 20772.13
20770.63 20772.13
20770.66 20772.34
20770.66 20772.34
20770.89 20772.61
20770.89 20772.61
20770.87 20772.38
20770.87 20772.38
20771.14 20772.61
20773.16 20774.35
20772.14 20773.86
20772.14 20773.86
20772.41 20774.09
20772.41 20774.09
20772.47 20774.28
20772.47 20774.28
20773.15 20774.85
20772.21 20774.04
20772.21 20774.04
20773.64 20775.11
20773.64 20775.11
20773.15 20774.85
20773.12 20774.63
20773.12 20774.63
20773.14 20774.61
20773.14 20774.61
20773.14 20774.61
20773.14 20774.61
20772.65 20774.35
20772.65 20774.35
20772.87 20774.38
20772.39 20773.86
20772.39 20773.86
20769.66 20770.84
20769.66 20770.84
20769.64 20771.36
20769.64 20771.36
20769.39 20770.86
20769.39 20770.86
20769.39 20770.86
20769.39 20771.11
20769.88 20771.38
20769.88 20771.38
20769.16 20770.34
20767.39 20768.86
20767.39 20768.86
20766.64 20768.11
20766.64 20768.11
20767.66 20769.35
20767.16 20768.84
20767.16 20768.84
20766.90 20768.60
20766.87 20768.38
20766.87 20768.38
20766.87 20768.38
20767.13 20768.62
20767.13 20768.62
20767.13 20768.63
20766.41 20768.10
20766.41 20768.10
20766.37 20767.88
20766.37 20767.88
20767.41 20769.09
20767.41 20769.10
20767.41 20769.10
20767.41 20769.10
20767.15 20768.85
20767.15 20768.85
20767.91 20769.60
20767.91 20769.60
20767.98 20769.78
20768.38 20769.88
20768.38 20769.88
20767.97 20769.78
20767.97 20769.78
20767.97 20769.78
20768.92 20770.09
20768.39 20769.86
20768.39 20769.86
20767.64 20769.36
20768.14 20769.86
20768.14 20769.86
20770.14 20771.61
20770.14 20771.61
20769.38 20770.88
20769.38 20770.88
20769.46 20771.29
20769.46 20771.29
20769.46 20771.29
20769.39 20771.11
20769.66 20771.34
20769.66 20771.34
20769.64 20771.36
20768.97 20770.78
20768.97 20770.78
20769.14 20770.61
20768.66 20770.34
20768.66 20770.34
20768.66 20770.34
20768.39 20770.11
20768.40 20770.11
20768.40 20770.11
20768.89 20770.61
20768.89 20770.61
20768.41 20770.10
20768.41 20770.10
20767.64 20769.11
20767.66 20769.35
20767.66 20769.35
20767.65 20769.36
20767.65 20769.35
20767.65 20769.35
20767.65 20769.35
20768.14 20769.61
20768.13 20769.62
20768.13 20769.62
20766.41 20768.09
20765.64 20767.11
20765.64 20767.11
20765.64 20767.11
20765.48 20767.28
20762.88 20764.37
20762.88 20764.37
20762.91 20764.09
20762.91 20764.09
20763.63 20765.13
20764.17 20765.33
20764.17 20765.33
20763.63 20765.13
20763.63 20765.13
20764.14 20765.61
20763.91 20765.60
20763.91 20765.60
20763.91 20765.60
20765.14 20766.61
20765.39 20766.86
20765.39 20766.86
20765.13 20766.63
20765.13 20766.63
20766.37 20767.88
20766.37 20767.88
20766.88 20768.38
20766.88 20768.38
20767.13 20768.62
20767.13 20768.62
20767.16 20768.84
20767.16 20768.84
20767.91 20769.59
20767.66 20769.34
20767.66 20769.34
20767.66 20769.34
20767.14 20768.61
20767.14 20768.61
20770.40 20772.10
20769.89 20771.61
20769.89 20771.61
20770.88 20772.38
20770.41 20772.09
20770.41 20772.09
20770.21 20772.04
20769.91 20771.59
20769.91 20771.59
20769.91 20771.59
20769.91 20771.59
20769.92 20771.08
20769.64 20771.36
20769.64 20771.36
20769.63 20771.13
20769.65 20771.35
20769.65 20771.35
20769.39 20770.86
20769.39 20770.86
20768.89 20770.36
20768.89 20770.36
20768.22 20770.03
20768.16 20769.84
20768.16 20769.84
20767.64 20769.36
20767.64 20769.36
20768.38 20769.88
20768.16 20769.84
20768.16 20769.84
20768.16 20769.84
20767.47 20769.28
20767.17 20768.33
20767.17 20768.33
20766.64 20768.11
20766.64 20768.11
20767.22 20769.03
20767.14 20768.86
20767.14 20768.86
20767.14 20768.86
20766.22 20768.03
20768.39 20770.11
20768.39 20770.11
20768.64 20770.11
20768.64 20770.11
20768.21 20770.04
20768.39 20769.86
20768.39 20769.86
20766.89 20768.61
20765.62 20767.13
20765.62 20767.13
20765.89 20767.36
20765.89 20767.36
20766.64 20768.36
20767.39 20768.86
20767.39 20768.86
20767.14 20768.86
20767.14 20768.86
20766.40 20768.10
20766.38 20767.88
20766.38 20767.88
20765.12 20766.63
20762.14 20763.61
20762.14 20763.61
20762.14 20763.61
20761.73 20763.53
20761.73 20763.53
20761.91 20763.60
20761.91 20763.60
20762.40 20764.10
20762.14 20763.86
20762.14 20763.86
20762.88 20764.37
20762.88 20764.37
20764.15 20765.85
20763.12 20764.63
20763.12 20764.63
20763.17 20764.33
20763.66 20764.85
20763.66 20764.85
20763.63 20765.12
20763.63 20765.12
20763.89 20765.61
20763.89 20765.61
20763.46 20765.29
20765.64 20767.36
20765.64 20767.36
20765.91 20767.60
20765.91 20767.60
20766.16 20767.34
20766.16 20767.34
20766.15 20767.85
20766.15 20767.85
20765.96 20767.79
20766.13 20767.63
20766.13 20767.63
20766.13 20767.63
20765.63 20767.12
20765.63 20767.12
20765.66 20767.35
20765.39 20767.11
20765.39 20767.11
20765.88 20767.38
20765.88 20767.38
20767.89 20769.61
20767.89 20769.61
20767.91 20769.60
20766.39 20767.86
20766.39 20767.86
20766.39 20768.11
20766.39 20768.11
20766.15 20767.86
20766.15 20767.86
20767.48 20769.28
20767.15 20768.85
20767.15 20768.85
20767.15 20768.85
20767.42 20768.58
20767.42 20768.58
20767.72 20769.53
20768.16 20769.35
20768.16 20769.35
20767.63 20769.13
20767.62 20769.13
20767.62 20769.13
20767.40 20769.10
20767.40 20769.10
20767.39 20769.11
20767.39 20769.11
20767.65 20769.35
20767.64 20769.36
20767.64 20769.36
20768.16 20769.84
20768.13 20769.63
20768.13 20769.63
20767.14 20768.61
20767.14 20768.61
20766.90 20768.60
20766.90 20768.60
20764.88 20766.38
20764.88 20766.38
20764.97 20766.78
20764.97 20766.78
20764.97 20766.78
20764.64 20766.11
20764.64 20766.11
20764.71 20766.54
20764.71 20766.54
20764.71 20766.54
20764.71 20766.54
20764.66 20766.34
20764.81 20765.44
20764.81 20765.44
20765.64 20767.11
20765.64 20767.11
20767.42 20768.59
20767.42 20768.59
20767.37 20768.88
20768.38 20769.87
20768.38 20769.87
20768.62 20770.13
20768.62 20770.13
20767.64 20769.36
20766.91 20768.59
20766.91 20768.59
20765.39 20766.86
20765.41 20767.10
20765.41 20767.10
20765.21 20767.04
20765.21 20767.04
20764.97 20766.78
20764.14 20765.86
20764.14 20765.86
20763.64 20765.36
20763.66 20765.35
20763.66 20765.35
20763.63 20765.13
20763.63 20765.13
20763.39 20764.86
20763.39 20764.86
20763.38 20764.87
20763.38 20764.87
20763.66 20765.34
20763.66 20765.34
20763.64 20765.36
20763.15 20764.86
20762.87 20764.38
20762.87 20764.38
20763.64 20765.36
20763.64 20765.36
20763.63 20765.12
20763.17 20764.34
20763.17 20764.34
20762.22 20764.03
20762.22 20764.03
20762.14 20763.86
20762.14 20763.86
20762.22 20764.03
20762.40 20764.10
20762.40 20764.10
20760.64 20762.11
20760.88 20762.38
20760.88 20762.38
20760.90 20762.60
20760.91 20762.59
20760.91 20762.59
20760.39 20762.11
20760.39 20762.11
20761.16 20762.34
20760.39 20761.86
20760.39 20761.86
20760.13 20761.63
20760.13 20761.63
20760.16 20761.34
20759.66 20761.34
20759.66 20761.34
