21012.64 21014.11
21012.64 21014.11
21012.14 21013.61
21012.14 21013.61
21012.39 21013.86
21013.12 21014.63
21013.12 21014.63
21006.91 21008.09
21009.14 21010.61
21009.14 21010.61
21006.90 21008.10
21008.41 21009.60
21008.41 21009.60
21009.39 21010.86
21009.14 21010.61
21009.14 21010.61
21009.43 21010.58
21009.43 21010.58
21008.40 21009.60
21007.39 21008.86
21007.39 21008.86
21007.13 21008.62
21007.63 21009.12
21007.63 21009.12
21007.14 21008.61
21007.66 21008.84
21007.66 21008.84
21008.40 21009.60
21008.40 21010.10
21008.40 21010.10
21009.66 21010.85
21009.88 21011.37
21009.88 21011.37
21011.13 21012.62
21008.15 21009.35
21008.15 21009.35
21009.42 21010.58
21007.38 21008.87
21007.38 21008.87
21008.64 21010.11
21007.88 21009.37
21007.88 21009.37
21009.63 21011.12
21009.63 21011.12
21008.89 21010.36
21009.13 21010.62
21009.13 21010.62
21009.41 21010.60
21011.16 21012.34
21011.16 21012.34
21012.64 21014.11
21011.63 21013.12
21011.63 21013.12
21011.63 21013.12
21009.91 21011.60
21009.91 21011.60
21005.88 21007.37
21005.88 21007.37
21005.16 21006.35
21005.91 21007.10
21005.91 21007.10
21004.39 21005.86
21002.88 21004.37
21002.88 21004.37
21002.38 21003.88
21004.13 21005.62
21004.13 21005.62
21006.43 21007.58
21006.14 21007.61
21006.14 21007.61
21011.31 21011.95
21011.31 21011.95
21007.66 21008.84
21008.38 21009.87
21008.38 21009.87
21008.64 21010.11
21009.64 21011.11
21009.64 21011.11
21010.39 21011.86
21007.13 21008.62
21007.13 21008.62
21007.13 21008.62
21010.63 21012.12
21010.63 21012.12
21008.88 21010.37
21008.88 21010.37
21008.66 21009.85
21008.66 21009.85
21007.67 21008.83
21007.67 21008.83
21007.88 21009.37
21007.92 21009.08
21007.92 21009.08
21008.62 21010.13
21011.63 21013.12
21011.63 21013.12
21011.39 21012.86
21010.17 21011.33
21010.17 21011.33
21012.92 21014.08
21011.64 21013.11
21011.64 21013.11
21010.91 21012.09
21011.38 21012.87
21011.38 21012.87
21012.89 21014.36
21011.42 21012.58
21011.42 21012.58
21011.12 21012.63
21004.88 21006.37
21004.88 21006.37
21006.15 21007.35
21006.67 21007.83
21006.67 21007.83
21007.41 21008.60
21007.66 21008.84
21007.66 21008.84
21007.91 21009.09
21005.14 21006.61
21005.14 21006.61
21005.12 21006.63
21010.41 21011.60
21010.41 21011.60
21012.39 21013.86
21011.41 21012.59
21011.41 21012.59
21011.88 21013.37
21012.13 21013.62
21012.13 21013.62
21013.63 21015.12
21015.17 21016.33
21015.17 21016.33
21012.64 21014.11
21012.92 21014.08
21012.92 21014.08
21015.42 21016.58
21015.13 21016.62
21015.13 21016.62
21014.89 21016.36
21014.64 21016.11
21014.64 21016.11
21015.89 21017.36
21017.41 21018.59
21017.41 21018.59
21014.68 21015.83
21014.68 21015.83
21014.39 21015.86
21014.38 21015.87
21014.38 21015.87
21013.92 21015.08
21014.18 21015.33
21014.18 21015.33
21014.13 21015.62
21013.41 21014.60
21013.41 21014.60
21014.89 21016.36
21013.38 21014.87
21013.38 21014.87
21013.89 21015.36
21014.64 21016.11
21014.64 21016.11
21015.92 21017.08
21015.92 21017.08
21016.63 21018.12
21016.64 21018.11
21016.64 21018.11
21016.39 21017.86
21018.16 21019.34
21018.16 21019.34
21019.41 21020.60
21017.39 21018.86
21017.39 21018.86
21012.13 21013.62
21012.13 21013.62
21012.13 21013.62
21013.68 21014.83
21013.68 21014.83
21013.16 21014.34
21010.15 21011.35
21010.15 21011.35
21009.16 21010.34
21008.14 21009.61
21008.14 21009.61
21007.63 21009.12
21006.38 21007.87
21006.38 21007.87
21006.16 21007.34
21009.14 21010.61
21009.14 21010.61
21008.66 21009.85
21004.66 21005.84
21004.66 21005.84
21005.38 21006.87
21005.38 21006.87
21007.13 21008.62
21007.41 21009.10
21007.41 21009.10
21011.14 21012.61
21010.63 21012.12
21010.63 21012.12
21011.66 21012.84
21009.88 21011.37
21009.88 21011.37
21009.40 21010.60
21009.38 21010.87
21009.38 21010.87
21007.16 21008.34
21004.67 21005.83
21004.67 21005.83
21001.90 21003.10
21000.66 21001.84
21000.66 21001.84
21001.14 21002.61
20999.16 21000.35
20999.16 21000.35
21000.66 21001.84
20998.14 20999.61
20998.14 20999.61
20998.39 20999.86
20998.63 21000.12
20998.63 21000.12
20997.63 20999.12
20997.63 20999.12
20997.14 20998.61
20997.18 20998.33
20997.18 20998.33
20997.66 20998.84
20998.38 20999.87
20998.38 20999.87
21001.87 21003.38
20999.42 21000.58
20999.42 21000.58
20997.64 20999.11
20997.64 20999.11
20997.64 20999.11
20997.38 20998.87
20997.38 20998.87
20997.40 20998.60
20995.66 20996.85
20995.66 20996.85
20996.37 20997.88
20997.16 20998.35
20997.16 20998.35
20997.41 20998.60
20998.67 20999.83
20998.67 20999.83
20993.90 20995.10
20990.63 20992.12
20990.63 20992.12
20990.38 20991.88
20989.63 20991.12
20989.63 20991.12
20988.88 20990.37
20986.64 20988.11
20986.64 20988.11
20986.89 20988.36
20987.91 20989.10
20987.91 20989.10
20984.88 20986.38
20985.15 20986.35
20985.15 20986.35
20985.64 20987.11
20985.64 20987.11
20985.16 20986.35
20984.88 20986.37
20984.88 20986.37
20984.88 20986.37
20983.87 20985.38
20985.66 20986.85
20985.66 20986.85
20985.89 20987.36
20985.89 20987.36
20985.88 20987.37
20984.88 20986.37
20984.14 20985.61
20984.14 20985.61
20983.81 20984.44
20983.81 20984.44
20983.15 20984.35
20983.15 20984.35
20983.15 20984.35
20982.38 20983.87
20982.91 20984.09
20982.91 20984.09
20983.66 20984.84
20984.63 20986.12
20984.63 20986.12
20985.13 20986.63
20988.68 20989.83
20988.68 20989.83
20986.38 20987.87
20986.38 20987.87
20989.38 20990.88
20990.16 20991.34
20990.16 20991.34
20992.12 20993.63
20995.38 20996.87
20995.38 20996.87
20995.88 20997.37
20996.38 20997.87
20996.38 20997.87
20995.41 20996.59
20991.18 20992.33
20991.18 20992.33
