21038.90 21040.61
21038.90 21040.61
21038.90 21040.61
21038.65 21040.36
21038.65 21040.36
21038.91 21040.59
21038.91 21040.59
21039.14 21040.61
21039.14 21040.61
21039.64 21041.11
21039.64 21041.11
21039.64 21041.11
21039.64 21041.11
21039.88 21041.37
21039.88 21041.37
21040.15 21041.35
21040.15 21041.35
21042.91 21044.10
21042.91 21044.10
21042.14 21043.86
21042.14 21043.86
21040.78 21042.72
21041.40 21043.11
21041.40 21043.11
21041.40 21043.11
21041.15 21042.86
21041.15 21042.86
21041.39 21042.86
21041.39 21042.86
21041.39 21042.86
21041.39 21042.86
21041.39 21042.86
21041.39 21042.86
21041.16 21042.84
21041.89 21043.36
21041.89 21043.36
21042.15 21043.85
21042.15 21043.85
21042.64 21044.11
21042.64 21044.11
21042.62 21044.13
21042.62 21044.13
21042.62 21044.13
21042.62 21044.13
21042.89 21044.36
21042.89 21044.36
21043.18 21044.33
21043.18 21044.33
21043.43 21044.58
21043.43 21044.58
21044.39 21046.11
21044.39 21046.11
21044.67 21045.83
21045.14 21046.61
21045.14 21046.61
21045.41 21046.59
21045.41 21046.59
21045.81 21046.44
21044.16 21045.84
21044.16 21045.84
21043.91 21045.60
21043.91 21045.60
21044.64 21046.11
21044.64 21046.11
21043.65 21045.35
21042.64 21044.36
21042.64 21044.36
21040.89 21042.36
21040.89 21042.36
21039.67 21040.84
21039.67 21040.84
21039.64 21041.11
21039.64 21041.11
21039.67 21040.83
21039.67 21040.83
21039.67 21040.83
21039.67 21040.83
21040.21 21042.04
21040.21 21042.04
21039.93 21041.08
21039.93 21041.08
21039.93 21041.08
21039.93 21041.08
21039.90 21041.10
21039.90 21041.10
21039.90 21041.10
21039.90 21041.10
21039.90 21041.10
21039.90 21041.10
21039.90 21041.10
21039.90 21041.10
21039.90 21041.10
21039.90 21041.10
21039.93 21041.08
21039.93 21041.08
21040.66 21042.35
21040.66 21042.35
21040.39 21042.11
21040.40 21041.60
21040.40 21041.60
21040.40 21041.60
21040.39 21041.86
21040.17 21041.34
21040.17 21041.34
21040.39 21041.86
21040.39 21041.86
21040.38 21041.88
21040.38 21041.88
21040.43 21041.58
21040.43 21041.58
21040.43 21041.58
21040.43 21041.58
21040.38 21041.87
21040.38 21041.87
21040.38 21041.87
21040.38 21041.88
21040.38 21041.88
21040.17 21041.33
21040.17 21041.33
21039.64 21041.11
21039.64 21041.11
21039.64 21041.11
21038.28 21040.22
21038.28 21040.22
21038.89 21040.36
21038.89 21040.36
21039.40 21041.10
21039.40 21041.10
21039.40 21041.10
21038.87 21040.38
21038.87 21040.38
21038.87 21040.38
21039.41 21040.59
21039.41 21040.59
21040.15 21041.35
21040.15 21041.35
21039.12 21040.63
21039.12 21040.63
21039.12 21040.63
21039.12 21040.63
21039.12 21040.63
21039.42 21040.59
21039.42 21040.59
21039.42 21040.59
21039.39 21040.86
21039.39 21040.86
21039.64 21041.11
21039.64 21041.11
21039.64 21041.11
21039.64 21041.11
21039.64 21041.11
21039.64 21041.11
21039.64 21041.11
21039.41 21040.60
21039.41 21040.60
21039.41 21040.60
21039.41 21040.60
21039.41 21040.60
21039.42 21040.58
21039.42 21040.58
21039.66 21041.34
21039.88 21041.38
21039.88 21041.38
21039.43 21040.58
21039.43 21040.58
21039.43 21040.58
21038.90 21040.61
21038.90 21040.61
21038.88 21040.38
21038.88 21040.38
21038.90 21040.10
21038.90 21040.10
21038.90 21040.10
21038.89 21040.36
21039.41 21041.09
21039.41 21041.09
21039.41 21041.09
21039.41 21041.09
21039.92 21041.09
21040.39 21041.86
21040.39 21041.86
21040.39 21041.86
21040.37 21041.88
21040.39 21041.86
21040.39 21041.86
21041.14 21042.86
21041.14 21042.86
21040.89 21042.36
21041.40 21043.10
21041.40 21043.10
21041.40 21043.10
21041.64 21043.11
21041.64 21043.11
21041.64 21043.11
21041.64 21043.11
21042.18 21043.33
21042.18 21043.33
21041.89 21043.36
21042.63 21044.13
21042.63 21044.13
21043.39 21044.86
21044.39 21045.86
21044.39 21045.86
21043.39 21044.86
21043.88 21045.38
21043.88 21045.38
21044.39 21045.86
21044.39 21045.86
21044.66 21046.34
21044.64 21046.11
21044.64 21046.11
21044.63 21046.12
21043.89 21045.61
21043.89 21045.61
21044.65 21046.35
21044.65 21046.35
21044.89 21046.36
21043.90 21045.61
21043.90 21045.61
21043.90 21045.61
21044.39 21045.86
21044.39 21045.86
21044.41 21046.09
21044.41 21046.09
21044.64 21046.11
21044.64 21046.11
21044.64 21046.11
21044.64 21046.11
21044.64 21046.11
21044.64 21046.11
21044.65 21046.36
21044.65 21046.36
21045.05 21045.70
21045.39 21046.86
21045.39 21046.86
21045.64 21047.11
21045.64 21047.11
21045.64 21047.11
21045.64 21047.11
21043.89 21045.36
21043.89 21045.36
21043.38 21044.88
21043.66 21045.35
21043.66 21045.35
21043.89 21045.36
21043.89 21045.36
21043.89 21045.36
21043.89 21045.36
21043.88 21045.38
21043.89 21045.36
21043.89 21045.36
21046.16 21047.35
21046.16 21047.35
21045.91 21047.10
21045.91 21047.10
21045.91 21047.10
21045.89 21047.36
21045.87 21047.38
21045.87 21047.38
21046.16 21047.34
21046.16 21047.34
21045.88 21047.38
21045.88 21047.38
21045.88 21047.38
21045.88 21047.38
21045.88 21047.38
21045.39 21047.11
21045.39 21047.11
21045.64 21047.36
21045.64 21047.36
21045.14 21046.61
21045.14 21046.61
21045.41 21046.59
21045.38 21046.87
21045.38 21046.87
21045.65 21046.85
21045.65 21046.85
21045.65 21046.85
21045.65 21046.85
21047.37 21048.88
21047.37 21048.88
21046.64 21048.11
21046.64 21048.11
21053.13 21054.63
21050.67 21051.84
21050.67 21051.84
21048.90 21050.10
21048.90 21050.10
21050.14 21051.86
21049.15 21050.85
21049.15 21050.85
21048.89 21050.36
21048.89 21050.36
21048.39 21049.86
21048.39 21049.86
21048.39 21049.86
21048.66 21049.84
21048.87 21050.38
21048.87 21050.38
21048.87 21050.38
21048.87 21050.38
21048.87 21050.38
21048.89 21050.36
21048.89 21050.36
21050.66 21052.34
21050.66 21052.34
21051.64 21053.11
21051.38 21052.87
21051.38 21052.87
21051.38 21052.87
21051.47 21053.28
21051.93 21053.08
21051.93 21053.08
21051.91 21053.10
21051.91 21053.10
21051.91 21053.10
21051.91 21053.10
21051.88 21053.38
21051.88 21053.38
21052.89 21054.36
21056.63 21058.13
21056.63 21058.13
21053.90 21055.60
21053.90 21055.60
21054.40 21056.11
21054.89 21056.36
21054.89 21056.36
21054.40 21055.60
21054.40 21055.60
21055.89 21057.36
21061.13 21062.63
21061.13 21062.63
21057.97 21059.78
21057.97 21059.78
21057.89 21059.36
21058.89 21060.36
21058.89 21060.36
21057.65 21059.36
21057.65 21059.36
21057.65 21059.36
21056.71 21058.54
21056.15 21057.86
21056.15 21057.86
21056.47 21058.28
21056.47 21058.28
21056.39 21058.11
21056.23 21058.03
21056.23 21058.03
21055.63 21057.13
21057.64 21059.11
21057.64 21059.11
21057.39 21058.86
21057.16 21058.84
21057.16 21058.84
21057.15 21058.86
21057.15 21058.86
21057.39 21058.86
21057.39 21058.86
21058.16 21059.35
21058.16 21059.35
21058.12 21059.63
21057.40 21059.11
21057.40 21059.11
21057.14 21058.61
21057.14 21058.61
21057.14 21058.61
21057.15 21058.86
21057.14 21058.61
21058.15 21059.35
21058.15 21059.35
21057.88 21059.37
21057.88 21059.37
21058.39 21059.86
21058.39 21059.86
21058.64 21060.11
21059.17 21060.33
21059.17 21060.33
21058.88 21060.37
21059.14 21060.86
21059.14 21060.86
21058.89 21060.61
21058.89 21060.61
21058.89 21060.61
21059.14 21060.61
21059.14 21060.61
21059.63 21061.13
21059.63 21061.13
21059.63 21061.12
21059.63 21061.12
21061.66 21063.34
21061.88 21063.38
21062.22 21064.03
21062.22 21064.03
21064.47 21066.28
21064.47 21066.28
21065.14 21066.61
21064.90 21066.61
21064.90 21066.61
21064.66 21066.35
21064.88 21066.38
21064.88 21066.38
21063.39 21064.86
21063.39 21064.86
21063.64 21065.11
21063.64 21065.11
21063.92 21065.08
21065.87 21067.38
21065.87 21067.38
21065.64 21067.11
21065.64 21067.11
21064.89 21066.36
21064.68 21065.83
21064.68 21065.83
21065.14 21066.86
21065.14 21066.86
21065.14 21066.86
21065.22 21067.03
21065.64 21067.11
21065.64 21067.11
21066.90 21068.61
21066.90 21068.61
21065.66 21067.35
21065.90 21067.60
21065.90 21067.60
21065.41 21067.09
21065.41 21067.09
21065.88 21067.38
21065.88 21067.38
21065.65 21067.36
21065.16 21066.85
21065.16 21066.85
21065.39 21066.86
21065.39 21066.86
21065.39 21066.86
21064.98 21066.78
21067.39 21068.86
21067.40 21069.11
21067.40 21069.11
21066.16 21067.84
21065.89 21067.36
21065.89 21067.36
21066.21 21068.04
21066.21 21068.04
21065.90 21067.61
21065.90 21067.61
21066.17 21067.33
21065.39 21066.86
21065.39 21066.86
21065.40 21067.11
21065.91 21067.09
21065.91 21067.09
21065.91 21067.59
21065.91 21067.59
21065.91 21067.59
21066.91 21068.10
21067.39 21069.11
21067.39 21069.11
21067.39 21069.11
21066.38 21067.88
21066.38 21067.88
21066.16 21067.84
21067.14 21068.61
21067.14 21068.61
21066.90 21068.61
21066.90 21068.61
21064.43 21065.58
21064.43 21065.58
21063.90 21065.61
21065.14 21066.61
21065.14 21066.61
21064.88 21066.38
21064.88 21066.38
21064.88 21066.37
21064.87 21066.38
21064.87 21066.38
21066.12 21067.63
21066.14 21067.61
21066.14 21067.61
21067.15 21068.86
21066.88 21068.38
21066.88 21068.38
21066.88 21068.38
21067.17 21068.33
21068.14 21069.61
21068.14 21069.61
21068.14 21069.61
21068.14 21069.61
21068.14 21069.61
21068.12 21069.63
21068.12 21069.63
21068.62 21070.13
21070.31 21070.94
21070.31 21070.94
21069.90 21071.60
21070.14 21071.86
21070.14 21071.86
21069.97 21071.78
21069.97 21071.78
21069.89 21071.61
21069.89 21071.61
21069.63 21071.13
21070.90 21072.61
21070.90 21072.61
21070.47 21072.28
21070.47 21072.28
21071.31 21071.94
21071.31 21071.94
21071.89 21073.36
21071.89 21073.61
21071.89 21073.61
21071.89 21073.61
21071.64 21073.36
21071.64 21073.36
21071.89 21073.61
21071.89 21073.61
21071.89 21073.36
21071.89 21073.36
21071.89 21073.36
21071.89 21073.36
21071.88 21073.38
21071.88 21073.38
21071.88 21073.38
21071.65 21073.35
21071.68 21072.83
21071.68 21072.83
21071.64 21073.11
21071.65 21073.35
21071.65 21073.35
21071.89 21073.36
21071.89 21073.36
21071.90 21073.10
21071.90 21073.10
21071.90 21073.10
21071.91 21073.10
21071.91 21073.10
21070.63 21072.13
21069.73 21071.53
21069.73 21071.53
21069.72 21071.53
21069.72 21071.53
21069.73 21071.53
21069.73 21071.53
21069.71 21071.54
21069.71 21071.54
21069.72 21071.53
21069.72 21071.53
21069.73 21071.53
21069.73 21071.53
21069.73 21071.53
21069.65 21071.36
21069.65 21071.36
21068.22 21070.03
21068.22 21070.03
21067.97 21069.78
21067.97 21069.78
21067.03 21068.98
21066.89 21068.61
21066.39 21068.11
21066.39 21068.11
21066.39 21068.11
21065.89 21067.61
21065.89 21067.61
21065.72 21067.53
21066.66 21068.34
21066.66 21068.34
21066.66 21068.34
21066.71 21068.54
21066.73 21068.53
21066.73 21068.53
21066.66 21068.34
21066.66 21068.34
21066.66 21068.34
21066.66 21068.34
21068.65 21070.36
21069.22 21071.03
21069.22 21071.03
21069.22 21071.03
21069.22 21071.03
21069.22 21071.03
21069.22 21071.03
21069.15 21070.85
21069.15 21070.85
21069.22 21071.03
21068.78 21070.73
21068.78 21070.73
21068.63 21070.13
21068.63 21070.13
21067.21 21069.04
21067.21 21069.04
21066.98 21068.78
21066.98 21068.78
21066.91 21068.59
21066.91 21068.59
21066.98 21068.78
21066.98 21068.78
21067.22 21069.03
21067.22 21069.03
21068.87 21070.38
21068.65 21070.35
21068.65 21070.35
21068.65 21070.35
21068.78 21070.72
21068.78 21070.72
21069.16 21070.84
21069.16 21070.84
21070.21 21072.04
21070.21 21072.04
21070.03 21071.98
21070.15 21071.86
21070.15 21071.86
21069.97 21071.78
21069.97 21071.78
21071.67 21072.84
21071.67 21072.84
21071.67 21072.84
21071.80 21072.45
21071.80 21072.45
21069.16 21070.84
21069.16 21070.84
21069.41 21071.10
21069.41 21071.10
21069.41 21071.10
21069.42 21070.58
21069.42 21070.58
