20765.13 20766.63
20765.13 20766.63
20765.16 20766.85
20765.16 20766.85
20765.13 20766.63
20765.62 20767.13
20765.62 20767.13
20765.92 20767.09
20765.40 20767.11
20765.40 20767.11
20765.39 20766.86
20765.40 20767.10
20765.40 20767.10
20765.39 20766.86
20765.12 20766.63
20765.12 20766.63
20765.64 20767.11
20765.64 20767.11
20765.64 20767.36
20765.88 20767.37
20765.88 20767.37
20765.88 20767.37
20764.98 20766.78
20765.15 20766.85
20765.15 20766.85
20765.41 20766.59
20765.63 20767.13
20765.63 20767.13
20765.62 20767.13
20765.62 20767.13
20765.88 20767.38
20765.88 20767.38
20765.91 20767.10
20766.41 20768.09
20766.41 20768.09
20766.15 20767.86
20766.15 20767.86
20766.16 20767.84
20766.16 20767.84
20767.13 20768.63
20767.13 20768.63
20767.41 20768.59
20767.41 20768.59
20765.97 20767.78
20765.88 20767.38
20765.88 20767.38
20765.66 20766.85
20764.64 20766.11
20764.64 20766.11
20762.41 20764.09
20762.89 20764.36
20762.89 20764.36
20762.13 20763.63
20762.03 20763.98
20762.03 20763.98
20761.89 20763.36
20761.89 20763.36
20761.65 20763.35
20760.89 20762.61
20760.89 20762.61
20760.65 20762.36
20760.65 20762.36
20761.89 20763.36
20761.89 20763.36
20760.65 20762.36
20760.65 20762.36
20760.63 20762.13
20760.63 20762.12
20760.63 20762.12
20760.67 20761.83
20758.39 20759.86
20758.39 20759.86
20758.13 20759.63
20757.13 20758.62
20757.13 20758.62
20756.13 20757.63
20756.13 20757.63
20757.14 20758.86
20756.89 20758.61
20756.89 20758.61
20756.13 20757.62
20755.15 20756.86
20755.15 20756.86
20755.40 20757.11
20755.40 20757.11
20755.62 20757.13
20755.88 20757.38
20755.88 20757.38
20755.91 20757.10
20755.91 20757.10
20755.91 20757.60
20755.91 20757.60
20754.91 20756.10
20753.90 20755.61
20753.90 20755.61
20754.39 20756.11
20754.15 20755.86
20754.15 20755.86
20755.14 20756.61
20755.64 20757.11
20755.64 20757.11
20755.13 20756.63
20755.14 20756.86
20755.14 20756.86
20754.89 20756.61
20754.40 20756.10
20754.40 20756.10
20755.89 20757.36
20755.89 20757.36
20759.66 20760.84
20759.89 20761.36
20759.89 20761.36
20758.66 20760.34
20758.38 20759.88
20758.38 20759.88
20757.22 20759.03
20757.22 20759.03
20756.87 20758.38
20756.91 20758.60
20756.91 20758.60
20757.12 20758.63
20755.89 20757.36
20755.89 20757.36
20756.39 20757.86
20756.39 20757.86
20755.63 20757.13
20755.63 20757.12
20755.63 20757.12
20755.63 20757.12
20755.89 20757.36
20754.64 20756.11
20754.64 20756.11
20754.96 20756.79
20754.38 20755.88
20754.38 20755.88
20756.13 20757.62
20758.12 20759.63
20758.12 20759.63
20755.64 20757.36
20755.41 20757.09
20755.41 20757.09
20754.89 20756.36
20754.89 20756.36
20754.16 20755.84
20754.15 20755.85
20754.15 20755.85
20754.15 20755.85
20754.40 20756.10
20754.37 20755.88
20754.37 20755.88
20754.37 20755.88
20756.13 20757.63
20756.13 20757.63
20756.13 20757.63
20755.91 20757.59
20755.91 20757.59
20755.89 20757.36
20756.64 20758.36
20756.64 20758.36
20757.42 20758.58
20757.42 20758.58
20757.15 20758.86
20757.15 20758.86
20757.15 20758.86
20756.71 20758.54
20756.38 20757.88
20761.13 20762.63
20761.13 20762.63
20760.89 20762.36
20760.89 20762.36
20760.89 20762.36
20761.40 20763.11
20761.65 20763.35
20761.65 20763.35
20761.63 20763.13
20761.64 20763.36
20761.64 20763.36
20761.41 20762.60
20760.15 20761.86
20760.15 20761.86
20761.62 20763.13
20761.62 20763.13
20761.41 20763.09
20761.89 20763.36
20761.89 20763.36
20761.89 20763.36
20761.65 20763.35
20762.14 20763.61
20762.14 20763.61
20761.65 20763.36
20761.65 20763.36
20761.64 20763.36
20761.64 20763.36
20761.64 20763.36
20761.64 20763.36
20761.65 20763.36
20761.88 20763.37
20761.88 20763.37
20761.66 20763.34
20761.66 20763.34
20763.14 20764.61
20762.88 20764.38
20762.88 20764.38
20762.88 20764.38
20762.64 20764.11
20762.64 20764.11
20762.64 20764.11
20762.64 20764.11
20762.67 20763.83
20762.67 20763.83
20762.38 20763.88
20762.38 20763.88
20762.39 20763.86
20762.39 20763.86
20761.66 20763.34
20761.66 20763.34
20761.66 20763.34
20760.67 20761.83
20760.67 20761.83
20761.63 20763.12
20761.63 20763.12
20761.15 20762.86
20761.15 20762.86
20759.16 20760.35
20757.90 20759.61
20757.90 20759.61
20757.64 20759.11
20757.47 20759.28
20757.47 20759.28
20757.16 20758.34
20757.16 20758.34
20757.14 20758.61
20757.14 20758.61
20757.14 20758.61
20757.14 20758.61
20757.39 20759.11
20757.88 20759.37
20757.88 20759.37
20757.89 20759.36
20757.89 20759.36
20757.89 20759.36
20759.15 20760.86
20759.15 20760.86
20759.88 20761.38
20760.12 20761.63
20759.39 20760.86
20759.39 20760.86
20760.88 20762.37
20760.88 20762.37
20760.14 20761.61
20760.14 20761.61
20760.14 20761.61
20760.15 20761.86
20760.13 20761.63
20760.13 20761.63
20760.14 20761.61
20760.14 20761.61
20760.63 20762.13
20760.15 20761.86
20760.15 20761.86
20760.39 20761.86
20760.39 20761.86
20760.13 20761.63
20759.91 20761.60
20759.91 20761.60
20759.88 20761.37
20759.88 20761.37
20759.88 20761.37
20760.39 20761.86
20760.16 20761.84
20760.16 20761.84
20760.37 20761.88
20760.37 20761.88
20760.39 20761.86
20760.40 20762.11
20760.40 20762.11
20760.65 20762.35
20760.65 20762.35
20760.39 20762.11
20760.41 20762.09
20760.41 20762.09
20760.63 20762.12
20759.17 20760.33
20759.17 20760.33
20757.64 20759.11
20758.37 20759.88
20758.37 20759.88
20758.14 20759.61
20758.88 20760.38
20758.88 20760.38
20758.91 20760.59
20758.91 20760.59
20759.64 20761.11
20759.64 20761.11
20760.39 20761.86
20760.39 20761.86
20760.16 20761.84
20760.41 20762.10
20760.41 20762.10
20760.41 20762.10
20760.41 20762.10
20760.39 20761.86
20759.39 20761.11
20759.39 20761.11
20760.14 20761.86
20760.14 20761.86
20760.13 20761.62
20761.63 20763.13
20761.63 20763.13
20761.13 20762.62
20761.13 20762.62
20761.15 20762.85
20761.15 20762.85
20763.64 20765.36
20764.15 20765.86
20764.15 20765.86
20763.90 20765.61
20764.14 20765.86
20764.14 20765.86
20764.63 20766.13
20764.63 20766.13
20763.65 20765.36
20763.65 20765.36
20764.40 20766.10
20764.41 20766.10
20764.41 20766.10
20764.62 20766.13
20764.62 20766.13
20764.87 20766.38
20766.90 20768.61
20766.90 20768.61
20766.64 20768.36
20766.64 20768.36
20768.13 20769.62
20768.13 20769.62
20767.90 20769.60
20769.37 20770.88
20769.37 20770.88
20768.89 20770.36
20768.89 20770.36
20768.38 20769.88
20768.41 20769.59
20768.41 20769.59
20768.91 20770.59
20768.91 20770.59
20770.13 20771.63
20771.16 20772.34
20771.16 20772.34
20770.64 20772.11
20770.89 20772.36
20770.89 20772.36
20771.88 20773.38
20771.64 20773.11
20771.64 20773.11
20772.14 20773.86
20772.13 20773.62
20772.13 20773.62
20772.13 20773.62
20772.14 20773.86
20772.13 20773.62
20772.13 20773.62
20771.87 20773.38
20771.15 20772.86
20771.15 20772.86
20771.64 20773.36
20771.14 20772.86
20771.14 20772.86
20771.89 20773.36
20771.89 20773.36
20771.62 20773.13
20771.62 20773.13
20771.15 20772.85
20771.15 20772.85
20771.66 20773.35
20771.66 20773.35
20771.91 20773.09
20771.91 20773.09
20772.66 20773.84
20772.63 20774.13
20772.63 20774.13
20772.38 20773.87
20772.15 20773.86
20772.15 20773.86
20771.64 20773.11
20771.41 20772.59
20771.41 20772.59
20771.41 20772.59
20771.63 20773.12
20772.62 20774.13
20772.62 20774.13
20774.15 20775.86
20774.15 20775.86
20772.40 20774.10
20772.39 20773.86
20772.39 20773.86
20773.89 20775.36
20773.89 20775.36
20773.41 20775.09
20773.71 20775.54
20773.71 20775.54
20773.40 20775.11
20773.40 20775.11
20772.98 20774.78
20772.12 20773.63
20772.12 20773.63
20771.38 20772.88
20770.63 20772.12
20770.63 20772.12
20770.64 20772.11
20771.56 20772.19
20771.56 20772.19
20772.15 20773.86
20772.15 20773.86
20772.15 20773.86
20772.90 20774.60
20771.91 20773.60
20771.91 20773.60
20771.16 20772.85
20770.41 20771.59
20770.41 20771.59
20772.14 20773.86
20772.14 20773.86
20771.91 20773.09
20772.40 20774.11
20772.40 20774.11
20772.16 20773.84
20772.16 20773.84
20773.37 20774.88
20772.16 20773.84
20772.16 20773.84
20771.88 20773.38
20771.88 20773.38
20771.14 20772.61
20771.14 20772.61
20771.14 20772.61
20771.13 20772.62
20770.39 20771.86
20770.39 20771.86
20769.91 20771.59
20769.91 20771.59
20770.15 20771.86
20770.15 20771.86
20770.89 20772.36
20770.64 20772.11
20770.64 20772.11
20770.65 20772.36
20770.65 20772.36
20770.92 20772.08
20770.92 20772.08
20770.66 20772.35
20770.41 20772.09
20770.41 20772.09
20770.66 20771.84
20770.14 20771.61
20770.14 20771.61
20770.15 20771.86
20770.15 20771.86
20770.13 20771.63
20770.13 20771.63
20769.66 20771.34
20769.66 20771.34
20769.66 20771.34
20769.65 20771.35
20769.65 20771.35
20767.41 20769.09
20767.41 20769.09
20768.64 20770.11
20768.38 20769.88
20768.38 20769.88
20768.67 20769.83
20768.67 20769.83
20768.67 20769.83
20768.13 20769.63
20767.88 20769.38
20767.88 20769.38
20767.88 20769.38
20767.64 20769.11
20768.16 20769.84
20768.16 20769.84
20769.65 20771.35
20769.65 20771.35
20769.38 20770.88
20769.38 20770.88
20769.38 20770.87
20769.38 20770.87
20769.14 20770.61
20769.14 20770.61
20769.16 20770.85
20769.63 20771.13
20769.63 20771.13
20769.13 20770.63
20769.13 20770.63
20769.13 20770.63
20769.14 20770.86
20769.88 20771.37
20769.88 20771.37
20770.16 20771.34
20768.62 20770.13
20768.62 20770.13
20768.43 20769.58
20768.43 20769.58
20768.13 20769.63
20768.38 20769.87
20768.38 20769.87
20767.65 20769.36
20767.65 20769.36
20764.89 20766.36
20764.89 20766.36
20764.63 20766.13
20764.91 20766.59
20764.91 20766.59
20764.90 20766.61
20764.90 20766.61
20765.91 20767.59
20765.40 20767.11
20765.40 20767.11
20765.40 20767.10
20765.40 20767.10
20765.48 20767.28
20764.16 20765.85
20764.16 20765.85
20764.16 20765.84
20764.16 20765.84
20764.46 20766.29
20764.64 20766.11
20764.64 20766.11
20765.66 20767.35
20765.66 20767.35
20765.65 20767.35
20765.87 20767.38
20765.87 20767.38
20764.40 20766.10
20765.66 20767.34
20765.66 20767.34
20765.66 20767.34
20765.90 20767.61
20766.14 20767.61
20766.14 20767.61
20766.39 20767.86
20766.39 20767.86
20763.91 20765.59
20763.65 20765.35
20763.65 20765.35
20764.13 20765.62
20764.13 20765.62
20763.41 20765.10
20764.38 20765.88
20764.38 20765.88
20763.14 20764.61
20763.14 20764.61
20763.15 20764.86
20763.15 20764.86
20763.63 20765.12
20763.63 20765.12
20763.64 20765.36
20763.39 20764.86
20763.39 20764.86
20763.38 20764.88
20762.63 20764.12
20762.63 20764.12
20762.62 20764.13
20762.65 20764.36
20762.65 20764.36
20764.39 20765.86
20764.39 20765.86
20764.66 20766.35
20765.90 20767.61
20765.90 20767.61
20765.14 20766.86
20765.15 20766.86
20765.15 20766.86
20765.15 20766.86
20765.15 20766.86
20765.13 20766.63
20765.13 20766.63
20765.13 20766.63
20765.15 20766.86
20765.37 20766.88
20765.37 20766.88
20765.14 20766.61
20765.14 20766.61
20765.39 20766.86
20765.39 20766.86
20763.88 20765.37
20764.89 20766.61
20764.89 20766.61
20766.13 20767.63
20765.90 20767.61
20765.90 20767.61
20765.90 20767.61
20766.39 20767.86
20766.38 20767.88
20766.38 20767.88
20766.21 20768.04
20766.40 20768.11
20766.40 20768.11
20766.40 20768.11
20766.40 20768.11
20766.40 20768.11
20766.38 20767.88
20766.38 20767.88
20766.40 20768.11
20766.91 20768.59
20766.91 20768.59
20767.42 20768.58
20767.42 20768.58
20766.66 20767.84
20766.66 20767.84
20765.14 20766.86
20765.65 20767.36
20766.16 20767.85
20766.16 20767.85
20765.40 20767.11
20765.40 20767.11
20765.62 20767.13
20764.90 20766.61
20764.90 20766.61
20765.64 20767.36
20765.39 20767.11
20765.39 20767.11
20766.91 20768.59
20766.39 20767.86
20766.39 20767.86
