20766.41 20768.10
20766.41 20768.10
20765.37 20766.88
20765.37 20766.88
20766.14 20767.61
20766.14 20767.61
20766.14 20767.61
20766.14 20767.61
20766.14 20767.61
20765.66 20767.35
20765.66 20767.35
20765.63 20767.12
20767.13 20768.63
20767.13 20768.63
20767.63 20769.13
20767.63 20769.13
20767.63 20769.13
20767.63 20769.13
20768.14 20769.86
20768.14 20769.86
20769.89 20771.61
20769.89 20771.36
20769.89 20771.36
20769.90 20771.60
20769.90 20771.60
20769.13 20770.62
20769.13 20770.62
20769.64 20771.11
20769.64 20771.11
20770.16 20771.34
20769.16 20770.84
20769.16 20770.84
20769.16 20770.84
20769.16 20770.84
20769.14 20770.86
20768.90 20770.61
20768.90 20770.61
20768.39 20770.11
20768.39 20770.11
20768.16 20769.85
20768.16 20769.85
20768.66 20770.35
20768.63 20770.12
20768.63 20770.12
20768.66 20770.34
20768.66 20770.34
20769.41 20771.09
20769.23 20771.03
20769.23 20771.03
20769.64 20771.11
20769.64 20771.11
20769.90 20771.60
20769.41 20770.59
20769.41 20770.59
20769.39 20770.86
20769.39 20770.86
20769.39 20771.11
20769.39 20771.11
20768.64 20770.11
20768.64 20770.11
20768.64 20770.11
20767.64 20769.11
20768.15 20769.85
20768.15 20769.85
20768.15 20769.85
20768.15 20769.85
20767.62 20769.13
20767.62 20769.13
20767.62 20769.13
20767.62 20769.13
20767.66 20768.84
20768.41 20770.10
20768.41 20770.10
20767.62 20769.13
20767.62 20769.13
20767.40 20769.10
20767.40 20769.10
20767.40 20769.10
20767.64 20769.11
20767.64 20769.11
20767.64 20769.11
20767.64 20769.11
20767.23 20769.03
20767.23 20769.03
20767.41 20769.10
20768.63 20770.13
20768.63 20770.13
20768.63 20770.13
20767.16 20768.84
20767.16 20768.85
20767.16 20768.85
20767.16 20768.85
20769.40 20771.10
20769.40 20771.10
20768.89 20770.61
20769.63 20771.13
20769.63 20771.13
20769.63 20771.13
20769.23 20771.03
20769.23 20771.03
20769.63 20771.12
20768.39 20769.86
20768.39 20769.86
20768.65 20770.35
20768.65 20770.35
20768.64 20770.36
20768.64 20770.11
20768.64 20770.11
20768.64 20770.11
20768.64 20770.11
20768.40 20770.10
20768.40 20770.10
20768.40 20770.10
20768.14 20769.86
20768.14 20769.86
20768.39 20769.86
20770.12 20771.63
20770.12 20771.63
20770.40 20772.10
20770.40 20772.10
20770.40 20772.10
20771.14 20772.61
20771.14 20772.61
20771.39 20772.86
20770.47 20772.28
20770.47 20772.28
20771.64 20773.11
20771.64 20773.11
20771.66 20773.34
20772.87 20774.38
20772.87 20774.38
20772.96 20774.79
20772.23 20774.03
20772.23 20774.03
20772.47 20774.28
20772.47 20774.28
20773.14 20774.61
20772.90 20774.60
20772.90 20774.60
20772.89 20774.61
20772.89 20774.61
20772.98 20774.78
20772.98 20774.78
20772.96 20774.79
20772.96 20774.79
20772.40 20774.10
20771.72 20773.53
20771.72 20773.53
20772.63 20774.13
20772.63 20774.13
20772.63 20774.13
20772.63 20774.13
20772.39 20774.11
20772.39 20774.11
20772.22 20774.03
20772.22 20774.03
20772.47 20774.28
20772.87 20774.38
20772.87 20774.38
20773.37 20774.88
20772.14 20773.86
20772.14 20773.86
20772.14 20773.86
20772.14 20773.86
20773.62 20775.13
20772.66 20774.34
20772.66 20774.34
20772.66 20774.34
20772.14 20773.86
20772.14 20773.86
20773.14 20774.61
20774.16 20775.84
20774.16 20775.84
20775.14 20776.86
20774.63 20776.12
20774.63 20776.12
20774.64 20776.11
20774.64 20776.11
20774.66 20775.84
20774.66 20775.84
20774.64 20776.11
20773.16 20774.84
20773.16 20774.84
20773.16 20774.84
20774.06 20774.69
20773.66 20775.35
20773.66 20775.35
20773.66 20775.35
20773.87 20775.38
20774.15 20775.35
20774.15 20775.35
20773.89 20775.36
20773.89 20775.36
20773.72 20775.53
20773.72 20775.53
20773.16 20774.84
20773.39 20774.86
20773.39 20774.86
20770.66 20772.35
20770.41 20772.09
20770.41 20772.09
20769.67 20770.84
20765.89 20767.36
20765.89 20767.36
20765.88 20767.38
20765.88 20767.38
20766.81 20767.45
20766.16 20767.84
20766.16 20767.84
20766.39 20768.11
20766.39 20768.11
20766.88 20768.37
20766.88 20768.37
20764.88 20766.37
20764.88 20766.37
20764.88 20766.37
20765.42 20766.58
20764.88 20766.38
20764.88 20766.38
20766.88 20768.37
20767.64 20769.11
20767.64 20769.11
20768.64 20770.11
20768.64 20770.11
20770.41 20772.10
20770.41 20772.10
20769.64 20771.11
20768.62 20770.13
20768.62 20770.13
20768.88 20770.37
20768.88 20770.37
20768.66 20769.84
20768.66 20769.84
20768.89 20770.61
20768.16 20769.84
20768.16 20769.84
20767.66 20769.35
20767.66 20769.35
20767.64 20769.11
20767.64 20769.11
20767.16 20768.84
20767.16 20768.84
20767.38 20768.88
20767.38 20768.88
20767.38 20768.88
20767.41 20768.60
20767.41 20768.60
20767.14 20768.61
20766.87 20768.38
20766.87 20768.38
20766.87 20768.38
20766.66 20768.35
20766.66 20768.35
20767.15 20768.86
20767.15 20768.86
20767.47 20769.28
20767.62 20769.13
20767.62 20769.13
20767.38 20768.87
20766.39 20767.86
20766.39 20767.86
20765.66 20767.34
20765.90 20767.60
20765.90 20767.60
20766.39 20768.11
20766.39 20768.11
20767.14 20768.86
20767.14 20768.86
20767.15 20768.85
20766.89 20768.61
20766.89 20768.61
20767.16 20768.85
20766.40 20768.10
20766.40 20768.10
20765.39 20766.86
20765.64 20767.36
20765.64 20767.36
20765.39 20766.86
20765.39 20766.86
20765.42 20766.59
20765.15 20766.85
20765.15 20766.85
20764.41 20766.09
20761.40 20763.10
20761.40 20763.10
20761.65 20763.36
20761.65 20763.36
20762.41 20764.09
20762.41 20764.09
20762.91 20764.60
20763.64 20765.36
20765.48 20767.28
20765.48 20767.28
20765.38 20766.88
20765.38 20766.88
20763.40 20765.11
20763.40 20765.11
20763.64 20765.36
20763.88 20765.37
20763.88 20765.37
20763.63 20765.13
20763.63 20765.13
20764.14 20765.86
20763.41 20765.10
20763.41 20765.10
20763.65 20765.35
20763.16 20764.85
20763.16 20764.85
20763.16 20764.85
20761.63 20763.12
20761.63 20763.12
20761.63 20763.12
20762.16 20763.34
20760.65 20762.35
20760.65 20762.35
20759.64 20761.36
20759.64 20761.36
20759.64 20761.36
20759.64 20761.36
20759.64 20761.36
20759.64 20761.36
20759.64 20761.36
20759.64 20761.36
20759.92 20761.09
20760.65 20762.35
20760.65 20762.35
20761.13 20762.63
20761.13 20762.63
20761.16 20762.85
20761.16 20762.85
20761.41 20763.09
20761.41 20763.09
20762.14 20763.86
20762.14 20763.86
20762.40 20763.60
20762.14 20763.86
20762.14 20763.86
20761.89 20763.61
20761.89 20763.61
20761.87 20763.38
20762.91 20764.10
20762.91 20764.10
20762.40 20764.10
20762.40 20764.10
20761.71 20763.54
20761.71 20763.54
20762.14 20763.86
20762.16 20763.84
20762.16 20763.84
20762.16 20763.84
20762.16 20763.84
20762.39 20763.86
20763.39 20765.11
20763.39 20765.11
20763.88 20765.38
20763.88 20765.38
20763.89 20765.36
20764.13 20765.63
20764.13 20765.63
20764.47 20766.28
20764.47 20766.28
20764.41 20766.09
20764.41 20766.09
20765.14 20766.61
20765.14 20766.61
20765.67 20766.84
20765.67 20766.84
20765.23 20767.03
20765.23 20767.03
20765.23 20767.03
20764.47 20766.28
20764.47 20766.28
20764.47 20766.28
20763.88 20765.37
20764.21 20766.04
20764.21 20766.04
20764.41 20766.09
20764.41 20766.09
20764.22 20766.03
20764.91 20766.59
20764.91 20766.59
20764.91 20766.60
20764.91 20766.60
20764.91 20766.60
20765.22 20767.03
20765.13 20766.63
20765.13 20766.63
20763.38 20764.88
20764.39 20766.11
20764.39 20766.11
20764.63 20766.12
20764.63 20766.12
20768.39 20770.11
20775.13 20776.63
20775.13 20776.63
20776.55 20777.20
20774.12 20775.63
20774.12 20775.63
20776.15 20777.85
20776.89 20778.61
20776.89 20778.61
20777.14 20778.86
20777.63 20779.12
20777.63 20779.12
20776.89 20778.36
20776.89 20778.36
20779.14 20780.86
20780.46 20782.29
20780.46 20782.29
20780.40 20782.10
20780.89 20782.36
20780.89 20782.36
20780.16 20781.85
20780.16 20781.85
20779.64 20781.11
20779.22 20781.03
20779.22 20781.03
20781.17 20782.34
20779.96 20781.79
20779.96 20781.79
20781.91 20783.09
20781.91 20783.09
20781.88 20783.37
20782.89 20784.36
20782.89 20784.36
20782.89 20784.36
20784.91 20786.60
20784.91 20786.60
20783.39 20784.86
20783.63 20785.12
20783.63 20785.12
20784.14 20785.61
20784.12 20785.63
20784.12 20785.63
20784.63 20786.12
20784.63 20786.12
20783.66 20784.84
20783.41 20785.10
20783.41 20785.10
20784.91 20786.09
20784.62 20786.13
20784.62 20786.13
20784.31 20784.94
20784.31 20784.94
20784.14 20785.86
20785.73 20787.53
20785.73 20787.53
20784.46 20786.29
20783.98 20785.78
20783.98 20785.78
20784.14 20785.61
20784.14 20785.61
20783.88 20785.38
20779.73 20781.53
20779.73 20781.53
20777.16 20778.84
20776.64 20778.36
20776.64 20778.36
20776.38 20777.88
20775.88 20777.37
20775.88 20777.37
20775.91 20777.09
20775.91 20777.09
20775.89 20777.36
20776.91 20778.10
20776.91 20778.10
20776.38 20777.88
20776.38 20777.88
20776.63 20778.13
20776.63 20778.13
20776.62 20778.13
20775.16 20776.84
20775.16 20776.84
20774.63 20776.13
20774.63 20776.13
20773.65 20775.35
20773.65 20775.35
20774.14 20775.61
20774.16 20775.85
20774.16 20775.85
20774.16 20775.85
20774.66 20776.34
20774.15 20775.85
20774.15 20775.85
20773.64 20775.36
20772.63 20774.13
20772.63 20774.13
20773.91 20775.09
20773.91 20775.09
20773.12 20774.63
20773.38 20774.87
20773.38 20774.87
20774.14 20775.86
20774.14 20775.86
20774.39 20775.86
20773.39 20775.11
20773.39 20775.11
20771.72 20773.53
20771.64 20773.11
20771.64 20773.11
20771.89 20773.36
20771.88 20773.38
20771.88 20773.38
20770.92 20772.08
20771.12 20772.63
20771.12 20772.63
20771.66 20773.35
20772.38 20773.88
20772.38 20773.88
20772.38 20773.88
20772.38 20773.88
20773.91 20775.60
20773.91 20775.60
20772.87 20774.38
20773.65 20775.35
20773.65 20775.35
20774.16 20775.84
20773.41 20775.10
20773.41 20775.10
20773.16 20774.84
20773.16 20774.84
20773.16 20774.85
20773.16 20774.85
20773.38 20774.88
20773.38 20774.88
20773.12 20774.63
20772.42 20773.58
20772.42 20773.58
20771.16 20772.84
20771.16 20772.84
20770.66 20772.35
20771.15 20772.85
20771.15 20772.85
20770.64 20772.36
20769.13 20770.63
20769.13 20770.63
20768.40 20770.10
20768.40 20770.10
20768.39 20770.11
20766.65 20768.35
20766.65 20768.35
20766.88 20768.37
20766.88 20768.37
20764.16 20765.85
20761.40 20763.10
20761.40 20763.10
20761.64 20763.36
20761.64 20763.11
20761.64 20763.11
20762.22 20764.03
20761.88 20763.38
20761.88 20763.38
20759.41 20761.09
20759.41 20761.09
20759.63 20761.13
20758.65 20760.36
20758.65 20760.36
20759.88 20761.37
20759.88 20761.37
20758.97 20760.78
20758.96 20760.79
20758.96 20760.79
20758.63 20760.12
20757.15 20758.85
20757.15 20758.85
20755.89 20757.61
20757.63 20759.13
20757.63 20759.13
20758.89 20760.61
20760.41 20762.09
20760.41 20762.09
20758.87 20760.38
20759.15 20760.86
20759.15 20760.86
20755.96 20757.79
20755.96 20757.79
20755.88 20757.37
20755.88 20757.37
20755.12 20756.63
20756.38 20757.88
20756.38 20757.88
20756.39 20757.86
20756.71 20758.54
20756.71 20758.54
20757.14 20758.86
20757.14 20758.86
20757.15 20758.86
20755.89 20757.61
20755.89 20757.61
20755.13 20756.63
20753.87 20755.38
20753.87 20755.38
20755.38 20756.87
20758.13 20759.62
20758.13 20759.62
20758.89 20760.61
20757.65 20759.36
20757.65 20759.36
20757.37 20758.88
20757.37 20758.88
20757.13 20758.62
20757.13 20758.62
20757.41 20759.10
20756.88 20758.38
20756.88 20758.38
20756.91 20758.60
20757.41 20759.10
20757.41 20759.10
20754.64 20756.11
20754.64 20756.11
20755.14 20756.61
20756.41 20758.10
20756.41 20758.10
20757.66 20759.34
20754.89 20756.36
20754.89 20756.36
20754.89 20756.36
20754.16 20755.85
20752.64 20754.36
20752.64 20754.36
20753.64 20755.11
20752.97 20754.78
20752.97 20754.78
20750.15 20751.85
