20894.78 20896.73
20894.78 20896.73
20894.89 20896.36
20894.89 20896.36
20894.83 20896.92
20894.83 20896.92
20894.62 20896.13
20894.22 20896.03
20894.22 20896.03
20894.16 20895.85
20894.03 20895.97
20894.03 20895.97
20894.22 20896.03
20894.22 20896.03
20894.22 20896.03
20893.91 20895.59
20893.91 20895.59
20893.91 20895.59
20893.91 20895.59
20893.91 20895.59
20893.72 20895.53
20893.66 20895.34
20893.66 20895.34
20893.73 20895.53
20892.15 20893.85
20892.15 20893.85
20891.96 20893.79
20891.96 20893.79
20892.97 20894.78
20892.97 20894.78
20892.80 20893.45
20892.80 20893.45
20892.97 20894.78
20892.97 20894.78
20892.97 20894.78
20893.48 20895.28
20893.48 20895.28
20894.16 20895.85
20894.16 20895.85
20894.16 20895.85
20894.16 20895.85
20894.16 20895.85
20894.72 20896.53
20894.72 20896.53
20894.53 20896.48
20895.65 20897.36
20895.65 20897.36
20895.65 20897.36
20895.48 20897.28
20895.48 20897.28
20895.48 20897.28
20895.28 20897.23
20895.28 20897.23
20895.66 20897.35
20895.28 20897.23
20896.28 20898.22
20896.28 20898.22
20896.72 20898.53
20896.72 20898.53
20896.72 20898.53
20896.98 20898.78
20896.98 20898.78
20896.98 20898.78
20896.90 20898.60
20896.90 20898.60
20896.90 20898.60
20896.96 20898.79
20896.53 20898.47
20896.53 20898.47
20896.53 20898.47
20896.53 20898.47
20896.47 20898.28
20896.47 20898.28
20896.47 20898.28
20896.47 20898.28
20896.47 20898.28
20896.73 20898.53
20896.73 20898.53
20895.64 20897.11
20895.64 20897.11
20895.64 20897.11
20895.63 20897.13
20895.63 20897.13
20895.98 20897.78
20896.53 20898.48
20896.53 20898.48
20896.53 20898.48
20896.53 20898.48
20897.38 20898.88
20897.38 20898.88
20897.66 20898.85
20897.66 20898.85
20897.64 20899.11
20897.64 20899.11
20897.16 20898.85
20897.16 20898.85
20897.16 20898.85
20896.73 20898.53
20897.66 20899.35
20897.66 20899.35
20897.91 20899.09
20897.91 20899.09
20897.62 20899.13
20897.62 20899.13
20897.62 20899.13
20897.63 20899.12
20897.63 20899.12
20897.21 20899.04
20897.21 20899.04
20897.03 20898.98
20897.53 20899.48
20897.53 20899.48
20897.53 20899.48
20897.53 20899.47
20897.53 20899.47
20897.53 20899.47
20897.53 20899.47
20897.53 20899.47
20897.53 20899.47
20897.53 20899.47
20896.91 20898.59
20896.91 20898.59
20896.78 20898.72
20896.78 20898.72
20897.22 20899.03
20897.22 20899.03
20896.63 20898.87
20896.63 20898.87
20896.63 20898.87
20897.03 20898.98
20896.53 20898.48
20896.53 20898.48
20896.53 20898.48
20896.47 20898.28
20895.72 20897.53
20895.72 20897.53
20895.72 20897.53
20894.73 20896.53
20893.78 20895.73
20893.78 20895.73
20894.03 20895.98
20893.16 20894.85
20893.16 20894.85
20893.16 20894.85
20892.28 20894.22
20890.97 20892.78
20890.97 20892.78
20890.16 20891.84
20890.16 20891.84
20888.96 20890.79
20888.96 20890.79
20888.96 20890.79
20888.97 20890.78
20888.97 20890.78
20887.03 20888.98
20886.72 20888.53
20888.41 20890.09
20888.41 20890.09
20888.97 20890.78
20888.97 20890.78
20889.48 20891.28
20889.48 20891.28
20888.64 20890.11
20888.64 20890.11
20889.23 20891.03
20889.23 20891.03
20889.03 20890.97
20889.03 20890.97
20889.22 20891.03
20889.22 20891.03
20889.03 20890.97
20889.03 20890.97
20888.98 20890.78
20889.65 20891.35
20889.65 20891.35
20889.65 20891.35
20889.65 20891.35
20888.66 20890.35
20888.66 20890.35
20888.66 20890.35
20888.90 20890.61
20888.98 20890.78
20888.98 20890.78
20889.65 20890.85
20889.65 20890.85
20889.63 20891.12
20889.63 20891.12
20888.72 20890.53
20888.78 20890.72
20888.78 20890.72
20888.78 20890.72
20889.03 20890.98
20889.03 20890.98
20889.47 20891.28
20889.47 20891.28
20889.28 20891.23
20889.28 20891.23
20889.28 20891.23
20889.22 20891.03
20889.22 20891.03
20889.40 20891.10
20889.40 20891.10
20889.28 20891.23
20889.28 20891.23
20888.58 20890.67
20888.97 20890.78
20888.97 20890.78
20888.97 20890.78
20887.91 20889.59
20888.22 20890.03
20888.22 20890.03
20888.78 20890.72
20888.78 20890.72
20888.78 20890.72
20888.78 20890.72
20888.53 20890.47
20888.53 20890.47
20888.72 20890.53
20888.72 20890.53
20888.91 20890.60
20888.91 20890.60
20889.03 20890.98
20889.03 20890.98
20889.08 20891.17
20888.53 20890.47
20888.53 20890.47
20888.53 20890.47
20889.03 20890.98
20889.03 20890.98
20889.03 20890.98
20888.78 20890.73
20888.78 20890.73
20888.78 20890.73
20889.72 20891.53
20889.72 20891.53
20889.66 20891.34
20889.66 20891.34
20889.66 20891.34
20889.89 20891.36
20889.89 20891.36
20889.73 20891.53
20889.73 20891.53
20889.98 20891.78
20889.98 20891.78
20890.03 20891.98
20890.03 20891.98
20890.03 20891.97
20890.03 20891.97
20890.03 20891.97
20889.88 20891.38
20889.88 20891.38
20889.88 20891.38
20889.88 20891.38
20889.97 20891.78
20889.97 20891.78
20889.72 20891.53
20889.72 20891.53
20889.73 20891.53
20890.62 20892.13
20890.62 20892.13
20890.97 20892.78
20890.97 20892.78
20890.97 20892.78
20889.78 20891.72
20889.78 20891.72
20889.78 20891.72
20889.78 20891.72
20890.03 20891.97
20890.03 20891.97
20890.03 20891.97
20889.78 20891.72
20889.78 20891.72
20889.23 20891.03
20889.23 20891.03
20889.23 20891.03
20889.64 20891.11
20889.64 20891.11
20889.64 20891.11
20889.64 20891.11
20889.16 20890.84
20889.16 20890.84
20889.28 20891.23
20889.28 20891.23
20889.28 20891.23
20889.28 20891.23
20889.28 20891.23
20889.28 20891.23
20889.28 20891.23
20888.47 20890.28
20888.47 20890.28
20888.47 20890.28
20887.91 20889.59
20887.97 20889.78
20887.97 20889.78
20887.97 20889.78
20888.47 20890.28
20888.47 20890.28
20888.47 20890.28
20888.46 20890.29
20888.46 20890.29
20888.38 20889.87
20888.38 20889.87
20888.16 20889.84
20888.16 20889.84
20888.16 20889.84
20888.16 20889.84
20888.16 20889.84
20888.16 20889.85
20888.16 20889.85
20887.97 20889.78
20887.72 20889.53
20887.72 20889.53
20887.65 20889.35
20887.65 20889.35
20887.78 20889.73
20887.78 20889.73
20887.73 20889.53
20887.91 20889.60
20887.91 20889.60
20887.91 20889.60
20888.40 20890.11
20888.40 20890.11
20888.40 20890.11
20887.97 20889.78
20887.97 20889.78
20887.97 20889.78
20887.97 20889.78
20887.97 20889.78
20887.97 20889.78
20887.97 20889.78
20887.97 20889.78
20888.03 20889.98
20888.03 20889.98
20887.97 20889.78
20888.39 20889.86
20888.39 20889.86
20888.39 20889.86
20888.39 20889.86
20888.64 20890.11
20888.64 20890.11
20888.64 20890.11
20888.64 20890.11
20888.64 20890.11
20888.38 20889.88
20888.03 20889.97
20888.03 20889.97
20888.16 20889.84
20888.15 20889.86
20888.15 20889.86
20888.15 20889.86
20888.16 20889.85
20888.16 20889.85
20888.22 20890.03
20888.22 20890.03
20888.41 20890.10
20888.41 20890.10
20891.14 20892.86
20891.62 20893.13
20891.62 20893.13
20891.23 20893.03
20891.23 20893.03
20891.23 20893.03
20891.23 20893.03
20892.48 20894.28
20892.48 20894.28
20892.97 20894.78
20892.91 20894.59
20892.91 20894.59
20892.91 20894.59
20892.98 20894.78
20892.98 20894.78
20893.22 20895.03
20893.41 20895.09
20893.41 20895.09
20893.66 20895.34
20893.66 20895.34
20894.66 20896.35
20894.66 20896.35
20894.66 20896.34
20894.73 20896.53
20894.73 20896.53
20894.73 20896.53
20894.73 20896.53
20894.71 20896.54
20894.71 20896.54
20894.71 20896.54
20893.47 20895.28
20893.47 20895.28
20893.47 20895.28
20893.47 20895.28
20893.47 20895.28
20893.47 20895.28
20893.47 20895.28
20893.47 20895.28
20893.41 20895.10
20893.41 20895.10
20893.16 20894.85
20891.78 20893.72
20891.78 20893.72
20891.78 20893.72
20891.78 20893.72
20892.28 20894.23
20892.28 20894.23
20892.28 20894.23
20892.28 20894.23
20893.23 20895.03
20893.23 20895.03
20893.03 20894.98
20893.03 20894.98
20892.91 20894.59
20892.91 20894.59
20892.47 20894.28
20892.47 20894.28
20892.53 20894.48
20892.53 20894.48
20892.53 20894.48
20891.72 20893.53
20891.72 20893.53
20891.91 20893.59
20891.91 20893.59
20892.23 20894.03
20891.97 20893.78
20891.97 20893.78
20891.97 20893.78
20891.97 20893.78
20891.97 20893.78
20891.71 20893.54
20891.71 20893.54
20891.66 20893.35
20890.14 20891.86
20890.14 20891.86
20889.58 20891.67
20889.58 20891.67
20889.48 20891.28
20889.48 20891.28
20890.48 20892.28
20890.48 20892.28
20890.48 20892.28
20890.48 20892.28
20890.48 20892.28
20890.48 20892.28
20890.48 20892.28
20890.48 20892.28
20889.78 20891.72
20889.78 20891.72
20889.78 20891.72
20891.71 20893.54
20891.71 20893.54
20891.53 20893.48
20891.22 20893.03
20891.22 20893.03
20890.78 20892.73
20890.78 20892.73
20890.78 20892.73
20890.78 20892.73
20890.47 20892.28
20890.47 20892.28
20891.66 20893.35
20891.66 20893.35
20891.66 20893.35
20891.66 20893.35
20892.14 20893.61
20892.14 20893.61
20892.47 20894.28
20892.47 20894.28
20892.47 20894.28
20893.47 20895.28
20893.65 20895.36
20893.65 20895.36
20893.53 20895.47
20893.53 20895.47
20893.73 20895.53
20894.48 20896.28
20894.48 20896.28
20894.48 20896.28
20894.91 20896.60
20894.91 20896.60
20895.03 20896.97
20895.03 20896.97
20895.18 20896.33
20895.18 20896.33
20894.71 20896.54
20894.71 20896.54
20894.78 20896.73
20895.28 20897.23
20895.28 20897.23
20895.28 20897.23
20894.73 20896.53
20894.71 20896.54
20894.71 20896.54
20894.33 20896.42
20893.91 20895.60
20893.91 20895.60
20893.91 20895.60
20893.91 20895.60
20893.98 20895.78
20893.98 20895.78
20895.14 20896.86
20895.14 20896.86
20895.78 20897.72
20895.78 20897.72
20895.53 20897.47
20895.53 20897.47
20895.53 20897.47
20895.66 20897.35
20895.66 20897.35
20895.66 20897.35
20895.53 20897.47
20895.53 20897.47
20895.98 20897.78
20895.98 20897.78
20895.98 20897.78
20895.96 20897.79
20896.16 20897.85
20896.16 20897.85
20895.90 20897.61
20895.90 20897.61
20895.90 20897.61
20895.90 20897.61
20896.16 20897.85
20896.16 20897.85
20896.81 20897.44
20896.81 20897.44
20896.21 20898.04
20896.16 20897.85
20896.16 20897.85
20896.39 20897.86
20896.39 20897.86
20896.39 20897.86
20896.39 20897.86
20896.39 20897.86
20896.22 20898.03
20896.22 20898.03
20897.03 20898.98
20897.03 20898.98
20897.03 20898.98
20897.65 20899.35
20898.64 20900.11
20898.64 20900.11
20898.66 20900.35
20898.66 20900.35
20899.56 20900.19
20899.56 20900.19
20899.23 20901.03
20899.23 20901.03
20898.97 20900.78
20898.97 20900.78
20898.16 20899.85
20898.16 20899.85
20897.72 20899.53
20897.72 20899.53
20897.72 20899.53
20897.72 20899.53
20897.72 20899.53
20897.72 20899.53
20896.65 20898.35
20896.65 20898.35
20896.53 20898.48
20896.72 20898.53
20896.72 20898.53
20896.72 20898.53
20896.72 20898.53
20896.72 20898.53
20896.53 20898.47
20896.53 20898.47
20896.47 20898.28
20896.53 20898.48
20896.53 20898.48
20896.53 20898.48
20896.53 20898.48
20896.53 20898.48
20896.21 20898.04
20896.21 20898.04
20896.22 20898.03
20896.22 20898.03
20895.78 20897.72
20895.78 20897.72
20894.53 20896.47
20894.53 20896.47
20894.53 20896.47
20894.53 20896.47
20894.22 20896.03
20893.66 20895.34
20893.66 20895.34
20893.78 20895.73
20893.78 20895.73
20893.72 20895.53
20893.72 20895.53
20893.22 20895.03
20893.22 20895.03
20892.96 20894.79
20892.96 20894.79
20891.66 20893.34
20891.72 20893.53
20891.72 20893.53
20890.53 20892.48
20890.53 20892.48
20891.14 20892.61
20890.23 20892.03
20890.23 20892.03
20889.71 20891.54
20889.71 20891.54
20889.71 20891.54
20889.71 20891.54
20889.71 20891.54
20889.22 20891.03
20889.22 20891.03
20888.63 20890.87
20888.33 20890.42
20888.33 20890.42
20888.41 20890.09
20888.41 20890.09
20888.41 20890.09
20888.89 20890.36
20888.89 20890.36
20888.97 20890.78
20888.97 20890.78
20887.78 20889.73
20887.78 20889.73
20887.97 20889.78
20887.97 20889.78
20887.98 20889.78
