20790.72 20792.53
20790.72 20792.53
20792.48 20794.28
20792.48 20794.28
20792.78 20794.72
20790.96 20792.79
20790.96 20792.79
20790.96 20792.79
20790.96 20792.79
20789.72 20791.53
20790.96 20792.79
20790.96 20792.79
20791.16 20792.85
20791.16 20792.85
20792.15 20793.85
20792.22 20794.03
20792.22 20794.03
20791.89 20793.61
20791.15 20792.85
20791.15 20792.85
20791.72 20793.53
20794.53 20796.48
20794.53 20796.48
20795.28 20797.22
20794.88 20796.37
20794.88 20796.37
20794.88 20796.37
20794.88 20796.37
20794.48 20796.28
20793.78 20795.72
20793.78 20795.72
20790.98 20792.78
20791.15 20792.86
20791.15 20792.86
20790.96 20792.79
20791.22 20793.03
20791.22 20793.03
20791.22 20793.03
20791.22 20793.03
20789.22 20791.03
20789.22 20791.03
20790.55 20791.20
20788.46 20790.29
20788.46 20790.29
20788.73 20790.53
20788.73 20790.53
20788.28 20790.23
20788.28 20790.23
20788.28 20790.22
20788.28 20790.22
20787.53 20789.47
20786.28 20788.22
20786.28 20788.22
20788.21 20790.04
20788.22 20790.03
20788.22 20790.03
20789.90 20791.60
20789.90 20791.60
20790.15 20791.85
20790.88 20792.37
20790.88 20792.37
20791.48 20793.28
20791.48 20793.28
20791.48 20793.28
20791.48 20793.28
20791.41 20793.09
20791.96 20793.79
20791.96 20793.79
20792.40 20794.10
20792.40 20794.10
20791.87 20793.38
20792.15 20793.86
20792.15 20793.86
20791.22 20793.03
20790.73 20792.53
20790.73 20792.53
20790.73 20792.53
20790.72 20792.53
20790.66 20792.35
20790.66 20792.35
20790.66 20792.35
20789.65 20791.35
20789.65 20791.35
20792.41 20794.10
20792.41 20794.10
20792.41 20794.10
20792.22 20794.03
20792.22 20794.03
20792.14 20793.61
20792.23 20794.03
20792.23 20794.03
20792.23 20794.03
20792.65 20794.35
20792.53 20794.47
20792.53 20794.47
20792.73 20794.53
20792.73 20794.53
20794.28 20796.22
20794.28 20796.22
20794.91 20796.60
20794.91 20796.60
20794.90 20796.61
20794.90 20796.61
20795.63 20797.13
20797.97 20799.78
20797.97 20799.78
20799.37 20800.88
20799.92 20801.08
20799.92 20801.08
20802.28 20804.23
20802.28 20804.23
20802.16 20803.84
20805.72 20807.53
20805.72 20807.53
20804.72 20806.53
20804.72 20806.53
20801.46 20803.29
20800.53 20802.47
20800.53 20802.47
20805.64 20807.36
20806.89 20808.61
20806.89 20808.61
20805.66 20807.35
20805.66 20807.35
20801.73 20803.53
20802.71 20804.54
20802.71 20804.54
20802.21 20804.04
20802.21 20804.04
20801.22 20803.03
20801.15 20802.86
20801.15 20802.86
20800.41 20802.10
20799.39 20801.11
20799.39 20801.11
20798.89 20800.61
20798.89 20800.61
20800.53 20802.47
20798.96 20800.79
20798.96 20800.79
20797.88 20799.37
20800.98 20802.78
20800.98 20802.78
20801.39 20802.86
20801.39 20802.86
20803.41 20805.10
20805.46 20807.29
20805.46 20807.29
20805.48 20807.28
20803.14 20804.86
20803.14 20804.86
20804.16 20805.85
20804.16 20805.85
20804.47 20806.28
20804.03 20805.97
20804.03 20805.97
20802.71 20804.54
20801.71 20803.54
20801.71 20803.54
20802.63 20804.13
20801.22 20803.03
20801.22 20803.03
20801.16 20802.85
20801.03 20802.97
20801.03 20802.97
20803.16 20804.84
20802.96 20804.79
20802.96 20804.79
20803.47 20805.28
20803.47 20805.28
20804.03 20805.97
20804.03 20805.97
20802.72 20804.53
20800.14 20801.86
20800.14 20801.86
20799.72 20801.53
20799.72 20801.53
20799.90 20801.60
20799.03 20800.97
20799.03 20800.97
20799.21 20801.04
20799.47 20801.28
20799.47 20801.28
20799.28 20801.22
20799.28 20801.22
20801.38 20802.87
20800.97 20802.78
20800.97 20802.78
20804.66 20806.35
20804.97 20806.78
20804.97 20806.78
20803.53 20805.47
20801.14 20802.86
20801.14 20802.86
20800.72 20802.53
20800.40 20802.10
20800.40 20802.10
20799.65 20801.35
20799.14 20800.86
20799.14 20800.86
20799.41 20801.10
20799.41 20801.10
20800.14 20801.86
20800.65 20802.35
20800.65 20802.35
20800.53 20802.47
20800.53 20802.47
20799.98 20801.78
20799.23 20801.03
20799.23 20801.03
20797.71 20799.54
20797.71 20799.54
20798.88 20800.37
20798.88 20800.37
20799.72 20801.53
20799.72 20801.53
20799.72 20801.53
20802.21 20804.04
20802.21 20804.04
20801.78 20803.72
20801.53 20803.48
20801.53 20803.48
20801.97 20803.78
20801.97 20803.78
20801.97 20803.78
20802.63 20804.13
20804.47 20806.28
20804.47 20806.28
20804.71 20806.54
20804.71 20806.54
20809.47 20811.28
20808.22 20810.03
20808.22 20810.03
20811.65 20813.35
20810.28 20812.23
20810.28 20812.23
20811.66 20813.34
20811.66 20813.34
20811.90 20813.61
20812.53 20814.47
20812.53 20814.47
20813.65 20815.35
20813.65 20815.35
20814.21 20816.04
20813.28 20815.23
20813.28 20815.23
20812.83 20814.92
20814.41 20816.09
20814.41 20816.09
20815.65 20817.35
20815.91 20817.59
20815.91 20817.59
20816.40 20818.10
20816.40 20818.10
20816.71 20818.54
20816.64 20818.11
20816.64 20818.11
20815.90 20817.61
20817.71 20819.54
20817.71 20819.54
20815.71 20817.54
20815.47 20817.28
20815.47 20817.28
20814.72 20816.53
20814.72 20816.53
20814.14 20815.86
20813.23 20815.03
20813.23 20815.03
20812.41 20814.10
20812.41 20814.10
20812.41 20814.10
20817.12 20818.63
20818.66 20820.35
20818.66 20820.35
20818.88 20820.38
20817.65 20819.35
20817.65 20819.35
20817.37 20818.88
20817.37 20818.88
20813.91 20815.59
20813.91 20815.59
20814.21 20816.04
20813.53 20815.47
20813.72 20815.53
20813.72 20815.53
20815.97 20817.78
20815.97 20817.78
20813.91 20815.60
20814.66 20816.34
20814.66 20816.34
20814.66 20816.34
20815.53 20817.48
20815.53 20817.48
20815.47 20817.28
20814.48 20816.28
20814.48 20816.28
20814.48 20816.28
20813.48 20815.28
20813.53 20815.47
20813.14 20814.86
20813.14 20814.86
20813.47 20815.28
20813.47 20815.28
20812.47 20814.28
20814.47 20816.28
20814.47 20816.28
20814.89 20816.36
20815.73 20817.53
20815.73 20817.53
20816.46 20818.29
20816.46 20818.29
20817.72 20819.53
20819.98 20821.78
20819.98 20821.78
20818.47 20820.28
20817.41 20819.10
20817.41 20819.10
20817.40 20819.10
20817.28 20819.23
20817.28 20819.23
20816.41 20818.10
20817.39 20818.86
20817.39 20818.86
20817.39 20818.86
20816.47 20818.28
20816.47 20818.28
20816.89 20818.61
20816.71 20818.54
20816.71 20818.54
20815.66 20817.34
20815.66 20817.34
20818.14 20819.61
20817.38 20818.87
20817.38 20818.87
20817.53 20819.47
20817.53 20819.47
20817.97 20819.78
20817.72 20819.53
20817.72 20819.53
20818.62 20820.13
20818.62 20820.13
20818.90 20820.61
20818.13 20819.63
20818.13 20819.63
20819.41 20821.09
20817.97 20819.78
20817.97 20819.78
20815.98 20817.78
20815.98 20817.78
20816.14 20817.86
20816.14 20817.86
20818.38 20820.62
20820.96 20822.79
20820.96 20822.79
20818.28 20820.23
20818.28 20820.23
20817.88 20819.37
20817.47 20819.28
20817.47 20819.28
20818.14 20819.61
20818.14 20819.61
20818.23 20820.03
20817.78 20819.72
20817.78 20819.72
20817.91 20819.60
20817.14 20818.86
20817.14 20818.86
20815.63 20817.13
20815.63 20817.13
20815.14 20816.86
20814.64 20816.36
20814.64 20816.36
20814.97 20816.78
20812.03 20813.97
20812.03 20813.97
20812.91 20814.60
20816.71 20818.54
20816.71 20818.54
20817.71 20819.54
20817.71 20819.54
20817.71 20819.54
20818.63 20820.12
20818.63 20820.12
20818.23 20820.03
20818.97 20820.78
20818.97 20820.78
20818.48 20820.28
20818.48 20820.28
20817.98 20819.78
20818.03 20819.97
20818.03 20819.97
20817.47 20819.28
20817.47 20819.28
20817.03 20818.98
20817.03 20818.98
20817.21 20819.04
20822.23 20824.03
20822.23 20824.03
20822.96 20824.79
20822.96 20824.79
20822.91 20824.09
20822.91 20824.09
20820.71 20822.54
20818.90 20820.60
20818.90 20820.60
20819.65 20821.35
20819.90 20821.61
20819.90 20821.61
20818.96 20820.79
20819.64 20821.11
20819.64 20821.11
20816.83 20818.92
20816.83 20818.92
20816.03 20817.97
20815.28 20817.22
20815.28 20817.22
20815.78 20817.73
20815.53 20817.47
20815.53 20817.47
20813.96 20815.79
20813.72 20815.53
20813.72 20815.53
20817.72 20819.53
20817.73 20819.53
20817.73 20819.53
20816.72 20818.53
20818.15 20819.86
20818.15 20819.86
20817.47 20819.28
20817.98 20819.78
20817.98 20819.78
20817.78 20819.73
20817.78 20819.73
20817.33 20819.42
20817.21 20819.04
20817.21 20819.04
20818.28 20820.22
20820.66 20822.34
20820.66 20822.34
20821.28 20823.22
20821.28 20823.22
20823.22 20825.03
20823.22 20825.03
20822.71 20824.54
20822.71 20824.54
20822.71 20824.54
20822.46 20824.29
20822.46 20824.29
20825.64 20827.36
20825.64 20827.36
20825.91 20827.60
20826.90 20828.61
20826.90 20828.61
20825.78 20827.73
20824.16 20825.85
20824.16 20825.85
20824.14 20825.61
20823.98 20825.78
20823.98 20825.78
20825.38 20826.87
20825.78 20827.73
20825.78 20827.73
20825.62 20827.13
20824.64 20826.36
20824.64 20826.36
20825.64 20827.36
20824.16 20825.85
20824.16 20825.85
20824.16 20825.85
20824.17 20825.33
20823.16 20824.34
20823.16 20824.34
20823.22 20825.03
20823.16 20824.85
20823.16 20824.85
20821.96 20823.79
20822.38 20823.87
20822.38 20823.87
20824.17 20825.33
20825.66 20827.35
20825.66 20827.35
20827.14 20828.61
20828.66 20830.35
20828.66 20830.35
20828.21 20830.04
20826.71 20828.54
20826.71 20828.54
20826.66 20828.35
20826.66 20828.35
20826.66 20828.35
20826.21 20828.04
20826.21 20828.04
20825.14 20826.86
20823.78 20825.72
20823.78 20825.72
20822.89 20824.36
20822.89 20824.36
20821.41 20823.09
20820.15 20821.85
20820.15 20821.85
20821.64 20823.36
20822.21 20824.04
20822.21 20824.04
20821.97 20823.78
20822.23 20824.03
20822.23 20824.03
20821.16 20822.85
20821.16 20822.85
20819.41 20821.09
20821.71 20823.54
20821.71 20823.54
20821.71 20823.54
20822.97 20824.78
20822.97 20824.78
20822.72 20824.53
20822.41 20824.10
20822.41 20824.10
20822.41 20824.10
20823.14 20824.61
20823.14 20824.61
20822.89 20824.36
20822.89 20824.36
20826.53 20828.47
20826.41 20828.09
20826.41 20828.09
20825.71 20827.54
20825.71 20827.54
20825.16 20826.85
20825.16 20826.85
20824.62 20826.13
20824.62 20826.13
20822.16 20823.85
20821.14 20822.86
20821.14 20822.86
20819.21 20821.04
20820.21 20822.04
20820.21 20822.04
20821.16 20822.85
20821.16 20822.85
20820.15 20821.85
20819.73 20821.53
20819.73 20821.53
20819.96 20821.79
20820.66 20822.35
20820.66 20822.35
20821.23 20823.03
20821.39 20822.86
20821.39 20822.86
20821.39 20822.86
20821.14 20822.86
20821.23 20823.03
20821.23 20823.03
20820.39 20822.11
20820.39 20822.11
20820.73 20822.53
20820.73 20822.53
20820.73 20822.53
20820.72 20822.53
20820.72 20822.53
20820.72 20822.53
20822.14 20823.61
20821.38 20822.87
20821.38 20822.87
20825.21 20827.04
20823.47 20825.28
20823.47 20825.28
20823.39 20825.11
20823.39 20825.11
20823.65 20824.85
20823.16 20824.34
20823.16 20824.34
20823.16 20824.85
20823.16 20824.85
20821.98 20823.78
20821.98 20823.78
20821.15 20822.85
20824.03 20825.98
20824.03 20825.98
20823.72 20825.53
20823.72 20825.53
20823.72 20825.53
20825.78 20827.72
20825.78 20827.72
20825.90 20827.60
20825.64 20827.36
20825.64 20827.36
20823.72 20825.53
20823.72 20825.53
20825.22 20827.03
20824.23 20826.03
20824.23 20826.03
20823.72 20825.53
20823.72 20825.53
20823.23 20825.03
20822.97 20824.78
20822.97 20824.78
20822.97 20824.78
20822.97 20824.78
20823.22 20825.03
20823.22 20825.03
20823.22 20825.03
20820.12 20821.63
20821.65 20823.36
20821.65 20823.36
20825.66 20827.34
20826.90 20828.60
20826.90 20828.60
20825.38 20826.87
20825.15 20826.85
20825.15 20826.85
20823.65 20825.36
20823.91 20825.59
20823.91 20825.59
20825.28 20827.22
20825.28 20827.22
20825.66 20827.34
20825.66 20827.34
20825.65 20827.35
20827.47 20829.28
20827.47 20829.28
20827.03 20828.97
20827.03 20828.97
