20913.63 20915.13
20913.63 20915.13
20913.63 20915.13
20913.63 20915.13
20913.63 20915.13
20913.63 20915.13
20913.14 20914.86
20913.14 20914.86
20913.38 20914.87
20913.16 20914.84
20913.16 20914.84
20913.16 20914.84
20913.16 20914.84
20913.16 20914.84
20912.90 20914.61
20912.88 20914.37
20912.88 20914.37
20912.90 20914.60
20912.90 20914.60
20914.66 20916.35
20914.66 20916.35
20915.17 20916.34
20915.17 20916.34
20915.17 20916.34
20914.63 20916.13
20914.13 20915.62
20914.13 20915.62
20914.13 20915.62
20914.14 20915.61
20912.46 20914.29
20912.46 20914.29
20912.46 20914.29
20911.72 20913.53
20913.47 20915.28
20913.47 20915.28
20913.66 20915.35
20913.66 20915.35
20913.66 20915.35
20912.89 20914.61
20913.13 20914.63
20913.13 20914.63
20912.89 20914.61
20912.89 20914.61
20912.98 20914.78
20912.98 20914.78
20913.63 20915.12
20913.63 20915.12
20912.88 20914.38
20912.88 20914.38
20914.40 20915.60
20914.40 20915.60
20916.81 20917.44
20916.81 20917.44
20916.40 20918.10
20915.91 20917.60
20915.91 20917.60
20915.73 20917.53
20915.73 20917.53
20916.13 20917.62
20915.88 20917.38
20915.88 20917.38
20916.41 20918.10
20916.67 20917.83
20916.67 20917.83
20916.13 20917.62
20916.40 20918.11
20916.40 20918.11
20917.89 20919.36
20918.92 20920.09
20918.92 20920.09
20918.92 20920.09
20918.65 20920.35
20918.65 20920.35
20918.66 20920.35
20918.66 20920.35
20918.63 20920.13
20918.66 20920.35
20918.66 20920.35
20918.90 20920.61
20918.90 20920.61
20918.90 20920.61
20918.90 20920.61
20918.88 20920.37
20918.88 20920.37
20918.88 20920.37
20919.22 20921.03
20919.22 20921.03
20919.53 20921.47
20920.16 20921.84
20920.16 20921.84
20921.40 20922.60
20921.40 20922.60
20920.71 20922.54
20920.71 20922.54
20920.91 20922.09
20920.91 20922.09
20920.96 20922.79
20920.96 20922.79
20921.42 20922.58
20921.42 20922.58
20921.16 20922.85
20920.40 20922.10
20920.40 20922.10
20919.16 20920.85
20919.16 20920.85
20919.16 20920.85
20918.91 20920.59
20918.91 20920.59
20918.91 20920.59
20918.89 20920.61
20918.64 20920.11
20918.64 20920.11
20918.64 20920.11
20918.63 20920.12
20918.63 20920.12
20918.88 20920.37
20918.88 20920.37
20919.64 20921.11
20919.64 20921.11
20919.64 20921.11
20919.03 20920.97
20919.03 20920.97
20918.14 20919.61
20918.81 20919.44
20918.81 20919.44
20918.81 20919.44
20918.81 20919.44
20918.63 20920.12
20918.63 20920.12
20918.63 20920.12
20918.63 20920.12
20918.63 20920.12
20919.03 20920.98
20919.03 20920.98
20919.14 20920.61
20919.14 20920.61
20918.65 20920.35
20918.65 20920.35
20918.65 20920.35
20917.15 20918.86
20916.62 20918.13
20916.62 20918.13
20916.62 20918.13
20916.63 20918.13
20916.66 20918.35
20916.66 20918.35
20916.66 20918.35
20916.98 20918.78
20916.90 20918.60
20916.90 20918.60
20917.91 20919.59
20917.91 20919.59
20917.91 20919.59
20918.13 20919.62
20916.56 20917.19
20916.56 20917.19
20916.39 20917.86
20916.39 20917.86
20916.14 20917.61
20916.38 20917.87
20916.38 20917.87
20916.38 20917.87
20915.63 20917.12
20915.63 20917.12
20915.63 20917.12
20915.63 20917.12
20914.65 20916.35
20915.42 20916.58
20915.42 20916.58
20914.41 20916.09
20913.90 20915.61
20913.90 20915.61
20913.46 20915.29
20913.46 20915.29
20914.03 20915.97
20914.22 20916.03
20914.22 20916.03
20914.23 20916.03
20914.47 20916.28
20914.47 20916.28
20914.21 20916.04
20914.21 20916.04
20914.14 20915.86
20914.14 20915.86
20913.96 20915.79
20913.96 20915.79
20914.47 20916.28
20914.47 20916.28
20913.98 20915.78
20913.98 20915.78
20913.98 20915.78
20913.72 20915.53
20913.72 20915.53
20913.72 20915.53
20913.89 20915.61
20913.89 20915.61
20913.89 20915.61
20913.88 20915.37
20913.63 20915.12
20913.63 20915.12
20913.63 20915.12
20913.63 20915.12
20913.63 20915.12
20913.72 20915.53
20913.72 20915.53
20913.47 20915.28
20913.47 20915.28
20913.66 20915.34
20913.66 20915.34
20914.08 20916.17
20914.08 20916.17
20914.08 20916.17
20915.97 20917.78
20915.97 20917.78
20915.97 20917.78
20915.97 20917.78
20916.22 20918.03
20916.46 20918.29
20916.46 20918.29
20916.16 20917.85
20916.16 20917.85
20915.90 20917.60
20915.90 20917.60
20915.90 20917.60
20914.39 20916.11
20914.39 20916.11
20914.41 20916.10
20914.41 20916.10
20914.48 20916.28
20915.47 20917.28
20915.47 20917.28
20915.47 20917.28
20915.47 20917.28
20915.47 20917.28
20915.22 20917.03
20915.22 20917.03
20914.78 20916.73
20914.78 20916.73
20914.73 20916.53
20914.73 20916.53
20914.73 20916.53
20914.73 20916.53
20914.73 20916.53
20914.73 20916.53
20914.73 20916.53
20914.73 20916.53
20913.97 20915.78
20913.97 20915.78
20913.97 20915.78
20913.96 20915.79
20913.96 20915.79
20913.96 20915.79
20913.96 20915.79
20913.96 20915.79
20913.97 20915.78
20913.97 20915.78
20913.97 20915.78
20914.16 20915.85
20914.16 20915.85
20914.22 20916.03
20914.22 20916.03
20914.21 20916.04
20914.21 20916.04
20915.21 20917.04
20915.21 20917.04
20915.21 20917.04
20915.21 20917.04
20915.21 20917.04
20915.22 20917.03
20915.22 20917.03
20915.22 20917.03
20913.14 20914.86
20913.14 20914.86
20913.21 20915.04
20913.21 20915.04
20914.16 20915.35
20914.16 20915.35
20914.16 20915.35
20914.41 20916.09
20914.41 20916.09
20914.41 20916.09
20914.40 20916.10
20914.40 20916.10
20914.40 20916.10
20914.40 20916.10
20913.48 20915.28
20913.72 20915.53
20913.72 20915.53
20913.71 20915.54
20913.71 20915.54
20913.71 20915.54
20913.71 20915.54
20913.71 20915.54
20913.71 20915.54
20913.71 20915.54
20913.71 20915.54
20913.71 20915.54
20913.71 20915.54
20913.71 20915.54
20913.71 20915.54
20913.71 20915.54
20913.71 20915.54
20913.65 20915.36
20912.03 20913.98
20912.03 20913.98
20912.03 20913.98
20912.53 20914.48
20912.65 20914.35
20912.65 20914.35
20914.14 20915.61
20914.14 20915.61
20914.14 20915.61
20913.53 20915.48
20913.53 20915.48
20913.53 20915.48
20913.47 20915.28
20913.47 20915.28
20913.47 20915.28
20912.23 20914.03
20911.88 20914.12
20911.88 20914.12
20911.47 20913.28
20909.47 20911.28
20909.47 20911.28
20909.71 20911.54
20909.71 20911.54
20909.81 20910.44
20909.81 20910.44
20909.03 20910.97
20908.98 20910.78
20908.98 20910.78
20908.98 20910.78
20908.12 20910.64
20907.39 20908.86
20907.39 20908.86
20907.39 20908.86
20906.89 20908.36
20906.89 20908.36
20906.90 20908.60
20906.90 20908.60
20910.15 20911.85
20910.15 20911.85
20911.15 20912.86
20911.15 20912.86
20911.15 20912.86
20911.72 20913.53
20911.72 20913.53
20911.72 20913.53
20911.72 20913.53
20911.91 20913.60
20911.91 20913.60
20911.91 20913.60
20911.65 20913.35
20911.65 20913.35
20910.53 20912.47
20908.78 20910.73
20908.78 20910.73
20908.78 20910.73
20909.47 20911.28
20908.21 20910.04
20908.21 20910.04
20910.14 20911.61
20910.14 20911.61
20910.14 20911.61
20910.14 20911.61
20910.14 20911.61
20909.89 20911.61
20909.89 20911.61
20909.72 20911.53
20909.72 20911.53
20909.73 20911.53
20909.73 20911.53
20911.63 20913.13
20911.63 20913.13
20912.15 20913.85
20912.15 20913.85
20911.28 20913.23
20911.28 20913.23
20911.28 20913.23
20911.53 20913.47
20911.21 20913.04
20911.21 20913.04
20911.21 20913.04
20911.21 20913.04
20910.98 20912.78
20910.98 20912.78
20910.96 20912.79
20910.96 20912.79
20911.21 20913.04
20911.21 20913.04
20909.15 20910.86
20908.98 20910.78
20908.98 20910.78
20909.23 20911.03
20909.23 20911.03
20909.23 20911.03
20909.23 20911.03
20909.22 20911.03
20909.22 20911.03
20909.41 20911.10
20909.41 20911.10
20909.41 20911.10
20909.46 20911.29
20910.15 20911.85
20910.15 20911.85
20910.15 20911.85
20908.41 20910.09
20908.41 20910.09
20908.41 20910.09
20908.39 20910.11
20908.39 20910.11
20908.66 20910.34
20908.66 20910.34
20908.53 20910.47
20908.53 20910.47
20908.14 20909.86
20908.14 20909.86
20908.23 20910.03
20906.97 20908.78
20906.97 20908.78
20906.40 20908.10
20906.38 20907.87
20906.38 20907.87
20906.38 20907.87
20906.38 20907.87
20906.40 20908.10
20904.16 20905.85
20904.16 20905.85
20903.78 20905.72
20903.78 20905.72
20903.40 20905.10
20903.40 20905.10
20903.42 20904.58
20903.42 20904.58
20902.03 20903.98
20901.66 20903.35
20901.66 20903.35
20902.47 20904.28
20902.47 20904.28
20902.64 20904.11
20902.64 20904.11
20902.53 20904.48
20903.22 20905.03
20903.22 20905.03
20903.23 20905.03
20903.23 20905.03
20903.23 20905.03
20902.98 20904.78
20903.14 20904.86
20903.14 20904.86
20901.73 20903.53
20901.97 20903.78
20901.97 20903.78
20900.21 20902.04
20900.21 20902.04
20900.16 20901.84
20900.16 20901.84
20900.13 20901.63
20899.97 20901.78
20899.97 20901.78
20900.15 20901.86
20900.15 20901.86
20899.62 20901.13
20899.97 20901.78
20899.97 20901.78
20900.63 20902.13
20899.72 20901.53
20899.72 20901.53
20899.91 20901.60
20899.91 20901.60
20900.13 20901.63
20900.13 20901.63
20898.71 20900.54
20898.71 20900.54
20898.73 20900.53
20898.73 20900.53
20898.64 20900.36
20898.64 20900.36
20898.64 20900.36
20899.03 20900.97
20899.03 20900.97
20899.28 20901.23
20899.72 20901.53
20899.72 20901.53
20900.22 20902.03
20900.22 20902.03
20900.15 20901.86
20900.15 20901.86
20899.98 20901.78
20899.98 20901.78
20899.71 20901.54
20899.71 20901.54
20899.46 20901.29
20899.46 20901.29
20899.53 20901.47
20899.53 20901.47
20899.53 20901.47
20899.73 20901.53
20899.73 20901.53
20899.53 20901.48
20899.53 20901.47
20899.53 20901.47
20899.78 20901.72
20899.78 20901.72
20899.78 20901.72
20899.83 20901.92
20901.31 20901.94
20901.31 20901.94
20900.03 20901.98
20900.03 20901.98
20900.03 20901.98
20899.40 20901.11
20899.40 20901.11
20899.40 20901.11
20898.90 20900.61
20898.90 20900.61
20901.47 20903.28
20901.47 20903.28
20901.23 20903.03
20901.23 20903.03
20901.23 20903.03
20901.23 20903.03
20901.03 20902.98
20901.22 20903.03
20901.22 20903.03
20901.46 20903.29
20901.46 20903.29
20899.72 20901.53
20899.72 20901.53
20900.23 20902.03
20900.23 20902.03
20900.23 20902.03
20900.23 20902.03
20900.14 20901.61
20900.14 20901.61
20899.97 20901.78
20899.97 20901.78
20899.90 20901.60
20899.90 20901.60
20900.03 20901.97
20900.72 20902.53
20900.72 20902.53
20900.89 20902.61
20900.89 20902.61
20900.90 20902.61
20900.90 20902.61
20898.72 20900.53
20898.12 20899.63
20898.12 20899.63
20898.05 20898.70
20898.16 20899.35
20898.16 20899.35
20898.16 20899.35
20898.16 20899.35
20897.66 20899.34
20897.66 20899.34
20897.65 20899.35
20898.46 20900.29
20898.46 20900.29
20898.48 20900.28
20898.48 20900.28
20898.89 20900.61
20898.89 20900.61
20898.89 20900.61
20899.15 20900.86
20899.15 20900.86
20898.91 20900.60
20898.91 20900.60
20898.14 20899.86
20898.14 20899.86
20897.66 20899.35
20897.66 20899.35
20896.73 20898.53
20896.73 20898.53
20896.63 20898.12
20896.63 20898.12
20896.72 20898.53
20896.72 20898.53
20896.96 20898.79
20896.78 20898.72
20896.78 20898.72
20897.14 20898.86
20897.28 20899.23
20897.28 20899.23
20897.98 20899.78
20897.98 20899.78
20898.47 20900.28
20898.47 20900.28
20898.73 20900.53
20898.73 20900.53
20898.53 20900.48
20898.53 20900.48
20898.72 20900.53
20898.72 20900.53
20898.78 20900.72
20899.21 20901.04
20899.21 20901.04
20899.40 20901.10
20899.40 20901.10
20899.65 20901.36
20899.65 20901.36
20899.91 20901.60
20899.97 20901.78
20899.97 20901.78
20899.90 20901.60
20899.90 20901.60
20899.90 20901.60
20899.90 20901.60
20899.90 20901.60
20899.89 20901.61
20899.91 20901.59
20899.91 20901.59
20898.53 20900.47
20898.53 20900.47
20900.13 20901.62
20900.13 20901.62
20900.16 20901.84
20900.16 20901.84
20899.93 20901.08
20899.93 20901.08
20899.89 20901.61
