20890.46 20892.29
20890.46 20892.29
20890.46 20892.29
20890.46 20892.29
20890.46 20892.29
20890.46 20892.29
20890.41 20892.10
20890.40 20892.10
20890.40 20892.10
20891.13 20892.63
20891.13 20892.63
20891.13 20892.63
20891.13 20892.63
20891.13 20892.63
20891.13 20892.63
20891.16 20892.34
20891.16 20892.34
20891.16 20892.34
20891.16 20892.34
20891.16 20892.34
20890.14 20891.61
20890.14 20891.61
20889.91 20891.59
20889.91 20891.59
20890.87 20892.38
20891.14 20892.86
20891.14 20892.86
20891.66 20893.35
20892.14 20893.61
20892.14 20893.61
20893.87 20895.38
20893.87 20895.38
20894.12 20895.63
20893.89 20895.36
20893.89 20895.36
20893.16 20894.85
20893.16 20894.85
20893.66 20895.34
20893.88 20895.38
20893.88 20895.38
20894.39 20895.86
20894.39 20895.86
20893.91 20895.60
20893.91 20895.60
20893.89 20895.36
20893.89 20895.36
20893.91 20895.60
20893.87 20895.38
20893.87 20895.38
20892.87 20894.38
20892.87 20894.38
20893.41 20894.59
20893.41 20894.59
20893.39 20894.86
20893.39 20894.86
20893.39 20894.86
20893.39 20894.86
20893.39 20894.86
20893.16 20894.84
20893.16 20894.84
20893.16 20894.84
20893.16 20894.84
20893.16 20894.84
20893.38 20894.88
20893.38 20894.88
20893.38 20894.88
20893.38 20894.88
20892.66 20894.35
20892.66 20894.35
20894.16 20895.84
20894.16 20895.84
20893.89 20895.36
20893.89 20895.36
20893.64 20895.36
20893.64 20895.36
20893.87 20895.38
20893.87 20895.38
20894.14 20895.61
20894.14 20895.61
20894.37 20895.88
20894.81 20895.44
20894.81 20895.44
20895.71 20897.54
20895.71 20897.54
20894.91 20896.60
20894.91 20896.60
20895.41 20897.09
20895.89 20897.36
20895.89 20897.36
20895.72 20897.53
20895.72 20897.53
20895.72 20897.53
20895.72 20897.53
20895.88 20897.38
20895.88 20897.38
20895.46 20897.29
20895.88 20897.38
20895.88 20897.38
20896.90 20898.60
20896.90 20898.60
20898.39 20899.86
20898.39 20899.86
20899.66 20901.35
20899.66 20901.35
20899.66 20901.35
20899.66 20901.35
20900.16 20901.34
20900.16 20901.34
20900.15 20901.85
20900.15 20901.85
20899.64 20901.11
20899.64 20901.11
20899.92 20901.08
20899.92 20901.08
20899.92 20901.08
20899.92 20901.08
20899.92 20901.08
20899.92 20901.08
20899.13 20900.63
20899.13 20900.63
20897.66 20899.35
20897.66 20899.35
20898.14 20899.86
20898.14 20899.86
20898.91 20900.60
20898.91 20900.60
20898.91 20900.60
20898.41 20900.10
20898.62 20900.13
20898.62 20900.13
20898.41 20900.10
20898.41 20900.10
20898.42 20899.58
20898.42 20899.58
20898.42 20899.58
20898.15 20899.85
20898.15 20899.85
20898.62 20900.13
20898.73 20900.53
20898.73 20900.53
20898.73 20900.53
20898.47 20900.28
20898.47 20900.28
20898.47 20900.28
20898.48 20900.28
20898.48 20900.28
20898.48 20900.28
20898.47 20900.28
20898.21 20900.04
20898.21 20900.04
20896.89 20898.36
20896.87 20898.38
20896.87 20898.38
20897.12 20898.63
20897.12 20898.63
20897.63 20899.13
20898.42 20899.58
20898.42 20899.58
20897.41 20899.09
20897.41 20899.09
20897.41 20899.09
20898.16 20899.85
20897.91 20899.60
20897.91 20899.60
20897.73 20899.53
20897.73 20899.53
20897.66 20899.35
20897.66 20899.35
20897.66 20899.35
20897.88 20899.38
20897.88 20899.38
20897.88 20899.38
20897.88 20899.38
20897.66 20899.35
20897.66 20899.35
20897.16 20898.85
20897.16 20898.85
20897.21 20899.04
20897.47 20899.28
20897.47 20899.28
20897.47 20899.28
20897.47 20899.28
20897.47 20899.28
20897.89 20899.36
20897.89 20899.36
20897.40 20899.11
20897.40 20899.11
20897.63 20899.12
20897.63 20899.12
20897.64 20899.36
20897.64 20899.36
20897.23 20899.03
20897.23 20899.03
20897.23 20899.03
20897.41 20899.09
20897.41 20899.09
20897.64 20899.36
20897.64 20899.36
20897.64 20899.36
20899.39 20900.86
20897.96 20899.79
20897.96 20899.79
20897.41 20899.10
20897.41 20899.10
20897.41 20899.09
20897.41 20899.09
20897.41 20899.10
20897.41 20899.10
20897.47 20899.28
20897.47 20899.28
20897.47 20899.28
20897.89 20899.36
20897.89 20899.36
20897.89 20899.36
20898.22 20900.03
20898.22 20900.03
20898.22 20900.03
20898.41 20900.09
20898.41 20900.09
20898.62 20900.13
20898.62 20900.13
20898.62 20900.13
20898.62 20900.13
20899.18 20900.33
20899.18 20900.33
20898.48 20900.28
20898.48 20900.28
20898.40 20900.10
20898.38 20899.87
20898.38 20899.87
20897.66 20899.35
20897.66 20899.35
20897.37 20898.88
20897.64 20899.11
20897.64 20899.11
20897.64 20899.11
20897.39 20898.86
20897.39 20898.86
20897.48 20899.28
20897.48 20899.28
20897.48 20899.28
20897.48 20899.28
20897.48 20899.28
20897.48 20899.28
20897.38 20898.88
20897.38 20898.88
20897.38 20898.88
20897.41 20899.09
20897.63 20899.13
20897.63 20899.13
20897.71 20899.54
20898.39 20900.11
20898.39 20900.11
20898.39 20900.11
20898.39 20900.11
20898.21 20900.04
20898.37 20899.88
20898.37 20899.88
20898.37 20899.88
20897.97 20899.78
20897.97 20899.78
20898.16 20899.85
20898.16 20899.85
20898.14 20899.61
20898.14 20899.61
20897.40 20899.11
20897.40 20899.11
20897.40 20899.11
20897.40 20899.11
20897.40 20899.11
20897.40 20899.11
20897.39 20898.86
20897.39 20898.86
20897.68 20898.83
20897.68 20898.83
20897.68 20898.83
20897.23 20899.03
20897.23 20899.03
20897.23 20899.03
20897.37 20898.88
20897.37 20898.88
20895.37 20896.88
20895.37 20896.88
20894.91 20896.59
20894.63 20896.13
20894.63 20896.13
20893.72 20895.53
20893.72 20895.53
20894.64 20896.11
20895.14 20896.61
20895.14 20896.61
20895.14 20896.61
20895.14 20896.61
20895.14 20896.61
20894.91 20896.60
20894.91 20896.60
20895.16 20896.84
20895.12 20896.63
20895.12 20896.63
20894.66 20896.35
20894.66 20896.35
20894.64 20896.36
20894.64 20896.36
20894.64 20896.36
20894.64 20896.36
20894.22 20896.03
20894.22 20896.03
20895.03 20896.98
20895.03 20896.98
20895.65 20897.36
20895.90 20897.60
20895.90 20897.60
20895.90 20897.60
20896.39 20897.86
20896.65 20898.36
20896.65 20898.36
20895.91 20897.59
20895.91 20897.59
20895.21 20897.04
20894.53 20896.48
20894.53 20896.48
20894.96 20896.79
20894.96 20896.79
20895.66 20897.35
20895.41 20897.10
20895.41 20897.10
20895.41 20897.10
20895.41 20897.10
20895.03 20896.98
20895.03 20896.98
20895.03 20896.98
20895.03 20896.98
20895.66 20896.85
20895.66 20896.85
20895.67 20896.83
20894.47 20896.28
20894.47 20896.28
20894.47 20896.28
20894.73 20896.53
20894.73 20896.53
20895.17 20896.33
20896.65 20898.36
20896.65 20898.36
20896.89 20898.36
20896.14 20897.86
20896.14 20897.86
20895.88 20897.38
20896.17 20897.33
20896.17 20897.33
20895.88 20897.38
20895.88 20897.38
20895.89 20897.36
20895.89 20897.36
20896.12 20897.63
20896.12 20897.63
20896.12 20897.63
20896.12 20897.63
20896.15 20897.86
20895.89 20897.36
20895.89 20897.36
20896.14 20897.61
20896.14 20897.61
20896.22 20898.03
20896.22 20898.03
20896.22 20898.03
20896.41 20898.09
20896.41 20898.09
20896.41 20898.09
20896.38 20897.87
20896.38 20897.87
20896.41 20897.59
20896.41 20897.59
20896.41 20898.10
20896.41 20898.10
20896.39 20898.11
20896.16 20897.84
20896.16 20897.84
20896.16 20897.84
20896.16 20897.84
20896.14 20897.61
20896.14 20897.86
20896.14 20897.86
20896.23 20898.03
20896.23 20898.03
20896.88 20898.38
20896.88 20898.38
20897.66 20899.35
20898.13 20899.63
20898.13 20899.63
20898.13 20899.63
20898.13 20899.63
20898.64 20900.11
20898.64 20900.11
20896.87 20898.38
20896.87 20898.38
20897.39 20898.86
20897.39 20898.86
20897.37 20898.88
20897.37 20898.88
20897.14 20898.61
20897.14 20898.61
20897.14 20898.61
20897.14 20898.61
20897.16 20898.85
20897.16 20898.85
20897.40 20899.11
20897.40 20899.11
20898.39 20899.86
20898.39 20899.86
20898.39 20899.86
20898.39 20899.86
20897.91 20899.59
20898.13 20899.63
20898.13 20899.63
20898.17 20899.33
20898.17 20899.33
20897.64 20899.11
20897.21 20899.04
20897.21 20899.04
20897.22 20899.03
20897.22 20899.03
20897.22 20899.03
20897.22 20899.03
20897.22 20899.03
20897.15 20898.85
20897.41 20899.10
20897.41 20899.10
20897.41 20899.10
20897.41 20899.10
20897.66 20899.35
20898.38 20899.88
20898.38 20899.88
20898.38 20899.88
20898.14 20899.61
20898.14 20899.61
20898.16 20899.85
20898.16 20899.85
20898.13 20899.63
20898.13 20899.63
20898.13 20899.63
20898.13 20899.63
20898.13 20899.63
20898.13 20899.63
20898.13 20899.63
20898.13 20899.63
20898.56 20899.19
20898.56 20899.19
20897.39 20898.86
20896.64 20898.11
20896.64 20898.11
20896.66 20898.35
20896.66 20898.35
20896.87 20898.38
20896.63 20898.12
20896.63 20898.12
20896.66 20898.35
20896.23 20898.03
20896.23 20898.03
20896.63 20898.13
20896.63 20898.13
20896.48 20898.28
20896.48 20898.28
20896.38 20897.88
20896.38 20897.88
20896.38 20897.88
20895.66 20897.35
20895.64 20897.36
20895.64 20897.36
20895.64 20897.36
20895.89 20897.36
20895.89 20897.36
20895.89 20897.36
20895.89 20897.36
20896.03 20897.97
20895.90 20897.60
20895.90 20897.60
20895.63 20897.12
20895.63 20897.12
20895.63 20897.12
20895.63 20897.12
20895.88 20897.37
20896.13 20897.62
20896.13 20897.62
20896.65 20898.35
20896.39 20898.11
20896.39 20898.11
20896.38 20897.87
20896.38 20897.87
20896.38 20897.87
20897.13 20898.63
20897.13 20898.63
20896.91 20898.59
20896.91 20898.59
20896.90 20898.60
20896.90 20898.60
20897.64 20899.11
20897.64 20899.11
20897.41 20899.10
20897.67 20898.84
20897.67 20898.84
20897.62 20899.13
20897.62 20899.13
20897.65 20899.36
20897.65 20899.36
20896.89 20898.61
20895.63 20897.12
20895.63 20897.12
20895.87 20897.38
20895.87 20897.38
20895.87 20897.38
20895.87 20897.38
20895.65 20897.36
20895.89 20897.61
20895.89 20897.61
20895.89 20897.61
20895.63 20897.12
20895.63 20897.12
20895.63 20897.12
20895.47 20897.28
20895.47 20897.28
20895.41 20897.09
20895.21 20897.04
20895.21 20897.04
20895.16 20896.84
20895.16 20896.84
20895.38 20896.88
20895.38 20896.88
20895.41 20896.59
20895.41 20896.59
20893.38 20894.88
20893.40 20895.10
20893.40 20895.10
20892.38 20893.88
20892.38 20893.88
20892.48 20894.28
20892.48 20894.28
20892.64 20894.36
20892.64 20894.36
20892.39 20894.11
20892.39 20894.11
20892.46 20894.29
20892.46 20894.29
20892.66 20894.35
20892.66 20894.35
20893.16 20894.84
20893.16 20894.84
20892.65 20894.35
20892.65 20894.35
20892.65 20894.35
20892.88 20894.37
20892.88 20894.37
20892.91 20894.60
20892.91 20894.60
20892.91 20894.60
20892.63 20894.12
20892.63 20894.12
20892.63 20894.13
20892.63 20894.13
20892.39 20893.86
20892.39 20893.86
20892.39 20893.86
20892.22 20894.03
20892.22 20894.03
20892.22 20894.03
20892.39 20893.86
20892.39 20893.86
20892.62 20894.13
20892.31 20892.94
20892.31 20892.94
20892.31 20892.94
20892.13 20893.63
20889.90 20891.60
20889.90 20891.60
20890.21 20892.04
20890.21 20892.04
20890.23 20892.03
20890.41 20892.10
20890.41 20892.10
20890.23 20892.03
20890.23 20892.03
20890.23 20892.03
20890.16 20891.84
20890.15 20891.85
20890.15 20891.85
20892.41 20894.09
20892.41 20894.10
20892.41 20894.10
20892.23 20894.03
20892.23 20894.03
20892.64 20894.11
20892.64 20894.11
20892.62 20894.13
20892.62 20894.13
20892.66 20894.35
20892.66 20894.35
20892.63 20894.13
20892.63 20894.13
20893.31 20893.94
20893.31 20893.94
20892.39 20893.86
20892.39 20893.86
20892.88 20894.37
20892.88 20894.37
20892.88 20894.37
20892.88 20894.37
20892.64 20894.36
20892.63 20894.12
20892.63 20894.12
20892.63 20894.12
20892.39 20893.86
20892.39 20893.86
20892.38 20893.87
20892.38 20893.87
20892.38 20893.87
20892.38 20893.87
20893.88 20895.37
20893.88 20895.37
20893.65 20895.36
20893.65 20895.36
20894.62 20896.13
20894.62 20896.13
20894.63 20896.12
