20972.89 20974.36
20972.89 20974.36
20972.38 20973.88
20972.38 20973.88
20972.39 20973.86
20972.39 20973.86
20972.39 20973.86
20972.39 20973.86
20974.06 20974.69
20974.06 20974.69
20973.40 20975.10
20973.40 20975.10
20974.66 20975.84
20974.66 20975.84
20974.66 20975.84
20974.66 20975.84
20974.66 20975.84
20975.13 20976.62
20975.13 20976.62
20975.62 20977.13
20975.62 20977.13
20974.64 20976.11
20974.64 20976.11
20974.68 20975.83
20975.31 20975.94
20975.31 20975.94
20975.16 20976.34
20975.16 20976.34
20974.43 20975.58
20974.43 20975.58
20974.39 20975.86
20974.39 20975.86
20975.56 20976.20
20975.56 20976.20
20975.81 20976.44
20976.42 20977.59
20976.42 20977.59
20975.66 20976.84
20975.64 20977.11
20975.64 20977.11
20975.64 20977.11
20975.66 20976.84
20975.66 20976.84
20975.88 20977.37
20975.88 20977.37
20976.62 20978.13
20976.62 20978.13
20976.91 20978.09
20976.91 20978.09
20975.91 20977.09
20975.66 20976.84
20975.66 20976.84
20976.17 20977.34
20976.64 20978.11
20976.64 20978.11
20977.16 20978.34
20977.37 20978.88
20977.37 20978.88
20976.92 20978.09
20976.92 20978.09
20978.17 20979.34
20978.66 20979.85
20978.66 20979.85
20978.66 20979.85
20979.56 20980.19
20979.56 20980.19
20979.92 20981.09
20979.92 20981.09
20979.30 20979.95
20979.30 20979.95
20979.91 20981.09
20979.91 20981.09
20980.16 20981.35
20980.16 20981.34
20980.16 20981.34
20977.87 20979.38
20978.64 20980.11
20978.64 20980.11
20978.87 20980.38
20978.87 20980.38
20979.16 20980.35
20980.66 20981.84
20980.66 20981.84
20981.40 20982.60
20981.66 20982.84
20981.66 20982.84
20980.93 20982.08
20980.63 20982.12
20980.63 20982.12
20981.38 20982.87
20980.68 20981.83
20980.68 20981.83
20980.66 20981.85
20980.66 20981.85
20979.14 20980.61
20978.63 20980.13
20978.63 20980.13
20978.63 20980.13
20978.91 20980.10
20978.66 20979.84
20978.66 20979.84
20978.68 20979.83
20978.93 20980.08
20978.93 20980.08
20978.41 20979.59
20978.41 20979.59
20978.63 20980.12
20978.63 20980.12
20978.41 20979.59
20978.41 20979.59
20978.42 20979.59
20978.12 20979.63
20978.12 20979.63
20978.17 20979.34
20978.17 20979.34
20976.42 20977.59
20976.42 20977.59
20976.63 20978.13
20976.64 20978.11
20976.64 20978.11
20976.89 20978.36
20976.88 20978.37
20976.88 20978.37
20976.66 20977.84
20976.66 20977.84
20976.66 20977.84
20976.43 20977.58
20976.43 20977.58
20977.12 20978.63
20977.67 20978.83
20977.67 20978.83
20977.39 20978.86
20977.39 20978.86
20977.91 20979.09
20977.91 20979.09
20977.89 20979.36
20977.89 20979.36
20977.89 20979.36
20977.81 20978.44
20978.67 20979.84
20978.67 20979.84
20977.88 20979.37
20977.88 20979.37
20978.15 20979.35
20978.15 20979.35
20978.56 20979.19
20978.56 20979.19
20978.67 20979.84
20978.67 20979.84
20978.66 20979.84
20978.63 20980.12
20978.63 20980.12
20978.92 20980.09
20978.92 20980.09
20978.91 20980.09
20978.89 20980.36
20978.89 20980.36
20978.89 20980.36
20980.16 20981.35
20980.81 20981.44
20980.81 20981.44
20980.93 20982.08
20979.39 20980.86
20979.39 20980.86
20980.66 20981.84
20980.66 20981.84
20980.14 20981.61
20980.14 20981.61
20980.14 20981.61
20981.16 20982.35
20981.16 20982.35
20980.88 20982.38
20980.88 20982.38
20981.18 20982.33
20981.67 20982.84
20981.67 20982.84
20981.67 20982.84
20981.41 20982.59
20981.41 20982.59
20981.67 20982.84
20981.67 20982.84
20980.88 20982.37
20980.88 20982.37
20982.06 20982.69
20982.06 20982.69
20981.92 20983.09
20981.92 20983.09
20982.37 20983.88
20982.37 20983.88
20982.42 20983.58
20982.14 20983.61
20982.14 20983.61
20981.89 20983.36
20982.39 20983.86
20982.39 20983.86
20982.56 20983.19
20982.92 20984.08
20982.92 20984.08
20983.30 20983.95
20983.30 20983.95
20983.06 20983.69
20982.39 20983.86
20982.39 20983.86
20982.39 20983.86
20983.06 20983.69
20983.06 20983.69
20982.92 20984.09
20982.16 20983.34
20982.16 20983.34
20981.17 20982.34
20981.17 20982.34
20982.41 20983.59
20982.17 20983.34
20982.17 20983.34
20982.17 20983.34
20982.17 20983.34
20982.65 20983.85
20982.65 20983.85
20982.66 20983.85
20982.66 20983.84
20982.66 20983.84
20982.64 20984.11
20982.64 20984.11
20982.64 20984.11
20982.64 20984.11
20982.66 20983.84
20982.66 20983.84
20981.67 20982.84
20981.67 20982.84
20981.42 20982.59
20981.67 20982.83
20981.67 20982.83
20981.67 20982.84
20981.67 20982.84
20982.13 20983.63
20982.14 20983.61
20982.14 20983.61
20982.39 20983.86
20982.64 20984.11
20982.64 20984.11
20983.66 20984.84
20983.66 20984.84
20983.39 20984.86
20984.56 20985.19
20984.56 20985.19
20985.38 20986.87
20986.68 20987.83
20985.91 20987.09
20985.91 20987.09
20984.91 20986.09
20984.91 20986.09
20985.39 20986.86
20986.91 20988.09
20986.91 20988.09
20986.68 20987.83
20986.68 20987.83
20986.91 20988.09
20986.91 20988.09
20986.14 20987.61
20986.16 20987.34
20986.16 20987.34
20984.92 20986.09
20984.92 20986.09
20984.89 20986.36
20984.89 20986.36
20985.16 20986.34
20985.16 20986.34
20985.39 20986.86
20985.39 20986.86
20985.81 20986.44
20985.81 20986.44
20986.90 20988.10
20986.91 20988.59
20986.91 20988.59
20986.66 20987.84
20986.89 20988.36
20986.89 20988.36
20987.14 20988.61
20987.14 20988.61
20986.16 20987.34
20986.16 20987.34
20987.13 20988.63
20987.64 20989.11
20987.64 20989.11
20988.14 20989.61
20988.14 20989.61
20988.41 20989.59
20989.05 20989.70
20989.05 20989.70
20988.68 20989.83
20988.66 20989.84
20988.66 20989.84
20988.66 20989.84
20988.63 20990.12
20988.63 20990.12
20988.66 20989.85
20988.66 20989.85
20988.66 20989.85
20988.37 20989.88
20988.68 20989.83
20988.68 20989.83
20988.68 20989.83
20988.67 20989.84
20988.13 20989.63
20988.13 20989.63
20987.64 20989.11
20987.64 20989.11
20987.92 20989.09
20987.92 20989.09
20987.16 20988.34
20987.16 20988.34
20987.91 20989.09
20987.91 20989.09
20988.16 20989.35
20988.16 20989.35
20988.38 20989.87
20988.38 20989.87
20988.62 20990.13
20988.62 20990.13
20988.64 20990.11
20988.64 20990.11
20987.67 20988.84
20987.67 20988.84
20987.67 20988.84
20987.80 20988.45
20986.64 20988.11
20986.64 20988.11
20985.66 20986.84
20986.14 20987.61
20986.14 20987.61
20986.64 20988.11
20986.68 20987.83
20986.68 20987.83
20985.37 20986.88
20985.37 20986.88
20985.67 20986.84
20985.67 20986.84
20985.41 20986.59
20985.41 20986.59
20985.42 20986.58
20985.42 20986.58
20985.89 20987.36
20983.38 20984.87
20983.38 20984.87
20983.66 20984.84
20983.66 20984.84
20984.31 20984.95
20984.31 20984.95
20984.31 20984.95
20984.38 20985.88
20984.38 20985.88
20984.43 20985.58
20984.43 20985.58
20983.17 20984.34
20983.17 20984.34
20983.39 20984.86
20983.39 20984.86
20984.37 20985.88
20984.37 20985.88
20984.67 20985.83
20984.66 20985.84
20984.66 20985.84
20985.05 20985.70
20985.05 20985.70
20985.13 20986.62
20985.13 20986.62
20984.91 20986.09
20984.91 20986.09
20986.38 20987.87
20986.38 20987.87
20986.38 20987.87
20986.17 20987.34
20986.16 20987.34
20986.16 20987.34
20986.64 20988.11
20987.63 20989.13
20987.63 20989.13
20986.89 20988.36
20986.64 20988.11
20986.64 20988.11
20986.64 20988.11
20986.67 20987.84
20988.06 20988.69
20988.06 20988.69
20987.67 20988.84
20987.67 20988.84
20988.06 20988.69
20988.14 20989.61
20988.14 20989.61
20987.63 20989.12
20987.63 20989.12
20987.91 20989.09
20987.90 20989.10
20987.90 20989.10
20987.88 20989.37
20987.88 20989.37
20987.37 20988.88
20986.81 20987.44
20986.81 20987.44
20986.41 20987.59
20986.41 20987.59
20986.14 20987.61
20985.13 20986.63
20985.13 20986.63
20985.39 20986.86
20985.39 20986.86
20985.39 20986.86
20985.39 20986.86
20985.39 20986.86
20985.38 20986.87
20985.38 20986.87
20985.38 20986.87
20984.91 20986.09
20985.62 20987.13
20985.62 20987.13
20985.62 20987.13
20985.91 20987.09
20985.91 20987.09
20986.63 20988.12
20986.63 20988.12
20986.81 20987.44
20986.39 20987.86
20986.39 20987.86
20986.16 20987.34
20986.16 20987.34
20985.64 20987.11
20985.64 20987.11
20985.64 20987.11
20985.91 20987.09
20986.41 20987.59
20986.41 20987.59
20986.41 20987.59
20987.16 20988.34
20987.16 20988.34
20987.06 20987.69
20987.06 20987.69
20987.06 20987.69
20986.92 20988.08
20986.92 20988.08
20989.16 20990.34
20988.13 20989.62
20988.13 20989.62
20987.88 20989.37
20987.88 20989.37
20987.92 20989.09
20987.81 20988.44
20987.81 20988.44
20988.14 20989.61
20988.14 20989.61
20987.64 20989.11
20988.14 20989.61
20988.14 20989.61
20988.64 20990.11
20988.64 20990.11
20989.05 20989.70
20989.05 20989.70
20991.16 20992.34
20991.31 20991.94
20991.31 20991.94
20989.64 20991.11
20989.63 20991.12
20989.63 20991.12
20989.42 20990.58
20989.42 20990.58
20989.66 20990.84
20989.66 20990.84
20989.41 20990.59
20987.15 20988.35
20987.15 20988.35
20987.18 20988.33
20987.18 20988.33
20986.91 20988.10
20986.91 20988.10
20987.31 20987.94
20987.31 20987.94
20987.06 20987.70
20987.06 20987.70
20985.39 20986.86
20985.39 20986.86
20985.68 20986.83
20985.68 20986.83
20985.43 20986.58
20985.43 20986.58
20986.16 20987.34
20986.16 20987.34
20984.68 20985.83
20984.68 20985.83
20984.81 20985.44
20984.41 20985.59
20984.41 20985.59
20986.41 20987.60
20986.41 20987.59
20986.41 20987.59
20986.41 20987.59
20986.41 20987.59
20986.42 20987.59
20986.42 20987.59
20985.89 20987.36
20985.89 20987.36
20984.64 20986.11
20984.64 20986.11
20984.39 20985.86
20986.16 20987.35
20986.16 20987.35
20986.16 20987.35
20985.92 20987.08
20985.92 20987.08
20986.41 20987.59
20986.41 20987.59
20986.64 20988.11
20986.64 20988.11
20986.41 20987.59
20986.41 20987.59
20986.13 20987.62
20986.16 20987.35
20986.16 20987.35
20985.87 20987.38
20985.87 20987.38
20985.66 20986.85
20985.66 20986.85
20985.63 20987.13
20985.63 20987.13
20985.63 20987.13
20985.63 20987.13
20985.63 20987.13
20985.40 20986.60
20985.40 20986.60
20985.40 20986.60
20985.41 20986.59
20985.41 20986.59
20985.41 20986.59
20985.91 20987.09
20984.16 20985.34
20984.16 20985.34
20983.56 20984.19
20983.42 20984.59
20983.42 20984.59
20983.55 20984.20
20983.55 20984.20
20982.15 20983.35
20982.15 20983.35
20981.66 20982.85
20981.87 20983.38
20981.87 20983.38
20983.14 20984.61
20984.13 20985.62
20984.13 20985.62
20984.66 20985.84
20984.66 20985.84
20984.91 20986.09
20985.12 20986.63
20985.12 20986.63
20985.14 20986.61
20985.14 20986.61
20985.41 20986.59
20985.41 20986.59
20985.63 20987.13
20985.63 20987.13
20985.63 20987.13
20984.91 20986.09
20984.91 20986.09
20985.14 20986.61
20985.30 20985.95
20985.30 20985.95
20984.13 20985.62
20984.13 20985.62
20984.43 20985.58
20984.43 20985.58
20984.43 20985.58
20982.65 20983.85
20982.43 20983.58
20982.43 20983.58
20981.39 20982.86
20982.06 20982.69
20982.06 20982.69
20982.93 20984.08
20982.93 20984.08
20983.30 20983.95
20983.30 20983.95
20982.39 20983.86
20982.39 20983.86
20983.16 20984.34
20983.16 20984.34
20983.16 20984.34
20983.16 20984.35
20983.16 20984.34
20983.16 20984.34
20983.18 20984.33
20983.18 20984.33
20983.17 20984.34
20983.17 20984.34
20983.17 20984.34
20983.30 20983.95
20983.30 20983.95
20983.18 20984.33
20983.18 20984.33
20984.66 20985.84
20984.66 20985.84
20984.63 20986.12
20985.64 20987.11
20985.64 20987.11
20985.64 20987.11
20986.16 20987.34
20985.91 20987.09
20985.91 20987.09
20985.88 20987.37
20985.88 20987.37
20986.37 20987.88
20986.37 20987.88
20986.64 20988.11
20986.64 20988.11
20987.92 20989.09
20987.92 20989.09
20987.66 20988.85
20987.92 20989.09
20987.92 20989.09
20988.16 20989.34
20988.16 20989.34
20987.91 20989.09
20987.91 20989.09
20988.06 20988.70
20988.06 20988.70
