21025.88 21027.37
21025.88 21027.37
21028.63 21030.12
21027.89 21029.36
21027.89 21029.36
21032.31 21032.94
21032.16 21033.35
21032.16 21033.35
21031.88 21033.37
21031.88 21033.37
21030.37 21031.88
21030.39 21031.86
21030.39 21031.86
21027.91 21029.09
21028.12 21029.63
21028.12 21029.63
21025.92 21027.08
21024.13 21025.62
21024.13 21025.62
21024.91 21026.09
21026.41 21027.59
21026.41 21027.59
21027.16 21028.34
21027.16 21028.34
21027.17 21028.33
21027.63 21029.12
21027.63 21029.12
21027.63 21029.12
21028.12 21029.63
21028.12 21029.63
21028.14 21029.61
21028.14 21029.61
21027.41 21028.59
21026.63 21028.12
21027.37 21028.88
21027.37 21028.88
21025.14 21026.61
21025.14 21026.61
21023.88 21025.37
21024.15 21025.86
21024.15 21025.86
21024.12 21025.63
21024.14 21025.61
21024.14 21025.61
21024.14 21025.61
21024.66 21025.84
21023.42 21024.58
21023.42 21024.58
21023.41 21024.59
21022.41 21023.59
21022.41 21023.59
21022.41 21023.59
21021.38 21022.87
21022.13 21023.62
21022.13 21023.62
21017.13 21018.62
21017.63 21019.12
21017.63 21019.12
21016.42 21017.58
21016.42 21017.58
21015.87 21017.38
21018.16 21019.34
21018.16 21019.34
21018.13 21019.62
21017.41 21018.60
21017.41 21018.60
21018.89 21020.36
21017.16 21018.34
21014.67 21015.84
21014.67 21015.84
21013.38 21014.87
21013.38 21014.87
21014.66 21016.35
21014.14 21015.61
21014.14 21015.61
21013.63 21015.12
21013.63 21015.12
21013.38 21014.87
21013.63 21015.12
21013.63 21015.12
21014.37 21015.88
21014.38 21015.87
21014.38 21015.87
21014.40 21015.60
21014.40 21015.60
21013.90 21015.60
21013.90 21015.60
21013.38 21014.87
21016.41 21017.59
21016.41 21017.59
21015.89 21017.36
21015.92 21017.09
21015.92 21017.09
21015.13 21016.62
21015.13 21016.62
21014.41 21015.59
21014.41 21015.59
21014.42 21015.58
21014.17 21015.34
21014.17 21015.34
21014.16 21015.34
21012.89 21014.36
21012.89 21014.36
21015.63 21017.12
21014.41 21015.59
21014.41 21015.59
21015.63 21017.12
21013.13 21014.62
21013.13 21014.62
21014.37 21015.88
21014.14 21015.61
21014.14 21015.61
21014.37 21015.88
21014.37 21015.88
21015.38 21016.87
21016.66 21017.85
21016.66 21017.85
21017.42 21018.59
21015.88 21017.37
21015.88 21017.37
21015.16 21016.35
21016.42 21017.58
21016.42 21017.58
21015.14 21016.61
21015.89 21017.36
21015.89 21017.36
21016.16 21017.34
21016.16 21017.34
21015.88 21017.37
21015.88 21017.37
21015.38 21016.87
21015.67 21016.83
21015.67 21016.83
21015.38 21016.87
21015.38 21016.87
21016.41 21017.59
21016.41 21017.59
21015.13 21016.62
21015.65 21016.85
21015.65 21016.85
21013.66 21014.84
21013.91 21015.09
21013.91 21015.09
21013.88 21015.37
21011.39 21012.86
21011.39 21012.86
21010.66 21011.85
21010.63 21012.12
21010.63 21012.12
21009.41 21010.59
21009.41 21010.59
21008.88 21010.37
21006.64 21008.11
21006.64 21008.11
21006.88 21008.37
21008.41 21009.59
21008.41 21009.59
21006.66 21007.84
21006.13 21007.62
21006.13 21007.62
21006.41 21007.59
21007.37 21008.88
21007.37 21008.88
21008.41 21009.60
21008.88 21010.37
21008.88 21010.37
21008.38 21009.87
21008.38 21009.87
21007.38 21008.87
21007.37 21008.88
21007.37 21008.88
21006.16 21007.34
21006.16 21007.34
21006.66 21007.84
21006.64 21008.11
21006.64 21008.11
21005.41 21006.60
21004.91 21006.09
21004.91 21006.09
21004.38 21005.87
21005.87 21007.38
21005.87 21007.38
21005.16 21006.34
21003.88 21005.37
21003.88 21005.37
21002.30 21002.95
21002.30 21002.95
21002.63 21004.12
21002.91 21004.09
21002.91 21004.09
21001.41 21002.59
21001.62 21003.13
21001.62 21003.13
21002.13 21003.62
21001.39 21002.86
21001.39 21002.86
21002.88 21004.37
21002.63 21004.12
21002.63 21004.12
21002.64 21004.11
21002.64 21004.11
21003.41 21004.59
21003.41 21004.59
21001.89 21003.36
21001.89 21003.36
21002.16 21003.35
21003.41 21004.59
21003.41 21004.59
21002.66 21003.84
21001.63 21003.12
21001.63 21003.12
21004.17 21005.33
21002.16 21003.35
21002.16 21003.35
21002.91 21004.09
21002.91 21004.09
21003.91 21005.09
21004.42 21005.58
21004.42 21005.58
21004.15 21005.35
21004.64 21006.11
21004.64 21006.11
21005.88 21007.37
21003.88 21005.37
21003.88 21005.37
21003.41 21004.59
21003.41 21004.59
21001.37 21002.88
21001.37 21002.88
21001.17 21002.33
21001.17 21002.33
21001.89 21003.36
21001.91 21003.10
21001.91 21003.10
21002.89 21004.36
21002.89 21004.36
21001.38 21002.87
20999.41 21000.59
20999.41 21000.59
21001.41 21002.59
21002.38 21003.87
21002.38 21003.87
21003.91 21005.09
21004.67 21005.83
21004.67 21005.83
21003.62 21005.13
21003.38 21004.87
21003.38 21004.87
21002.87 21004.38
21002.87 21004.38
21002.91 21004.09
21002.91 21004.09
21003.38 21004.87
21005.65 21006.85
21005.65 21006.85
21006.13 21007.62
21006.13 21007.62
21006.41 21007.59
21008.41 21009.60
21008.41 21009.60
21006.87 21008.38
21006.87 21008.38
21007.91 21009.09
21007.88 21009.37
21007.88 21009.37
21007.81 21008.44
21007.13 21008.62
21007.13 21008.62
21008.39 21009.86
21008.39 21009.86
21007.66 21008.84
21007.63 21009.12
21009.39 21011.11
21009.39 21011.11
21009.56 21010.19
21009.56 21010.19
21009.38 21010.87
21009.13 21010.62
21009.13 21010.62
21010.41 21011.59
21011.92 21013.08
21011.92 21013.08
21011.14 21012.61
21009.66 21010.84
21009.66 21010.84
21007.14 21008.61
21007.14 21008.61
21006.37 21007.88
21006.38 21007.87
21006.38 21007.87
21006.38 21007.87
21006.62 21008.13
21006.62 21008.13
21006.41 21007.60
21006.41 21007.60
21005.87 21007.38
21005.87 21007.38
21004.88 21006.37
21004.88 21006.37
21005.89 21007.36
21005.89 21007.36
21007.38 21008.87
21008.16 21009.34
21008.66 21009.84
21008.66 21009.84
21008.66 21009.84
