20880.98 20882.78
20880.98 20882.78
20880.98 20882.78
20880.98 20882.78
20881.10 20883.90
20881.10 20883.90
20881.10 20883.90
20882.48 20884.28
20882.48 20884.28
20882.96 20884.79
20882.96 20884.79
20882.96 20884.79
20882.96 20884.79
20882.96 20884.79
20882.96 20884.79
20882.96 20884.79
20882.53 20884.47
20882.53 20884.47
20882.53 20884.48
20882.53 20884.48
20882.88 20885.12
20882.88 20885.12
20883.88 20885.37
20883.88 20885.37
20883.88 20885.37
20881.66 20883.35
20881.65 20883.35
20881.65 20883.35
20881.28 20883.23
20881.28 20883.23
20880.89 20882.61
20880.89 20882.61
20880.89 20882.61
20880.22 20882.03
20880.22 20882.03
20880.46 20882.29
20880.46 20882.29
20880.23 20882.03
20880.23 20882.03
20880.23 20882.03
20880.23 20882.03
20880.41 20882.10
20880.41 20882.10
20880.15 20881.86
20880.15 20881.86
20880.21 20882.04
20880.21 20882.04
20880.21 20882.04
20880.21 20882.04
20880.21 20882.04
20880.21 20882.04
20880.03 20881.97
20880.03 20881.97
20880.03 20881.97
20880.03 20881.97
20880.28 20882.22
20880.28 20882.22
20880.28 20882.22
20880.28 20882.22
20879.91 20881.59
20879.91 20881.59
20878.03 20879.98
20878.03 20879.98
20878.28 20880.23
20879.16 20880.85
20879.16 20880.85
20879.38 20880.87
20879.38 20880.87
20879.28 20881.22
20879.28 20881.22
20879.28 20881.22
20879.28 20881.23
20879.28 20881.23
20879.53 20881.47
20879.53 20881.47
20879.53 20881.47
20879.53 20881.47
20879.47 20881.28
20879.47 20881.28
20879.28 20881.22
20879.22 20881.03
20879.22 20881.03
20878.41 20880.10
20878.41 20880.10
20877.83 20879.92
20877.83 20879.92
20877.83 20879.92
20877.83 20879.92
20877.71 20879.54
20877.71 20879.54
20877.78 20879.73
20877.14 20878.61
20877.14 20878.61
20876.96 20878.79
20876.96 20878.79
20877.03 20878.98
20877.21 20879.04
20877.21 20879.04
20877.21 20879.04
20877.21 20879.04
20877.21 20879.04
20877.21 20879.04
20877.21 20879.04
20877.21 20879.04
20877.21 20879.04
20877.28 20879.23
20878.41 20880.10
20878.41 20880.10
20878.41 20880.10
20878.41 20880.10
20878.41 20880.10
20878.41 20880.10
20878.22 20880.03
20878.22 20880.03
20878.22 20880.03
20878.22 20880.03
20878.22 20880.03
20878.03 20879.97
20878.03 20879.97
20878.03 20879.97
20877.98 20879.78
20877.98 20879.78
20877.96 20879.79
20877.96 20879.79
20877.96 20879.79
20877.89 20879.61
20877.89 20879.61
20877.78 20879.72
20877.78 20879.72
20877.78 20879.72
20877.98 20879.78
20877.98 20879.78
20877.98 20879.78
20877.98 20879.78
20877.98 20879.78
20877.98 20879.78
20877.96 20879.79
20877.96 20879.79
20877.96 20879.79
20877.78 20879.73
20878.21 20880.04
20878.21 20880.04
20879.03 20880.97
20880.66 20882.34
20880.66 20882.34
20880.66 20882.34
20880.65 20882.35
20880.65 20882.35
20881.28 20883.22
20880.78 20882.73
20880.78 20882.73
20880.41 20882.09
20880.41 20882.09
20880.41 20882.09
20880.03 20881.97
20880.03 20881.97
20880.03 20881.98
20880.03 20881.98
20880.03 20881.98
20880.03 20881.98
20880.03 20881.98
20880.53 20882.48
20880.66 20882.34
20880.66 20882.34
20880.66 20882.34
20880.66 20882.34
20880.53 20882.47
20880.53 20882.47
20880.96 20882.79
20880.96 20882.79
20880.96 20882.79
20881.15 20882.86
20881.15 20882.86
20881.33 20883.42
20882.53 20884.48
20882.53 20884.48
20883.28 20885.22
20883.28 20885.22
20883.28 20885.22
20883.40 20885.10
20883.40 20885.10
20883.22 20885.03
20883.03 20884.97
20883.03 20884.97
20883.03 20884.97
20883.03 20884.97
20884.03 20885.97
20884.03 20885.97
20883.58 20885.67
20883.58 20885.67
20883.28 20885.22
20883.28 20885.22
20883.53 20885.47
20883.53 20885.47
20883.53 20885.47
20883.53 20885.47
20883.53 20885.47
20884.21 20886.04
20884.21 20886.04
20884.96 20886.79
20884.96 20886.79
20885.53 20887.48
20885.53 20887.48
20887.66 20889.35
20887.66 20889.35
20888.28 20890.22
20887.78 20889.72
20887.78 20889.72
20888.03 20889.97
20887.73 20889.53
20887.73 20889.53
20887.73 20889.53
20887.91 20889.59
20887.91 20889.59
20886.78 20888.72
20886.48 20888.28
20886.48 20888.28
20886.48 20888.28
20886.03 20887.98
20886.03 20887.98
20887.62 20889.13
20887.47 20889.28
20887.47 20889.28
20887.47 20889.28
20887.47 20889.28
20887.47 20889.28
20887.71 20889.54
20887.53 20889.48
20887.53 20889.48
20887.73 20889.53
20887.78 20889.73
20887.78 20889.73
20887.78 20889.73
20887.78 20889.73
20887.78 20889.73
20887.78 20889.72
20887.78 20889.72
20887.98 20889.78
20887.98 20889.78
20887.98 20889.78
20887.53 20889.48
20887.53 20889.48
20887.65 20889.35
20887.88 20889.37
20887.88 20889.37
20887.88 20889.37
20887.88 20889.37
20887.88 20889.38
20887.88 20889.38
20887.88 20889.38
20887.97 20889.78
20887.97 20889.78
20887.97 20889.78
20887.97 20889.78
20887.98 20889.78
20887.98 20889.78
20887.98 20889.78
20887.98 20889.78
20887.96 20889.79
20887.96 20889.79
20887.96 20889.79
20886.71 20888.54
20886.71 20888.54
20886.53 20888.48
20886.53 20888.48
20886.33 20888.42
20886.33 20888.42
20886.28 20888.23
20886.28 20888.23
20886.38 20887.87
20886.38 20887.87
20886.53 20888.47
20886.53 20888.47
20886.53 20888.47
20886.53 20888.47
20886.53 20888.47
20886.28 20888.23
20886.53 20888.47
20886.53 20888.47
20886.53 20888.47
20886.71 20888.54
20886.71 20888.54
20886.71 20888.54
20886.71 20888.54
20886.71 20888.54
20886.96 20888.79
20886.96 20888.79
20887.16 20888.84
20887.16 20888.84
20886.78 20888.73
20886.78 20888.73
20886.78 20888.73
20886.78 20888.73
20886.71 20888.54
20886.48 20888.28
20886.48 20888.28
20886.28 20888.23
20886.28 20888.23
20886.28 20888.23
20886.28 20888.23
20886.28 20888.23
20886.28 20888.22
20886.48 20888.28
20886.48 20888.28
20886.53 20888.47
20886.53 20888.47
20886.53 20888.47
20886.53 20888.48
20886.53 20888.48
20886.53 20888.48
20886.71 20888.54
20886.71 20888.54
20886.71 20888.54
20886.71 20888.54
20887.16 20888.84
20887.16 20888.84
20887.16 20888.84
20887.38 20888.87
20887.15 20888.86
20887.15 20888.86
20887.37 20888.88
20887.37 20888.88
20888.38 20889.87
20888.38 20889.87
20888.39 20889.86
20888.39 20889.86
20888.40 20890.10
20888.40 20890.10
20888.97 20890.78
20888.97 20890.78
20891.96 20893.79
20892.65 20893.85
20892.65 20893.85
20891.98 20893.78
20891.98 20893.78
20892.66 20894.34
20892.47 20894.28
20892.47 20894.28
20892.66 20894.34
20892.66 20894.34
20893.28 20895.23
20893.28 20895.23
20892.83 20894.92
20892.83 20894.92
20892.90 20894.60
20892.90 20894.60
20893.53 20895.48
20893.53 20895.48
20893.53 20895.48
20893.56 20894.19
20893.56 20894.19
20893.14 20894.86
20892.41 20894.10
20892.41 20894.10
20893.21 20895.04
20892.97 20894.78
20892.97 20894.78
20892.98 20894.78
20892.98 20894.78
20892.96 20894.79
20891.46 20893.29
20891.46 20893.29
20891.48 20893.28
20891.48 20893.28
20891.22 20893.03
20891.22 20893.03
20890.41 20892.09
20890.41 20892.09
20890.16 20891.84
20890.16 20891.84
20890.16 20891.84
20890.40 20892.10
20890.40 20892.10
20890.21 20892.04
20890.21 20892.04
20889.62 20891.13
20887.96 20889.79
20887.96 20889.79
20887.96 20889.79
20889.48 20891.28
20888.96 20890.79
20888.96 20890.79
20888.96 20890.79
20889.23 20891.03
20889.23 20891.03
20889.23 20891.03
20889.23 20891.03
20889.16 20890.84
20889.16 20890.84
20888.48 20890.28
20888.48 20890.28
20888.78 20890.73
20888.78 20890.73
20888.78 20890.73
20889.38 20890.88
20889.66 20891.35
20889.66 20891.35
20890.66 20892.34
20890.66 20892.34
20890.46 20892.29
20890.46 20892.29
20890.53 20892.48
20890.53 20892.48
20890.53 20892.48
20890.78 20892.73
20890.78 20892.73
20891.21 20893.04
20891.53 20893.47
20891.53 20893.47
20891.53 20893.48
20891.53 20893.48
20890.78 20892.72
20890.78 20892.72
20889.96 20891.79
20889.96 20891.79
20889.96 20891.79
20889.96 20891.79
20889.96 20891.79
20890.53 20892.47
20890.53 20892.47
20890.03 20891.97
20890.53 20892.48
20890.53 20892.48
20890.53 20892.48
20890.46 20892.29
20890.53 20892.48
20890.28 20892.22
20890.28 20892.22
20891.72 20893.53
20891.72 20893.53
20891.73 20893.53
20891.73 20893.53
20891.64 20893.36
20891.78 20893.72
20891.78 20893.72
20891.71 20893.54
20891.71 20893.54
20891.71 20893.54
20891.96 20893.79
20891.91 20893.60
20891.91 20893.60
20891.91 20893.60
20892.15 20893.86
20892.15 20893.86
20892.15 20893.86
20892.14 20893.86
20892.14 20893.86
20890.96 20892.79
20890.96 20892.79
20891.71 20893.54
20891.71 20893.54
20891.71 20893.54
20891.71 20893.54
20891.96 20893.79
20891.96 20893.79
20891.98 20893.78
20892.16 20893.84
20892.16 20893.84
20891.78 20893.73
20891.78 20893.73
20891.78 20893.73
20891.78 20893.73
20891.78 20893.73
20891.78 20893.73
20891.78 20893.73
20891.78 20893.73
20891.78 20893.73
20891.78 20893.72
20891.48 20893.28
20891.48 20893.28
20891.46 20893.29
20891.46 20893.29
20891.46 20893.29
20891.21 20893.04
20891.21 20893.04
20891.21 20893.04
20891.28 20893.23
20891.28 20893.23
20891.28 20893.23
20891.28 20893.23
20891.28 20893.23
20891.23 20893.03
20891.23 20893.03
20891.23 20893.03
20891.23 20893.03
20891.16 20892.85
20891.16 20892.85
20891.16 20892.85
20890.91 20892.60
20890.91 20892.60
20890.15 20891.85
20890.15 20891.86
20890.15 20891.86
20890.15 20891.86
20890.15 20891.86
20890.89 20892.61
20890.89 20892.61
20890.89 20892.61
20890.98 20892.78
20891.28 20893.23
20891.28 20893.23
20891.97 20893.78
20891.97 20893.78
20891.73 20893.53
20891.73 20893.53
20891.96 20893.79
20891.96 20893.79
20892.21 20894.04
20892.21 20894.04
20892.21 20894.04
20891.72 20893.53
20891.72 20893.53
20891.72 20893.53
20891.72 20893.53
20891.71 20893.54
20891.71 20893.54
20891.91 20893.60
20891.91 20893.60
20890.66 20892.34
20890.71 20892.54
20890.71 20892.54
20889.53 20891.48
20889.53 20891.48
20890.23 20892.03
20890.23 20892.03
20888.13 20889.62
20886.88 20888.38
20886.88 20888.38
20886.88 20888.38
20886.73 20888.53
20884.21 20886.04
20884.21 20886.04
20883.66 20885.35
20883.66 20885.35
20883.48 20885.28
20883.78 20885.72
20883.78 20885.72
20883.78 20885.73
20884.48 20886.28
20884.48 20886.28
20884.48 20886.28
20884.53 20886.47
20886.88 20889.12
20886.88 20889.12
20886.88 20889.12
20887.47 20889.28
20887.47 20889.28
20888.23 20890.03
20888.23 20890.03
20886.71 20888.54
20886.71 20888.54
20886.71 20888.54
20886.58 20888.67
20886.58 20888.67
20886.78 20888.73
20887.98 20889.78
20887.98 20889.78
20887.98 20889.78
20887.98 20889.78
20887.71 20889.54
20887.71 20889.54
20887.78 20889.72
20887.71 20889.54
20887.71 20889.54
20887.48 20889.28
20887.48 20889.28
20887.48 20889.28
20888.08 20890.17
20888.08 20890.17
20887.97 20889.78
20887.97 20889.78
20887.78 20889.72
20887.78 20889.72
20887.78 20889.72
20888.58 20890.67
20888.58 20890.67
20888.58 20890.67
20888.58 20890.67
20888.58 20890.67
20888.58 20890.67
20888.58 20890.67
20888.47 20890.28
20888.41 20890.09
20888.41 20890.09
20888.48 20890.28
20888.48 20890.28
20888.48 20890.28
20888.48 20890.28
20888.41 20890.10
20888.41 20890.10
20887.21 20889.04
20887.21 20889.04
20886.21 20888.04
20886.21 20888.04
20887.31 20887.94
20887.31 20887.94
20887.31 20887.94
20887.31 20887.94
20886.53 20888.47
20886.53 20888.47
20887.65 20889.36
20887.65 20889.36
20887.28 20889.23
20887.28 20889.23
20887.28 20889.23
20887.28 20889.23
20887.28 20889.23
20887.48 20889.28
20886.28 20888.22
20886.28 20888.22
20886.28 20888.22
20886.28 20888.22
20885.16 20886.85
20885.16 20886.85
20885.16 20886.85
20885.16 20886.85
20885.16 20886.85
20885.16 20886.85
20886.06 20886.69
20886.06 20886.69
20886.06 20886.69
20884.96 20886.79
20884.96 20886.79
20884.98 20886.78
