20791.38 20792.88
20791.38 20792.88
20791.90 20793.60
20791.90 20793.60
20790.88 20792.37
20790.88 20792.37
20791.66 20792.84
20791.66 20792.84
20791.39 20792.86
20792.37 20793.88
20792.37 20793.88
20792.16 20793.34
20792.16 20793.85
20792.16 20793.85
20792.37 20793.88
20791.88 20793.38
20791.88 20793.38
20791.17 20792.33
20791.17 20792.34
20791.17 20792.34
20790.64 20792.11
20790.64 20792.11
20791.15 20792.85
20792.13 20793.62
20792.13 20793.62
20790.89 20792.36
20791.15 20792.85
20791.15 20792.85
20792.15 20793.86
20791.63 20793.13
20791.63 20793.13
20791.88 20793.38
20791.88 20793.38
20792.16 20793.34
20792.16 20793.34
20792.17 20793.33
20792.14 20793.61
20792.14 20793.61
20789.12 20790.63
20784.68 20785.83
20784.68 20785.83
20784.72 20786.53
20784.63 20786.12
20784.63 20786.12
20784.63 20786.13
20784.63 20786.13
20785.91 20787.09
20785.91 20787.09
20788.13 20789.63
20786.41 20788.10
20786.41 20788.10
20786.66 20788.35
20785.62 20787.13
20785.62 20787.13
20786.66 20788.35
20786.89 20788.36
20786.89 20788.36
20788.38 20789.87
20788.41 20790.10
20788.41 20790.10
20788.90 20790.61
20790.15 20791.86
20790.15 20791.86
20790.89 20792.61
20790.89 20792.61
20792.66 20793.84
20792.13 20793.62
20792.13 20793.62
20789.91 20791.60
20790.14 20791.61
20790.14 20791.61
20789.62 20791.13
20789.40 20791.11
20789.40 20791.11
20789.16 20790.85
20792.14 20793.61
20792.14 20793.61
20791.66 20793.34
20791.66 20793.34
20791.39 20792.86
20792.31 20792.95
20792.31 20792.95
20790.65 20792.36
20790.65 20792.36
20789.87 20791.38
20789.38 20790.88
20789.38 20790.88
20788.88 20790.38
20788.16 20789.85
20788.16 20789.85
20786.65 20788.36
20786.65 20788.36
20786.41 20787.59
20785.12 20786.63
20785.12 20786.63
20784.91 20786.59
20784.40 20786.11
20784.40 20786.11
20785.37 20786.88
20785.37 20786.88
20786.22 20788.03
20784.64 20786.11
20784.64 20786.11
20784.88 20786.38
20784.64 20786.11
20784.64 20786.11
20784.65 20786.35
20784.38 20785.87
20784.38 20785.87
20782.89 20784.36
20782.41 20784.10
20782.41 20784.10
20783.13 20784.62
20783.13 20784.62
20783.17 20784.33
20783.17 20784.33
20782.16 20783.85
20782.16 20783.85
20782.66 20784.34
20782.66 20784.35
20782.66 20784.35
20783.56 20784.19
20782.15 20783.85
20782.15 20783.85
20783.62 20785.13
20784.12 20785.63
20784.12 20785.63
20784.16 20785.84
20783.64 20785.11
20783.64 20785.11
20783.64 20785.11
20783.64 20785.11
20783.97 20785.78
20783.97 20785.78
20784.17 20785.34
20784.17 20785.34
20783.66 20785.35
20783.13 20784.63
20783.13 20784.63
20780.68 20781.83
20779.16 20780.34
20779.16 20780.34
20779.68 20780.83
20777.39 20778.86
20777.39 20778.86
20778.15 20779.35
20778.13 20779.62
20778.13 20779.62
20779.64 20781.11
20778.90 20780.60
20778.90 20780.60
20780.15 20781.85
20780.15 20781.85
20780.38 20781.87
20779.90 20781.61
20779.90 20781.61
20780.15 20781.85
20780.15 20781.85
20780.90 20782.61
20781.13 20782.62
20781.13 20782.62
20781.15 20782.86
20781.15 20782.85
20781.15 20782.85
20781.63 20783.12
20782.62 20784.13
20782.62 20784.13
20781.66 20783.34
20782.13 20783.63
20782.13 20783.63
20781.66 20783.35
20782.16 20783.85
20782.16 20783.85
20780.15 20781.35
20780.16 20781.85
20779.63 20781.12
20779.63 20781.12
20780.65 20782.36
20780.65 20782.36
20781.66 20783.35
20780.14 20781.61
20780.14 20781.61
20779.88 20781.37
20780.64 20782.11
20780.64 20782.11
20779.66 20781.34
20777.42 20778.58
20777.41 20779.10
20777.41 20779.10
20775.66 20776.84
20775.66 20776.84
20776.64 20778.11
20776.39 20777.86
20776.39 20777.86
20775.63 20777.13
20775.41 20776.59
20775.41 20776.59
20775.72 20777.53
20775.72 20777.53
20776.88 20778.38
20775.16 20776.85
20775.16 20776.85
20774.39 20775.86
20774.91 20776.59
20774.13 20775.63
20774.13 20775.63
20773.90 20775.60
20773.90 20775.60
20771.15 20772.85
20771.39 20772.86
20771.39 20772.86
20771.13 20772.62
20772.91 20774.59
20772.91 20774.59
20772.41 20774.10
20772.41 20774.10
20774.37 20775.88
20775.41 20777.10
20775.41 20777.10
20776.91 20778.60
20777.39 20778.86
20777.39 20778.86
20776.87 20778.38
20776.63 20778.12
20776.63 20778.12
20776.66 20778.35
20775.40 20777.11
20775.40 20777.11
20774.64 20776.36
20774.64 20776.36
20775.15 20776.86
20776.41 20777.59
20776.41 20777.59
20775.37 20776.88
20775.39 20776.86
20775.39 20776.86
20774.63 20776.12
20773.41 20775.09
20773.41 20775.09
20774.65 20776.35
20774.71 20776.54
20774.71 20776.54
20774.62 20776.13
20775.15 20776.85
20775.15 20776.85
20773.63 20775.12
20771.63 20773.12
20771.63 20773.12
20771.96 20773.79
20771.96 20773.79
20773.41 20775.10
20773.16 20774.84
20773.16 20774.84
20772.65 20774.35
20769.16 20770.84
20769.16 20770.84
20769.89 20771.36
20774.38 20775.87
20774.38 20775.87
20773.89 20775.36
20772.88 20774.37
20772.88 20774.37
20772.62 20774.13
20772.62 20774.13
20772.40 20774.10
20772.40 20774.10
20772.40 20774.10
20773.14 20774.86
20773.15 20774.85
20773.15 20774.85
20772.64 20774.11
20772.37 20773.88
20772.37 20773.88
20771.89 20773.61
20771.89 20773.61
20771.15 20772.85
20771.38 20772.88
20771.38 20772.88
20772.14 20773.86
20768.89 20770.36
20768.89 20770.36
20768.62 20770.13
20768.62 20770.13
20767.42 20768.58
20767.41 20769.09
20767.41 20769.09
20767.62 20769.13
20767.41 20769.10
20767.41 20769.10
20769.16 20770.84
20769.13 20770.62
20769.13 20770.62
20768.41 20770.09
20768.41 20770.09
20768.78 20770.72
20768.78 20770.72
20770.40 20772.11
20768.66 20770.34
20768.66 20770.34
20769.38 20770.87
20769.38 20770.87
20768.48 20770.28
20768.21 20770.04
20768.21 20770.04
20766.65 20768.36
20767.63 20769.12
20767.63 20769.12
20767.15 20768.85
20767.15 20768.85
20766.41 20768.09
20763.90 20765.61
20763.90 20765.61
20764.65 20766.35
20763.37 20764.88
20763.37 20764.88
20765.42 20766.58
20766.66 20768.34
20766.66 20768.34
20768.91 20770.59
20768.91 20770.59
20768.91 20770.59
20770.63 20772.12
20766.40 20768.10
20766.40 20768.10
20766.38 20767.88
20766.38 20767.88
20767.40 20769.10
20765.13 20766.63
20765.13 20766.63
20766.65 20768.36
20766.88 20768.37
20766.88 20768.37
20766.39 20768.11
20768.40 20770.10
20768.40 20770.10
20769.12 20770.63
20768.65 20770.35
20768.65 20770.35
20768.63 20770.12
20767.91 20769.60
20768.38 20769.88
20768.38 20769.88
20767.66 20769.35
20767.66 20769.35
20767.64 20769.11
20767.41 20768.59
20767.41 20768.59
20769.37 20770.88
20769.15 20770.85
20769.15 20770.85
20769.91 20771.09
20769.13 20770.63
20769.13 20770.63
20771.15 20772.85
20771.14 20772.86
20771.14 20772.86
20770.66 20772.35
20771.13 20772.62
20771.13 20772.62
20770.66 20772.34
20771.13 20772.63
20771.13 20772.63
20771.39 20772.86
20770.16 20771.85
20770.16 20771.85
20770.12 20771.63
20769.88 20771.37
20769.88 20771.37
20770.90 20772.60
20770.90 20772.60
20769.13 20770.63
20767.15 20768.86
20767.15 20768.86
20770.88 20772.37
20768.91 20770.59
20768.91 20770.59
20769.90 20771.60
20768.90 20770.61
20768.90 20770.61
20768.40 20770.10
20769.13 20770.62
20769.13 20770.62
20767.39 20768.86
20766.41 20768.09
20766.41 20768.09
20769.18 20770.33
20769.23 20771.03
20769.23 20771.03
20768.15 20769.86
20768.15 20769.86
20768.91 20770.09
20769.65 20771.35
20769.65 20771.35
20770.41 20772.10
20769.89 20771.36
20769.89 20771.36
20770.64 20772.11
20771.90 20773.60
20771.90 20773.60
20770.64 20772.36
20770.66 20772.34
20770.66 20772.34
20771.40 20773.10
20771.65 20773.35
20771.65 20773.35
20771.91 20773.09
20771.91 20773.09
20769.66 20771.34
20771.39 20772.86
20771.39 20772.86
20771.13 20772.63
20771.22 20773.03
20771.22 20773.03
20768.62 20770.13
20767.65 20769.35
20767.65 20769.35
20767.14 20768.86
20767.43 20768.58
20767.43 20768.58
20766.13 20767.63
20765.88 20767.37
20765.88 20767.37
20766.96 20768.79
20769.12 20770.63
20769.12 20770.63
20768.38 20769.88
20768.13 20769.62
20768.13 20769.62
20768.40 20770.10
20768.37 20769.88
20768.37 20769.88
20771.16 20772.85
20771.16 20772.85
20771.66 20772.84
20769.64 20771.36
20769.64 20771.36
20769.87 20771.38
20769.63 20771.13
20769.63 20771.13
20770.63 20772.12
20771.63 20773.13
20771.63 20773.13
20767.66 20769.35
20767.66 20769.35
20767.41 20768.59
20767.14 20768.61
20767.14 20768.61
20768.40 20770.10
20769.87 20771.38
20769.87 20771.38
20767.63 20769.13
20768.39 20770.11
20768.39 20770.11
20768.14 20769.61
20768.16 20769.84
20768.16 20769.84
20769.17 20770.33
20769.80 20770.45
20769.80 20770.45
20769.13 20770.62
20769.63 20771.13
20769.63 20771.13
20767.43 20768.58
20767.62 20769.13
20767.62 20769.13
20767.37 20768.88
20767.39 20769.11
20767.39 20769.11
20766.41 20768.09
20766.41 20768.10
20766.41 20768.10
20765.13 20766.63
20763.66 20764.84
20763.66 20764.84
20760.89 20762.36
20760.64 20762.11
20760.64 20762.11
20760.38 20761.87
20759.39 20761.11
20759.39 20761.11
20758.12 20759.63
20759.39 20761.11
20759.39 20761.11
20764.87 20766.38
20764.87 20766.38
20766.67 20767.83
20767.15 20768.86
20767.15 20768.86
20765.63 20767.12
20766.63 20768.13
20766.63 20768.13
20769.13 20770.62
20764.13 20765.63
20764.13 20765.63
20762.39 20763.86
20763.66 20765.34
20763.66 20765.34
20761.16 20762.34
20760.16 20761.84
20760.16 20761.84
20761.41 20763.10
20762.66 20764.35
20762.66 20764.35
20762.89 20764.36
20760.41 20761.59
20760.41 20761.59
20760.89 20762.36
20760.89 20762.36
20759.64 20761.11
20760.38 20761.88
20760.38 20761.88
20759.15 20760.85
20760.12 20761.63
20760.12 20761.63
20759.88 20761.37
20761.91 20763.60
20761.91 20763.60
20763.17 20764.34
20761.13 20762.63
20761.13 20762.63
20760.91 20762.59
20760.91 20762.59
20762.38 20763.87
20760.89 20762.36
20760.89 20762.36
20761.38 20762.88
20761.93 20763.08
20761.93 20763.08
20763.13 20764.63
20763.13 20764.63
20763.40 20765.10
20761.14 20762.86
20761.14 20762.86
20762.56 20763.19
20760.88 20762.38
20760.88 20762.38
20759.64 20761.11
20759.12 20760.63
20759.12 20760.63
20760.89 20762.36
20759.64 20761.36
20759.64 20761.36
20758.66 20760.34
20762.37 20763.88
20762.37 20763.88
20763.63 20765.12
20764.22 20766.03
20764.22 20766.03
20766.62 20768.13
20770.39 20771.86
20770.39 20771.86
20768.97 20770.78
20768.16 20769.35
20768.16 20769.35
20766.15 20767.35
20764.91 20766.59
20764.91 20766.59
20765.42 20766.58
20763.91 20765.09
20763.91 20765.09
20764.89 20766.36
20764.15 20765.85
20764.15 20765.85
20764.12 20765.63
20764.88 20766.38
20764.88 20766.38
20769.63 20771.12
20769.63 20771.12
20772.92 20774.08
20770.64 20772.11
20770.64 20772.11
20768.16 20769.84
20768.64 20770.11
20768.12 20769.63
20768.12 20769.63
20772.41 20774.09
20768.71 20770.54
20768.71 20770.54
20768.38 20769.88
20768.38 20769.88
20768.89 20770.36
20767.88 20769.37
20771.39 20772.86
20771.39 20772.86
20770.38 20771.88
20770.38 20771.88
20771.40 20773.11
20771.40 20773.11
20771.41 20772.60
20769.47 20771.28
20769.47 20771.28
20769.88 20771.38
20769.14 20770.61
20769.14 20770.61
20769.12 20770.63
20770.41 20772.10
20770.41 20772.10
20768.13 20769.62
20766.53 20768.48
20766.53 20768.48
20765.39 20766.86
20765.39 20766.86
20766.13 20767.62
20766.12 20767.63
20766.12 20767.63
20767.41 20768.59
20766.40 20768.11
20766.40 20768.11
20765.89 20767.61
20765.91 20767.60
20765.91 20767.60
20763.66 20765.35
20762.88 20764.37
20762.88 20764.37
20762.21 20764.04
20759.48 20761.28
20759.48 20761.28
20754.72 20756.53
20761.05 20761.70
20761.05 20761.70
20760.40 20762.11
20764.64 20766.11
20764.64 20766.11
