20940.46 20942.29
20940.46 20942.29
20940.47 20942.28
20940.47 20942.28
20940.03 20941.97
20940.21 20942.04
20940.21 20942.04
20940.15 20941.85
20940.15 20941.85
20939.97 20941.78
20939.97 20941.78
20939.90 20941.61
20939.90 20941.61
20939.87 20941.38
20939.90 20941.61
20939.90 20941.61
20939.96 20941.79
20939.96 20941.79
20939.78 20941.73
20939.78 20941.73
20939.78 20941.73
20939.78 20941.73
20939.78 20941.73
20939.98 20941.78
20939.98 20941.78
20939.97 20941.78
20939.97 20941.78
20940.39 20941.86
20940.39 20941.86
20941.37 20942.88
20941.37 20942.88
20940.91 20942.60
20940.91 20942.60
20940.91 20942.60
20941.16 20942.84
20941.16 20942.84
20939.72 20941.53
20939.72 20941.53
20939.71 20941.54
20939.71 20941.54
20940.78 20942.72
20940.78 20942.72
20940.28 20942.23
20940.28 20942.23
20940.28 20942.22
20940.28 20942.22
20940.33 20942.42
20940.33 20942.42
20940.78 20942.72
20940.78 20942.72
20941.28 20943.23
20941.28 20943.23
20940.96 20942.79
20940.96 20942.79
20940.96 20942.79
20940.96 20942.79
20940.97 20942.78
20940.66 20942.34
20940.66 20942.34
20940.66 20942.34
20940.66 20942.34
20940.66 20942.34
20940.66 20942.34
20940.66 20942.34
20940.66 20942.34
20940.72 20942.53
20940.72 20942.53
20941.08 20943.17
20941.08 20943.17
20941.08 20943.17
20940.96 20942.79
20940.96 20942.79
20940.72 20942.53
20940.72 20942.53
20940.72 20942.53
20940.73 20942.53
20940.73 20942.53
20940.73 20942.53
20940.73 20942.53
20940.89 20942.61
20940.89 20942.61
20940.89 20942.61
20940.89 20942.61
20940.89 20942.61
20940.89 20942.61
20940.89 20942.61
20940.66 20942.35
20941.21 20943.04
20941.21 20943.04
20940.71 20942.54
20940.71 20942.54
20940.72 20942.53
20940.72 20942.53
20940.72 20942.53
20940.72 20942.53
20940.78 20942.72
20940.62 20942.13
20940.62 20942.13
20940.62 20942.13
20940.62 20942.13
20940.64 20942.11
20940.64 20942.11
20935.22 20937.03
20935.66 20937.35
20935.66 20937.35
20935.78 20937.73
20935.78 20937.73
20936.48 20938.28
20936.21 20938.04
20936.21 20938.04
20936.41 20938.09
20936.87 20938.38
20936.87 20938.38
20936.87 20938.38
20936.89 20938.36
20936.89 20938.36
20937.13 20938.62
20937.13 20938.62
20937.16 20938.84
20937.16 20938.84
20937.16 20938.84
20937.16 20938.85
20937.16 20938.85
20937.16 20938.85
20936.89 20938.36
20936.89 20938.36
20936.16 20937.85
20936.16 20937.85
20936.21 20938.04
20936.21 20938.04
20936.15 20937.86
20936.15 20937.86
20935.78 20937.73
20935.78 20937.73
20936.03 20937.97
20936.03 20937.97
20936.03 20937.97
20936.03 20937.97
20935.58 20937.67
20935.58 20937.67
20935.58 20937.67
20935.40 20937.10
20935.40 20937.10
20935.21 20937.04
20935.21 20937.04
20935.16 20936.34
20929.78 20931.73
20929.78 20931.73
20927.64 20929.36
20928.21 20930.04
20928.21 20930.04
20928.98 20930.78
20928.66 20930.34
20928.66 20930.34
20928.96 20930.79
20928.96 20930.79
20928.83 20930.92
20928.97 20930.78
20928.97 20930.78
20928.03 20929.97
20928.03 20929.97
20928.15 20929.86
20927.96 20929.79
20927.96 20929.79
20928.53 20930.48
20928.53 20930.48
20928.67 20929.83
20928.67 20929.83
20928.22 20930.03
20928.22 20930.03
20928.46 20930.29
20928.03 20929.97
20928.03 20929.97
20928.03 20929.97
20926.53 20928.48
20928.28 20930.23
20928.28 20930.23
20927.28 20929.23
20927.28 20929.23
20927.78 20929.73
20927.78 20929.72
20927.78 20929.72
20927.90 20929.61
20927.90 20929.61
20925.96 20927.79
20925.96 20927.79
20927.21 20929.04
20926.98 20928.78
20926.98 20928.78
20926.90 20928.60
20926.90 20928.60
20927.03 20928.98
20927.03 20928.98
20925.65 20927.36
20926.72 20928.53
20926.72 20928.53
20926.91 20928.60
20926.91 20928.60
20926.89 20928.61
20926.89 20928.61
20926.97 20928.78
20926.97 20928.78
20926.96 20928.79
20925.96 20927.79
20925.96 20927.79
20925.62 20927.13
20923.03 20924.98
20923.03 20924.98
20924.53 20926.47
20924.53 20926.47
20924.40 20926.10
20924.40 20926.10
20924.72 20926.53
20924.88 20926.38
20924.88 20926.38
20924.40 20926.11
20924.38 20926.62
20924.38 20926.62
20924.28 20926.22
20924.28 20926.22
20924.96 20926.79
20924.96 20926.79
20925.21 20927.04
20923.65 20925.35
20923.65 20925.35
20924.53 20926.47
20924.53 20926.47
20924.53 20926.47
20923.73 20925.53
20923.73 20925.53
20923.71 20925.54
20923.71 20925.54
20923.71 20925.54
20924.22 20926.03
20924.22 20926.03
20923.46 20925.29
20922.46 20924.29
20922.46 20924.29
20922.03 20923.98
20922.03 20923.98
20921.78 20923.73
20922.48 20924.28
20922.48 20924.28
20922.48 20924.28
20925.21 20927.04
20925.21 20927.04
20923.03 20924.97
20923.03 20924.97
20923.97 20925.78
20923.97 20925.78
20925.40 20927.10
20925.66 20927.34
20925.66 20927.34
20925.47 20927.28
20925.71 20927.54
20925.71 20927.54
20924.28 20926.22
20924.28 20926.22
20924.78 20926.72
20925.22 20927.03
20925.22 20927.03
20925.28 20927.23
20925.28 20927.23
20925.28 20927.23
20926.65 20928.36
20926.65 20928.36
20924.38 20925.87
20924.38 20925.87
20924.48 20926.28
20924.48 20926.28
20925.47 20927.28
20925.47 20927.28
20925.21 20927.04
20925.21 20927.04
20925.21 20927.04
20925.21 20927.04
20925.21 20927.04
20925.39 20927.11
20926.16 20927.84
20926.16 20927.84
20926.41 20928.09
20926.41 20928.09
20927.16 20928.85
20927.15 20928.86
20927.15 20928.86
20927.14 20928.86
20927.14 20928.86
20925.71 20927.54
20925.71 20927.54
20925.73 20927.53
20925.73 20927.53
20925.40 20927.10
20925.40 20927.10
20924.90 20926.61
20924.64 20926.11
20924.64 20926.11
20925.03 20926.97
20925.03 20926.97
20925.12 20926.63
20925.12 20926.63
20925.14 20926.61
20925.14 20926.61
20925.15 20926.85
20925.16 20926.84
20925.16 20926.84
20925.21 20927.04
20925.21 20927.04
20925.16 20926.84
20925.23 20927.03
20925.23 20927.03
20925.22 20927.03
20925.22 20927.03
20925.21 20927.04
20925.21 20927.04
20925.23 20927.03
20925.23 20927.03
20925.23 20927.03
20925.39 20927.11
20925.39 20927.11
20925.39 20926.86
20925.39 20926.86
20925.39 20926.86
20925.23 20927.03
20925.23 20927.03
20925.23 20927.03
20924.62 20926.13
20924.78 20926.73
20924.78 20926.73
20926.65 20928.36
20925.96 20927.79
20925.96 20927.79
20926.03 20927.97
20926.03 20927.97
20926.03 20927.97
20925.28 20927.22
20925.28 20927.22
20925.28 20927.22
20924.97 20926.78
20924.78 20926.73
20924.78 20926.73
20924.72 20926.53
20924.72 20926.53
20924.72 20926.53
20925.14 20926.61
20925.14 20926.61
20925.14 20926.61
20924.53 20926.48
20924.53 20926.47
20924.53 20926.47
20924.39 20926.11
20923.72 20925.53
20923.72 20925.53
20923.46 20925.29
20923.96 20925.79
20924.16 20925.84
20924.16 20925.84
20924.16 20925.84
20924.71 20926.54
20924.71 20926.54
20924.16 20925.85
20924.16 20925.85
20924.65 20926.36
20924.71 20926.54
20924.71 20926.54
20924.64 20926.11
20924.64 20926.11
20923.64 20925.36
20924.28 20926.22
20924.28 20926.22
20924.47 20926.28
20924.47 20926.28
20924.47 20926.28
20924.47 20926.28
20924.64 20926.11
20923.53 20925.48
20923.53 20925.48
20923.73 20925.53
20923.73 20925.53
20923.71 20925.54
20923.90 20925.61
20923.90 20925.61
20921.72 20923.53
20921.72 20923.53
20921.39 20922.86
20921.16 20922.84
20921.16 20922.84
20920.66 20922.34
20920.66 20922.34
20919.66 20921.34
20919.71 20921.54
20919.71 20921.54
20920.22 20922.03
20917.53 20919.48
20917.53 20919.48
20918.16 20919.85
20918.16 20919.85
20919.23 20921.03
20919.47 20921.28
20919.47 20921.28
20919.48 20921.28
20919.48 20921.28
20918.21 20920.04
20918.21 20920.04
20918.14 20919.86
20918.28 20920.23
20918.28 20920.23
20917.96 20919.79
20917.96 20919.79
20920.58 20922.67
20920.98 20922.78
20920.98 20922.78
20920.98 20922.78
20920.38 20922.62
20920.38 20922.62
20919.40 20921.11
20919.40 20921.11
20918.67 20919.84
20918.67 20919.84
20918.73 20920.53
20918.73 20920.53
20917.53 20919.48
20915.28 20917.22
20915.28 20917.22
20915.12 20916.63
20915.12 20916.63
20915.53 20917.48
20917.21 20919.04
20917.21 20919.04
20915.78 20917.73
20915.78 20917.73
20915.15 20916.85
20915.15 20916.85
20915.40 20917.11
20916.47 20918.28
20916.47 20918.28
20916.03 20917.97
20916.03 20917.97
20915.96 20917.79
20915.96 20917.79
20915.97 20917.78
20915.97 20917.78
20917.46 20919.29
20917.46 20919.29
20918.21 20920.04
20918.21 20920.04
20917.98 20919.78
20917.98 20919.78
20918.72 20920.53
20917.97 20919.78
20917.97 20919.78
20917.97 20919.78
20918.48 20920.28
20918.48 20920.28
20918.28 20920.23
20918.22 20920.03
20918.22 20920.03
20918.22 20920.03
20918.28 20920.23
20919.22 20921.03
20919.22 20921.03
20917.21 20919.04
20917.21 20919.04
20917.28 20919.22
20917.28 20919.22
20917.23 20919.03
20916.21 20918.04
20916.21 20918.04
20916.71 20918.54
20916.47 20918.28
20916.47 20918.28
20916.46 20918.29
20916.53 20918.48
20916.53 20918.48
20916.53 20918.48
20916.71 20918.54
20917.96 20919.79
20917.96 20919.79
20918.03 20919.97
20918.03 20919.97
20918.03 20919.97
20918.03 20919.97
20918.03 20919.97
20918.03 20919.98
20918.03 20919.98
20918.03 20919.98
20918.48 20920.28
20918.48 20920.28
20919.21 20921.04
20919.21 20921.04
20919.28 20921.22
20919.28 20921.22
20920.31 20920.94
20920.31 20920.94
20919.03 20920.97
20919.03 20920.97
20918.98 20920.78
20918.96 20920.79
20918.96 20920.79
20918.97 20920.78
20918.97 20920.78
20918.78 20920.73
20918.78 20920.73
20919.03 20920.98
20919.03 20920.98
20918.98 20920.78
20918.98 20920.78
20918.91 20920.59
20918.91 20920.59
20918.96 20920.79
20919.23 20921.03
20919.23 20921.03
20919.40 20921.10
20919.40 20921.10
20918.96 20920.79
20918.96 20920.79
20919.22 20921.03
20919.22 20921.03
20918.38 20920.62
20918.38 20920.62
20918.38 20920.62
20917.78 20919.73
20919.28 20921.23
20919.28 20921.23
20919.28 20921.23
20919.72 20921.53
20920.22 20922.03
20920.22 20922.03
20920.53 20922.48
20920.53 20922.48
20920.22 20922.03
20920.40 20922.11
20920.40 20922.11
20919.83 20921.92
20919.83 20921.92
20920.48 20922.28
20920.48 20922.28
20920.78 20922.72
20918.72 20920.53
20918.72 20920.53
20918.97 20920.78
20919.91 20921.60
20919.91 20921.60
20919.64 20921.36
20919.64 20921.36
20919.73 20921.53
20919.73 20921.53
20919.73 20921.53
20919.91 20921.60
20919.91 20921.60
20919.91 20921.60
20919.91 20921.60
20919.91 20921.60
20919.72 20921.53
20919.72 20921.53
20919.72 20921.53
20918.22 20920.03
20918.22 20920.03
20918.22 20920.03
20918.22 20920.03
20918.22 20920.03
20917.33 20919.42
20917.33 20919.42
20919.03 20920.98
20919.03 20920.98
20919.03 20920.98
20919.03 20920.98
20919.03 20920.98
20919.03 20920.98
20919.89 20921.61
20919.89 20921.61
20919.98 20921.78
20919.98 20921.78
20919.78 20921.72
20919.78 20921.72
20919.78 20921.72
20919.78 20921.72
20919.21 20921.04
20919.21 20921.04
20920.03 20921.98
20920.03 20921.98
20920.22 20922.03
20920.22 20922.03
20920.22 20922.03
20920.22 20922.03
20920.23 20922.03
20920.23 20922.03
20920.71 20922.54
20921.48 20923.28
20921.48 20923.28
20920.97 20922.78
20920.46 20922.29
20920.46 20922.29
20920.46 20922.29
20919.78 20921.73
20919.78 20921.73
20919.78 20921.73
20919.72 20921.53
20919.96 20921.79
20919.96 20921.79
20919.71 20921.54
20919.78 20921.72
20919.78 20921.72
20919.78 20921.73
20919.78 20921.73
20919.78 20921.73
20919.78 20921.73
20919.15 20920.86
20919.15 20920.86
20919.16 20920.84
20919.16 20920.84
20919.15 20920.85
20919.15 20920.85
20919.15 20920.85
20919.16 20920.84
20918.97 20920.78
20918.97 20920.78
20918.98 20920.78
20919.46 20921.29
20919.46 20921.29
20919.46 20921.29
20919.72 20921.53
