20751.53 20753.48
20751.53 20753.48
20751.53 20753.48
20750.53 20752.48
20750.53 20752.48
20751.28 20753.23
20751.28 20753.23
20751.28 20753.23
20749.91 20751.59
20750.53 20752.48
20750.53 20752.48
20750.72 20752.53
20750.72 20752.53
20750.53 20752.48
20750.22 20752.03
20750.22 20752.03
20749.71 20751.54
20747.23 20749.03
20747.23 20749.03
20745.37 20746.88
20745.37 20746.88
20745.47 20747.28
20744.28 20746.23
20744.28 20746.23
20742.46 20744.29
20742.66 20744.35
20742.66 20744.35
20742.41 20744.09
20743.66 20745.34
20743.66 20745.34
20745.03 20746.97
20745.03 20746.97
20746.21 20748.04
20746.23 20748.03
20746.23 20748.03
20744.78 20746.72
20745.71 20747.54
20745.71 20747.54
20745.28 20747.23
20745.28 20747.23
20745.23 20747.03
20745.58 20747.67
20745.58 20747.67
20744.97 20746.78
20744.97 20746.78
20745.53 20747.48
20745.53 20747.48
20745.78 20747.73
20745.78 20747.73
20746.71 20748.54
20747.40 20749.10
20747.40 20749.10
20742.91 20744.59
20744.28 20746.23
20744.28 20746.23
20742.16 20743.85
20742.97 20744.78
20742.97 20744.78
20742.97 20744.78
20742.89 20744.61
20742.89 20744.61
20741.28 20743.23
20741.16 20742.84
20740.48 20742.28
20740.48 20742.28
20740.73 20742.53
20740.73 20742.53
20741.03 20742.98
20741.03 20742.98
20742.15 20743.86
20742.15 20743.86
20741.96 20743.79
20741.96 20743.79
20739.71 20741.54
20739.71 20741.54
20739.39 20741.11
20739.91 20741.60
20739.91 20741.60
20740.22 20742.03
20738.41 20740.10
20738.41 20740.10
20737.96 20739.79
20736.53 20738.48
20736.53 20738.48
20738.97 20740.78
20737.47 20739.28
20737.47 20739.28
20736.96 20738.79
20738.46 20740.29
20738.46 20740.29
20735.91 20737.59
20737.14 20738.86
20737.14 20738.86
20738.66 20740.35
20738.66 20740.35
20737.47 20739.28
20738.23 20740.03
20738.78 20740.72
20738.78 20740.72
20737.64 20739.36
20737.64 20739.36
20738.14 20739.86
20738.14 20739.86
20737.65 20739.36
20737.65 20739.36
20736.91 20738.59
20736.91 20738.59
20736.89 20738.61
20736.46 20738.29
20735.90 20737.60
20735.90 20737.60
20735.63 20737.13
20735.63 20737.13
20735.66 20737.35
20735.66 20737.35
20735.21 20737.04
20735.21 20737.04
20736.40 20738.10
20736.40 20738.10
20736.28 20738.22
20736.28 20738.22
20735.89 20737.61
20736.78 20738.73
20736.78 20738.73
20736.97 20738.78
20737.71 20739.54
20737.71 20739.54
20738.71 20740.54
20738.71 20740.54
20738.96 20740.79
20739.46 20741.29
20739.46 20741.29
20739.03 20740.98
20739.22 20741.03
20739.22 20741.03
20739.21 20741.04
20739.21 20741.04
20739.22 20741.03
20739.22 20741.03
20738.90 20740.61
20738.96 20740.79
20738.96 20740.79
20742.46 20744.29
20741.47 20743.28
20741.47 20743.28
20742.53 20744.48
20741.41 20743.09
20741.41 20743.09
20741.73 20743.53
20742.66 20744.34
20742.66 20744.34
20742.91 20744.59
20744.14 20745.86
20744.14 20745.86
20744.47 20746.28
20744.47 20746.28
20743.28 20745.22
20745.16 20746.85
20745.16 20746.85
20745.41 20747.09
20745.16 20746.84
20745.16 20746.84
20743.96 20745.79
20744.22 20746.03
20744.22 20746.03
20745.39 20746.86
20745.39 20746.86
20745.39 20746.86
20745.37 20746.88
20745.37 20746.88
20743.64 20745.36
20746.03 20747.97
20746.03 20747.97
20745.96 20747.79
20745.96 20747.79
20746.21 20748.04
20747.28 20749.23
20747.28 20749.23
20746.97 20748.78
20746.97 20748.78
20748.47 20750.28
20749.41 20751.10
20749.41 20751.10
20748.46 20750.29
20748.90 20750.60
20748.90 20750.60
20747.98 20749.78
20747.98 20749.78
20749.15 20750.85
20750.47 20752.28
20750.47 20752.28
20750.48 20752.28
20750.48 20752.28
20750.72 20752.53
20750.39 20752.11
20750.39 20752.11
20751.23 20753.03
20751.23 20753.03
20751.13 20752.63
20755.65 20757.35
20755.65 20757.35
20754.98 20756.78
20754.66 20756.35
20754.66 20756.35
20754.66 20756.35
20753.88 20755.38
20753.88 20755.38
20752.98 20754.78
20752.98 20754.78
20754.90 20756.61
20754.90 20756.61
20755.40 20757.10
20755.14 20756.86
20755.14 20756.86
20754.16 20755.85
20754.16 20755.85
20754.16 20755.84
20754.48 20756.28
20754.48 20756.28
20754.48 20756.28
20756.65 20758.35
20757.16 20758.34
20757.16 20758.34
20758.47 20760.28
20758.47 20760.28
20756.97 20758.78
20757.90 20759.61
20757.90 20759.61
20757.97 20759.78
20759.06 20759.69
20760.39 20761.86
20760.39 20761.86
20760.48 20762.28
20760.48 20762.28
20760.48 20762.28
20760.23 20762.03
20759.21 20761.04
20759.21 20761.04
20759.03 20760.97
20759.03 20760.97
20758.63 20760.13
20758.63 20760.13
20758.98 20760.78
20758.97 20760.78
20758.97 20760.78
20759.98 20761.78
20759.98 20761.78
20760.56 20761.19
20760.56 20761.19
20760.71 20762.54
20761.47 20763.28
20761.47 20763.28
20761.47 20763.28
20761.47 20763.28
20762.03 20763.97
20762.03 20763.97
20761.91 20763.60
20761.91 20763.60
20761.91 20763.60
20762.22 20764.03
20762.66 20764.34
20762.66 20764.34
20762.21 20764.04
20762.21 20764.04
20760.16 20761.84
20760.16 20761.84
20760.64 20762.36
20760.64 20762.36
20761.91 20763.60
20761.91 20763.60
20760.97 20762.78
20760.97 20762.78
20760.90 20762.60
20760.22 20762.03
20760.22 20762.03
20760.46 20762.29
20760.46 20762.29
20761.46 20763.29
20760.46 20762.29
20760.46 20762.29
20760.22 20762.03
20760.22 20762.03
20760.22 20762.03
20760.22 20762.03
20761.03 20762.97
20761.03 20762.97
20762.41 20763.60
20759.14 20760.61
20759.14 20760.61
20759.15 20760.86
20758.22 20760.03
20758.22 20760.03
20758.91 20760.60
20758.91 20760.60
20758.91 20760.60
20758.67 20759.84
20758.67 20759.84
20758.13 20759.62
20758.13 20759.62
20757.67 20758.83
20757.67 20758.83
20757.66 20759.34
20757.66 20759.34
20757.64 20759.36
20757.64 20759.36
20758.14 20759.86
20758.13 20759.62
20758.13 20759.62
20758.65 20760.35
20758.65 20760.35
20759.91 20761.59
20759.91 20761.59
20760.38 20761.88
20760.38 20761.88
20759.16 20760.84
20760.38 20761.88
20760.38 20761.88
20761.71 20763.54
20762.15 20763.85
20762.15 20763.85
20762.62 20764.13
20762.62 20764.13
20761.73 20763.53
20761.73 20763.53
20760.14 20761.61
20760.14 20761.61
20759.90 20761.60
20759.90 20761.60
20759.90 20761.60
20759.96 20761.79
20759.96 20761.79
20760.22 20762.03
20760.22 20762.03
20760.89 20762.61
20760.89 20762.61
20760.62 20762.13
20760.62 20762.13
20761.14 20762.61
20761.46 20763.29
20761.46 20763.29
20762.14 20763.86
20762.14 20763.86
20761.14 20762.61
20761.14 20762.61
20761.14 20762.61
20761.39 20762.86
20761.39 20762.86
20761.65 20762.85
20761.65 20762.85
20761.12 20762.63
20760.28 20762.22
20760.28 20762.22
20760.89 20762.36
20760.89 20762.36
20760.39 20761.86
20760.39 20761.86
20758.89 20760.36
20758.41 20760.10
20758.41 20760.10
20758.89 20760.36
20757.89 20759.61
20757.89 20759.61
20757.89 20759.61
20757.66 20759.34
20756.90 20758.60
20756.90 20758.60
20756.91 20758.59
20757.03 20758.98
20757.03 20758.98
20757.53 20759.48
20758.65 20760.36
20758.65 20760.36
20758.73 20760.53
20758.73 20760.53
20758.28 20760.23
20758.14 20759.86
20758.14 20759.86
20758.14 20759.86
20759.16 20760.35
20759.16 20760.35
20757.39 20758.86
20755.16 20756.84
20755.16 20756.84
20755.13 20756.63
20755.13 20756.63
20755.14 20756.61
20755.14 20756.61
20754.78 20756.73
20754.91 20756.60
20754.91 20756.60
20754.97 20756.78
20754.97 20756.78
20754.89 20756.61
20754.39 20755.86
20754.39 20755.86
20754.14 20755.61
20754.14 20755.61
20754.14 20755.61
20754.14 20755.61
20753.91 20755.59
20753.91 20755.59
20753.91 20755.59
20754.12 20755.63
20755.65 20756.85
20755.65 20756.85
20755.65 20756.85
20755.46 20757.29
20755.46 20757.29
20755.47 20757.28
20755.47 20757.28
20755.64 20757.36
20755.64 20757.36
20755.72 20757.53
20755.90 20757.61
20755.90 20757.61
20755.41 20757.09
20755.41 20757.09
20756.88 20758.38
20756.88 20758.38
20755.72 20757.53
20755.98 20757.78
20755.98 20757.78
20755.97 20757.78
20754.87 20756.38
20754.87 20756.38
20754.87 20756.38
20754.87 20756.38
20754.89 20756.36
20755.87 20757.38
20755.87 20757.38
20755.64 20757.11
20755.64 20757.11
20755.65 20757.36
20755.65 20757.36
20755.65 20757.36
20756.64 20758.11
20756.64 20758.11
20756.64 20758.11
20756.64 20758.11
20756.66 20757.84
20756.87 20758.38
20756.87 20758.38
20756.89 20758.36
20756.66 20758.34
20756.66 20758.34
20756.39 20758.11
20756.39 20758.11
20756.39 20757.86
20756.39 20757.86
20756.39 20757.86
20756.40 20758.11
20756.40 20758.11
20756.13 20757.63
20756.16 20757.35
20756.16 20757.35
20755.37 20756.88
20755.37 20756.88
20754.14 20755.61
20754.14 20755.61
20753.16 20754.85
20753.16 20754.85
20753.21 20755.04
20753.21 20755.04
20753.41 20755.09
20752.63 20754.13
20753.87 20755.38
20753.87 20755.38
20754.78 20756.73
20754.78 20756.73
20754.89 20756.61
20754.39 20755.86
20754.39 20755.86
20754.39 20756.11
20754.39 20756.11
20754.39 20756.11
20754.89 20756.36
20754.89 20756.36
20754.89 20756.36
20754.89 20756.36
20754.89 20756.36
20754.39 20755.86
20753.46 20755.29
20753.46 20755.29
20753.46 20755.29
20752.91 20754.59
20752.91 20754.59
20753.38 20754.88
20753.38 20754.88
20753.14 20754.61
20753.14 20754.61
20753.15 20754.86
20753.15 20754.86
20753.39 20754.86
20753.39 20754.86
20753.65 20755.35
20753.14 20754.86
20753.14 20754.86
20752.66 20754.35
20752.66 20754.35
20752.31 20752.94
20752.31 20752.94
20750.98 20752.78
20750.13 20751.63
20750.13 20751.63
20749.92 20751.08
20749.92 20751.08
20750.16 20751.85
20750.97 20752.78
20750.97 20752.78
20750.81 20751.44
20750.81 20751.44
20749.13 20750.62
20749.13 20750.62
20748.91 20750.60
20748.91 20750.60
20749.64 20751.36
20749.41 20751.09
20749.41 20751.09
20750.13 20751.63
20750.90 20752.60
20750.90 20752.60
20750.64 20752.36
20750.64 20752.36
20750.41 20752.10
20750.41 20752.10
20749.63 20751.12
20750.90 20752.60
20750.90 20752.60
20751.64 20753.11
20751.64 20753.11
20751.64 20753.11
20749.67 20750.84
20749.67 20750.84
20748.90 20750.10
20749.64 20751.11
20749.64 20751.11
20749.64 20751.11
20750.89 20752.61
20751.13 20752.63
20751.13 20752.63
20753.64 20755.36
20753.64 20755.36
20753.64 20755.36
20753.65 20755.36
20753.65 20755.36
20754.39 20755.86
20754.39 20755.86
20754.88 20756.37
20754.88 20756.37
20754.88 20756.37
20755.16 20756.34
20755.66 20756.85
20755.66 20756.85
20755.91 20757.60
20755.91 20757.60
20756.65 20758.35
20757.13 20758.62
20757.13 20758.62
20758.41 20760.10
20758.41 20760.10
20758.22 20760.03
20758.22 20760.03
20757.46 20759.29
20758.22 20760.03
20758.22 20760.03
20758.91 20760.60
20759.91 20761.09
20759.91 20761.09
20758.91 20760.59
20758.91 20760.59
20758.48 20760.28
20758.64 20760.36
20758.64 20760.36
20758.64 20760.36
20758.40 20760.11
20759.40 20761.10
20759.40 20761.10
20759.41 20761.09
20760.17 20761.33
20760.17 20761.33
20759.73 20761.53
20759.73 20761.53
20760.41 20762.09
20760.41 20762.09
20758.88 20760.37
20759.38 20760.88
20759.38 20760.88
20759.90 20761.60
20759.90 20761.60
20760.64 20762.36
20760.64 20762.36
20759.41 20761.10
20759.41 20761.10
20759.48 20761.28
20759.48 20761.28
20761.17 20762.33
20760.66 20762.34
20760.66 20762.34
20760.66 20762.34
20760.66 20762.34
20761.88 20763.38
20761.88 20763.38
20762.14 20763.61
20762.14 20763.61
20762.15 20763.86
20762.40 20764.10
20762.40 20764.10
20763.63 20765.13
20763.63 20765.13
20763.47 20765.28
20762.73 20764.53
20762.73 20764.53
20762.73 20764.53
20763.63 20765.12
20761.65 20763.36
20761.65 20763.36
20761.65 20763.36
20760.38 20761.88
20759.16 20760.84
20759.16 20760.84
20760.66 20762.34
20757.62 20759.13
20757.62 20759.13
