21043.80 21044.45
21043.80 21044.45
21043.89 21045.36
21043.89 21045.36
21044.88 21046.37
21044.88 21046.37
21044.65 21046.35
21043.90 21045.61
21043.90 21045.61
21043.89 21045.36
21043.89 21045.36
21043.67 21044.83
21043.67 21044.83
21043.18 21044.33
21043.88 21045.37
21043.88 21045.37
21043.41 21045.10
21043.41 21045.10
21043.89 21045.36
21043.64 21045.11
21043.64 21045.11
21044.31 21044.94
21043.38 21044.87
21043.38 21044.87
21042.31 21042.94
21042.31 21042.94
21041.90 21043.10
21043.64 21045.11
21043.64 21045.11
21044.89 21046.36
21045.62 21047.13
21045.62 21047.13
21045.39 21046.86
21045.39 21046.86
21044.38 21045.87
21044.38 21045.87
21044.67 21045.83
21044.67 21045.83
21044.88 21046.37
21045.16 21046.84
21045.16 21046.84
21045.16 21046.84
21045.13 21046.62
21045.91 21047.09
21045.91 21047.09
21045.91 21047.09
21045.18 21046.33
21045.18 21046.33
21043.91 21045.60
21043.91 21045.60
21043.14 21044.61
21042.39 21044.11
21042.39 21044.11
21042.63 21044.12
21041.41 21042.59
21041.41 21042.59
21040.39 21041.86
21041.12 21042.63
21041.12 21042.63
21040.13 21041.63
21040.15 21041.35
21040.15 21041.35
21040.39 21041.86
21040.39 21041.86
21040.91 21042.60
21041.14 21042.86
21041.14 21042.86
21041.14 21042.61
21041.14 21042.61
21041.13 21042.62
21041.64 21043.11
21041.64 21043.11
21040.91 21042.59
21040.91 21042.59
21040.66 21042.35
21041.66 21043.35
21041.66 21043.35
21041.66 21043.35
21040.87 21042.38
21041.37 21042.88
21041.37 21042.88
21040.39 21041.86
21040.39 21041.86
21040.42 21041.58
21040.40 21042.10
21040.40 21042.10
21040.64 21042.11
21040.64 21042.11
21038.46 21040.29
21038.46 21040.29
21039.16 21040.85
21038.91 21040.60
21038.91 21040.60
21038.90 21040.60
21038.90 21040.60
21037.67 21038.83
21036.15 21037.85
21036.15 21037.85
21036.13 21037.63
21036.13 21037.63
21036.14 21037.61
21036.14 21037.61
21038.14 21039.61
21038.14 21039.61
21037.89 21039.36
21038.63 21040.12
21038.63 21040.12
21039.39 21040.86
21039.39 21040.86
21036.89 21038.36
21038.13 21039.62
21038.13 21039.62
21037.98 21039.78
21037.98 21039.78
21038.12 21039.63
21038.12 21039.63
21037.62 21039.13
21036.67 21037.83
21036.67 21037.83
21037.16 21038.85
21037.40 21039.11
21037.40 21039.11
21037.64 21039.11
21037.64 21039.11
21037.40 21039.10
21037.65 21039.36
21037.65 21039.36
21038.91 21040.59
21039.14 21040.61
21039.14 21040.61
21038.48 21040.28
21038.89 21040.36
21038.89 21040.36
21038.88 21040.37
21038.88 21040.37
21038.41 21040.10
21038.41 21040.10
21037.97 21039.78
21038.66 21039.84
21038.66 21039.84
21038.90 21040.60
21039.38 21040.87
21039.38 21040.87
21039.14 21040.61
21038.90 21040.61
21038.90 21040.61
21038.66 21040.34
21038.66 21040.34
21038.66 21040.34
21038.89 21040.36
21038.91 21040.60
21038.91 21040.60
21039.13 21040.62
21039.13 21040.62
21038.90 21040.60
21038.14 21039.61
21038.14 21039.61
21038.14 21039.61
21038.14 21039.61
21038.38 21039.87
21038.38 21039.87
21038.40 21040.10
21038.40 21040.10
21039.12 21040.63
21037.14 21038.61
21037.14 21038.61
21037.15 21038.86
21036.88 21038.37
21036.88 21038.37
21036.91 21038.09
21037.91 21039.60
21037.91 21039.60
21037.40 21039.10
21037.40 21039.10
21037.14 21038.86
21037.14 21038.86
21037.16 21038.34
21037.15 21038.86
21037.15 21038.86
21038.15 21039.85
21039.16 21040.34
21039.16 21040.34
21038.65 21040.36
21038.65 21040.36
21039.15 21040.35
21039.15 21040.35
21038.91 21040.09
21037.18 21038.33
21037.18 21038.33
21037.64 21039.11
21038.14 21039.61
21038.14 21039.61
21038.39 21039.86
21038.39 21039.86
21038.39 21039.86
21038.38 21039.87
21038.38 21039.87
21038.38 21039.87
21039.15 21040.35
21038.13 21039.62
21038.13 21039.62
21037.91 21039.60
21038.17 21039.33
21038.17 21039.33
21038.39 21039.86
21038.39 21039.86
21038.40 21040.11
21038.40 21040.11
21038.88 21040.37
21038.38 21039.87
21038.38 21039.87
21039.39 21040.86
21039.39 21040.86
21039.88 21041.37
21039.40 21040.60
21039.40 21040.60
21036.65 21038.36
21036.65 21038.36
21035.66 21036.84
21034.41 21036.10
21034.41 21036.10
21034.16 21035.85
21034.16 21035.85
21035.39 21036.86
21035.39 21036.86
21035.16 21036.85
21035.16 21036.85
21036.15 21037.35
21036.39 21038.11
21036.39 21038.11
21036.39 21038.11
21035.88 21037.37
21035.88 21037.37
21035.88 21037.37
21035.91 21037.09
21035.91 21037.09
21035.64 21037.11
21035.64 21037.11
21035.65 21037.36
21035.65 21037.36
21035.90 21037.61
21036.64 21038.11
21036.64 21038.11
21037.37 21038.88
21037.37 21038.88
21037.16 21038.84
21037.16 21038.84
21037.38 21038.87
21037.38 21038.87
21038.14 21039.61
21038.14 21039.61
21038.17 21039.33
21038.17 21039.33
21038.14 21039.61
21038.14 21039.61
21038.14 21039.61
21038.40 21040.11
21039.12 21040.63
21039.12 21040.63
21039.12 21040.63
21039.16 21040.34
21039.63 21041.12
21039.63 21041.12
21039.39 21040.86
21039.39 21040.86
21039.14 21040.61
21039.14 21040.61
21037.91 21039.60
21037.91 21039.60
21038.66 21039.84
21038.66 21039.84
21038.90 21040.10
21038.90 21040.10
21039.91 21041.60
21039.38 21040.87
21039.38 21040.87
21039.39 21040.86
21040.38 21041.87
21040.38 21041.87
21039.40 21041.10
21039.40 21041.10
21040.14 21041.61
21040.14 21041.61
21040.66 21042.34
21040.66 21042.34
21041.91 21043.60
21041.91 21043.60
21044.56 21045.19
21044.41 21046.10
21044.41 21046.10
21044.37 21045.88
21044.37 21045.88
21044.62 21046.13
21046.41 21047.59
21046.41 21047.59
21046.39 21047.86
21046.39 21047.86
21045.64 21047.11
21043.65 21045.36
21043.65 21045.36
21043.63 21045.12
21043.63 21045.12
21045.66 21047.35
21045.87 21047.38
21045.87 21047.38
21045.87 21047.38
21045.39 21047.11
21045.39 21047.11
21045.64 21047.11
21045.64 21047.11
21046.13 21047.62
21045.65 21047.36
21045.65 21047.36
21045.39 21046.86
21045.39 21046.86
21045.37 21046.88
21044.65 21046.35
21044.65 21046.35
21044.65 21046.35
21044.65 21046.35
21045.13 21046.62
21045.13 21046.62
21044.65 21046.35
21044.65 21046.35
21044.66 21045.84
21044.66 21045.84
21044.64 21046.11
21044.64 21046.11
21044.90 21046.61
21044.16 21045.85
21044.16 21045.85
21043.16 21044.85
21043.16 21044.85
21043.14 21044.61
21043.14 21044.61
21043.16 21044.85
21043.16 21044.85
21043.37 21044.88
21043.37 21044.88
21043.37 21044.88
21043.67 21044.83
21043.67 21044.83
21043.67 21044.83
21044.89 21046.36
21044.89 21046.36
21045.13 21046.62
21044.88 21046.37
21044.88 21046.37
21044.88 21046.37
21045.88 21047.37
21045.88 21047.37
21045.88 21047.37
21045.88 21047.37
21045.41 21047.10
21044.64 21046.11
21044.64 21046.11
21044.16 21045.85
21045.39 21046.86
21045.39 21046.86
21045.39 21046.86
21045.39 21046.86
21045.13 21046.62
21045.88 21047.38
21045.88 21047.38
21043.88 21045.37
21043.89 21045.36
21043.89 21045.36
21043.39 21044.86
21043.39 21044.86
21043.63 21045.12
21043.63 21045.12
21043.15 21044.85
21043.15 21044.85
21043.40 21045.11
21043.40 21045.11
21043.40 21045.11
21043.64 21045.11
21043.39 21044.86
21043.39 21044.86
21043.66 21045.35
21043.66 21045.35
21043.89 21045.36
21043.89 21045.36
21043.89 21045.36
21043.89 21045.36
21043.90 21045.10
21043.90 21045.10
21044.06 21044.69
21044.06 21044.69
21043.67 21044.83
21043.67 21044.83
21043.17 21044.33
21042.87 21044.38
21042.87 21044.38
21042.87 21044.38
21042.65 21044.36
21042.65 21044.36
21042.90 21044.10
21040.38 21041.87
21040.38 21041.87
21040.64 21042.11
21040.64 21042.11
21042.13 21043.62
21042.13 21043.62
21042.89 21044.36
21043.15 21044.86
21043.15 21044.86
21044.14 21045.61
21044.14 21045.61
21043.91 21045.60
21043.91 21045.60
21043.91 21045.60
21043.88 21045.37
21043.88 21045.37
21044.65 21046.35
21044.65 21046.35
21045.17 21046.33
21045.14 21046.61
21045.14 21046.61
21043.89 21045.36
21043.89 21045.36
21043.12 21044.63
21044.06 21044.69
21044.06 21044.69
21043.91 21045.60
21043.90 21045.61
21043.90 21045.61
21044.64 21046.36
21044.64 21046.36
21045.16 21046.34
21045.16 21046.34
21044.63 21046.12
21044.63 21046.12
21045.13 21046.62
21045.40 21047.11
21045.40 21047.11
21045.40 21047.11
21045.62 21047.13
21045.62 21047.13
21043.66 21045.34
21043.66 21045.34
21044.65 21045.85
21044.65 21045.85
21044.64 21046.11
21044.41 21046.10
21044.41 21046.10
21044.16 21045.34
21044.16 21045.34
21044.64 21046.11
21044.64 21046.11
21044.53 21046.48
21044.40 21046.10
21044.40 21046.10
21044.40 21046.10
21044.65 21046.36
21044.65 21046.36
21045.42 21046.58
21045.42 21046.58
21045.42 21046.58
21047.17 21048.33
21047.17 21048.33
21046.91 21048.09
21046.91 21048.09
21046.66 21047.84
21046.66 21047.84
21046.66 21047.84
21046.66 21047.84
21046.66 21048.34
21046.66 21048.34
21046.63 21048.12
21046.63 21048.12
21046.62 21048.13
21046.62 21048.13
21046.64 21048.11
21046.42 21047.58
21046.42 21047.58
21046.64 21048.11
21046.64 21048.11
21043.91 21045.60
21043.91 21045.60
21044.16 21045.85
21044.16 21045.85
21044.67 21045.83
21044.67 21045.83
21044.67 21045.83
21044.62 21046.13
21044.90 21046.10
21044.90 21046.10
21045.15 21046.86
21045.15 21046.86
21045.15 21046.86
21044.89 21046.61
21044.89 21046.61
21044.89 21046.61
21044.91 21046.09
21044.91 21046.09
21044.91 21046.09
21044.67 21045.83
21044.15 21045.35
21044.15 21045.35
21044.40 21046.10
21044.40 21046.10
21045.13 21046.62
21043.87 21045.38
21043.87 21045.38
21044.13 21045.63
21043.38 21044.87
21043.38 21044.87
21043.38 21044.87
21043.39 21044.86
21043.91 21045.59
21043.91 21045.59
21043.67 21044.83
21043.67 21044.83
21043.64 21045.11
21043.64 21045.11
21043.64 21045.11
21042.38 21043.87
21042.38 21043.87
21040.89 21042.36
21041.64 21043.11
21041.64 21043.11
21041.40 21043.10
21040.38 21041.87
21040.38 21041.87
21040.15 21041.86
21039.87 21041.38
21039.87 21041.38
21039.63 21041.13
21039.63 21041.13
21039.88 21041.37
21039.88 21041.37
21039.89 21041.36
21039.89 21041.36
21040.14 21041.61
21040.14 21041.61
21039.90 21041.61
21039.66 21041.34
21039.66 21041.34
21039.66 21041.34
21039.66 21041.34
21040.16 21041.84
21040.16 21041.84
21039.41 21041.10
21039.41 21041.10
21039.66 21041.35
21039.66 21041.35
21039.65 21041.36
21040.39 21041.86
21040.39 21041.86
21038.90 21040.61
21038.90 21040.61
21038.90 21040.61
21038.90 21040.61
21039.15 21040.35
21039.15 21040.35
21038.64 21040.11
21038.64 21040.11
21039.16 21040.34
21040.66 21042.35
21040.66 21042.35
21040.38 21041.87
21040.38 21041.87
21040.16 21041.34
21040.16 21041.34
21040.16 21041.34
21040.17 21041.33
21040.17 21041.33
21040.17 21041.33
21040.16 21041.34
21040.16 21041.34
21040.40 21042.10
21040.40 21042.11
21040.40 21042.11
21041.65 21043.36
21041.39 21042.86
21041.39 21042.86
21041.92 21043.08
21041.92 21043.08
21041.41 21043.10
21041.41 21043.10
21041.41 21043.09
21041.41 21043.09
21041.16 21042.85
21041.16 21042.85
21041.16 21042.85
21041.16 21042.85
21041.16 21042.85
21041.16 21042.85
21041.16 21042.85
21041.39 21043.11
21041.39 21043.11
21039.89 21041.36
21039.63 21041.12
21039.63 21041.12
21040.88 21042.37
21040.88 21042.37
21040.89 21042.36
21041.18 21042.33
21041.18 21042.33
21041.41 21043.10
21041.37 21042.88
21041.37 21042.88
21041.64 21043.11
21041.64 21043.11
21041.90 21043.61
21041.66 21043.35
21041.66 21043.35
21039.91 21041.60
21039.91 21041.60
21040.16 21041.34
21040.17 21041.33
21040.17 21041.33
21040.37 21041.88
21040.37 21041.88
21040.42 21041.58
21040.42 21041.58
21040.40 21042.11
21040.40 21042.11
21041.90 21043.60
21041.90 21043.60
21040.15 21041.86
21040.05 21040.70
21040.05 21040.70
