20835.53 20837.48
20835.53 20837.48
20835.53 20837.48
20835.21 20837.04
20837.08 20839.17
20837.08 20839.17
20835.03 20836.98
20834.03 20835.98
20834.03 20835.98
20834.21 20836.04
20834.21 20836.04
20833.91 20835.59
20833.91 20835.59
20833.53 20835.48
20833.53 20835.48
20833.53 20835.48
20833.78 20835.72
20833.78 20835.72
20834.28 20836.22
20835.28 20837.23
20835.28 20837.23
20837.62 20839.13
20836.71 20838.54
20836.71 20838.54
20836.28 20838.23
20836.28 20838.23
20837.46 20839.29
20837.47 20839.28
20837.47 20839.28
20836.53 20838.48
20836.53 20838.47
20836.53 20838.47
20836.03 20837.98
20836.28 20838.22
20836.28 20838.22
20835.72 20837.53
20835.72 20837.53
20835.53 20837.47
20835.53 20837.47
20835.03 20836.98
20835.03 20836.98
20835.78 20837.72
20835.78 20837.72
20836.73 20838.53
20835.66 20837.34
20835.66 20837.34
20835.66 20837.34
20835.66 20837.34
20837.23 20839.03
20837.90 20839.60
20837.90 20839.60
20839.15 20840.85
20839.15 20840.85
20836.65 20838.36
20836.65 20838.36
20836.08 20838.17
20835.53 20837.47
20835.53 20837.47
20838.53 20840.48
20838.53 20840.48
20838.21 20840.04
20838.21 20840.04
20838.23 20840.03
20838.23 20840.03
20838.03 20839.98
20838.03 20839.98
20837.98 20839.78
20837.03 20838.98
20837.03 20838.98
20837.53 20839.48
20837.53 20839.48
20837.66 20839.34
20837.66 20839.34
20839.21 20841.04
20837.78 20839.72
20837.78 20839.72
20836.96 20838.79
20836.96 20838.79
20836.96 20838.79
20836.28 20838.22
20836.28 20838.22
20835.28 20837.23
20835.28 20837.23
20836.47 20838.28
20836.47 20838.28
20836.23 20838.03
20836.28 20838.22
20836.28 20838.22
20836.48 20838.28
20836.48 20838.28
20836.96 20838.79
20836.96 20838.79
20836.96 20838.79
20836.98 20838.78
20836.98 20838.78
20836.98 20838.78
20836.96 20838.79
20834.98 20836.78
20834.98 20836.78
20834.40 20836.10
20834.40 20836.10
20836.39 20838.11
20836.39 20838.11
20836.90 20838.60
20836.90 20838.60
20836.90 20838.60
20837.14 20838.61
20837.14 20838.61
20837.98 20839.78
20838.28 20840.22
20838.28 20840.22
20839.96 20841.79
20839.96 20841.79
20840.16 20841.84
20844.15 20845.85
20844.15 20845.85
20845.22 20847.03
20845.22 20847.03
20846.81 20847.44
20846.81 20847.44
20845.98 20847.78
20845.90 20847.61
20845.90 20847.61
20845.98 20847.78
20844.39 20846.11
20844.39 20846.11
20843.40 20845.10
20843.21 20845.04
20843.21 20845.04
20842.22 20844.03
20841.73 20843.53
20841.73 20843.53
20841.03 20842.97
20841.46 20843.29
20841.46 20843.29
20841.66 20843.35
20841.66 20843.35
20841.48 20843.28
20841.48 20843.28
20841.28 20843.23
20838.40 20840.10
20838.40 20840.10
20836.21 20838.04
20836.21 20838.04
20835.72 20837.53
20835.72 20837.53
20835.71 20837.54
20835.71 20837.54
20836.40 20838.11
20837.98 20839.78
20837.98 20839.78
20838.62 20841.14
20839.91 20841.60
20839.91 20841.60
20839.53 20841.48
20839.53 20841.48
20841.28 20843.23
20840.91 20842.60
20840.91 20842.60
20842.41 20844.09
20842.03 20843.98
20842.03 20843.98
20843.53 20845.48
20843.53 20845.48
20843.71 20845.54
20843.71 20845.54
20843.71 20845.54
20843.46 20845.29
20843.46 20845.29
20844.03 20845.98
20844.65 20846.35
20844.65 20846.35
20844.65 20846.35
20845.81 20846.44
20843.71 20845.54
20843.71 20845.54
20843.03 20844.97
20843.03 20844.97
20842.98 20844.78
20842.23 20844.03
20842.23 20844.03
20841.28 20843.22
20841.28 20843.22
20842.98 20844.78
20842.96 20844.79
20842.96 20844.79
20843.16 20844.85
20843.16 20844.85
20841.14 20842.61
20841.14 20842.61
20840.72 20842.53
20840.72 20842.53
20840.73 20842.53
20840.73 20842.53
20840.73 20842.53
20840.73 20842.53
20840.73 20842.53
20840.53 20842.48
20838.73 20840.53
20838.73 20840.53
20838.47 20840.28
20838.47 20840.28
20835.78 20837.73
20836.28 20838.22
20836.28 20838.22
20835.97 20837.78
20835.78 20837.73
20835.78 20837.73
20836.16 20837.85
20836.16 20837.85
20836.16 20837.85
20836.16 20837.85
20836.83 20838.92
20836.83 20838.92
20836.72 20838.53
20836.72 20838.53
20836.72 20838.53
20836.72 20838.53
20836.73 20838.53
20836.73 20838.53
20837.03 20838.97
20838.58 20840.67
20838.58 20840.67
20838.63 20840.87
20838.63 20840.87
20839.90 20841.60
20840.21 20842.04
20840.21 20842.04
20840.03 20841.98
20840.03 20841.98
20839.47 20841.28
20839.47 20841.28
20841.41 20843.09
20841.41 20843.09
20842.53 20844.48
20842.53 20844.48
20842.98 20844.78
20842.97 20844.78
20842.97 20844.78
20842.97 20844.78
20843.71 20845.54
20843.71 20845.54
20844.78 20846.73
20844.78 20846.73
20844.78 20846.73
20845.38 20846.87
20845.38 20846.87
20845.78 20847.72
20843.53 20845.47
20843.53 20845.47
20844.23 20846.03
20844.23 20846.03
20844.23 20846.03
20842.73 20844.53
20841.97 20843.78
20841.97 20843.78
20842.73 20844.53
20842.73 20844.53
20842.53 20844.48
20841.63 20843.87
20842.53 20844.48
20842.53 20844.48
20842.28 20844.22
20842.28 20844.22
20842.53 20844.47
20841.46 20843.29
20841.46 20843.29
20845.28 20847.22
20845.28 20847.22
20845.40 20847.10
20845.40 20847.10
20845.78 20847.73
20845.78 20847.73
20845.97 20847.78
20845.97 20847.78
20844.58 20846.67
20844.28 20846.23
20844.28 20846.23
20844.98 20846.78
20844.98 20846.78
20845.28 20847.22
20845.03 20846.98
20845.03 20846.98
20844.03 20845.98
20844.53 20846.48
20844.53 20846.48
20844.53 20846.48
20844.53 20846.47
20844.53 20846.47
20844.53 20846.47
20844.98 20846.78
20844.98 20846.78
20844.98 20846.78
20844.33 20846.42
20844.03 20845.97
20844.03 20845.97
20843.97 20845.78
20843.97 20845.78
20844.14 20845.86
20844.14 20845.86
20844.28 20846.22
20844.22 20846.03
20844.22 20846.03
20842.66 20844.35
20840.96 20842.79
20840.96 20842.79
20840.53 20842.47
20840.48 20842.28
20840.48 20842.28
20837.88 20840.12
20835.97 20837.78
20835.97 20837.78
20836.16 20837.84
20836.16 20837.84
20835.53 20837.48
20833.53 20835.47
20833.53 20835.47
20833.53 20835.47
20833.53 20835.47
20832.33 20834.42
20832.33 20834.42
20833.90 20835.60
20834.96 20836.79
20834.96 20836.79
20834.16 20835.84
20834.16 20835.84
20835.48 20837.28
20833.16 20834.85
20833.16 20834.85
20831.90 20833.61
20831.90 20833.61
20832.22 20834.03
20832.22 20834.03
20832.22 20834.03
20832.78 20834.73
20832.78 20834.73
20832.78 20834.73
20833.40 20835.10
20833.40 20835.10
20836.22 20838.03
20836.53 20838.47
20836.53 20838.47
20836.28 20838.22
20836.28 20838.22
20836.33 20838.42
20836.33 20838.42
20836.33 20838.42
20836.78 20838.73
20836.78 20838.73
20835.15 20836.86
20835.15 20836.86
20833.58 20835.67
20833.58 20835.67
20834.73 20836.53
20834.73 20836.53
20834.73 20836.53
20834.73 20836.53
20834.96 20836.79
20834.78 20836.72
20834.78 20836.72
20834.65 20836.35
20834.65 20836.35
20834.72 20836.53
20834.72 20836.53
20834.98 20836.78
20834.98 20836.78
20832.98 20834.78
20832.98 20834.78
20832.23 20834.03
20831.53 20833.48
20831.53 20833.48
20831.90 20833.60
20831.90 20833.60
20832.23 20834.03
20832.23 20834.03
20834.96 20836.79
20834.96 20836.79
20833.23 20835.03
20832.98 20834.78
20832.98 20834.78
20833.23 20835.03
20832.23 20834.03
20832.23 20834.03
20832.28 20834.22
20832.28 20834.22
20832.22 20834.03
20831.78 20833.73
20831.78 20833.73
20831.78 20833.73
20830.96 20832.79
20829.91 20831.60
20829.91 20831.60
20829.03 20830.98
20826.53 20828.47
20826.53 20828.47
20825.66 20827.35
20825.66 20827.35
20824.97 20826.78
20824.97 20826.78
20825.03 20826.98
20825.53 20827.47
20825.53 20827.47
20825.53 20827.47
20825.98 20827.78
20825.98 20827.78
20823.58 20825.67
20823.48 20825.28
20823.48 20825.28
20823.53 20825.47
20822.53 20824.48
20822.53 20824.48
20822.28 20824.23
20822.28 20824.23
20822.97 20824.78
20823.28 20825.22
20823.28 20825.22
20822.23 20824.03
20823.08 20825.17
20823.08 20825.17
20823.28 20825.22
20821.71 20823.54
20821.71 20823.54
20821.97 20823.78
20821.97 20823.78
20821.98 20823.78
20819.53 20821.48
20819.53 20821.48
20819.28 20821.22
20817.53 20819.47
20817.53 20819.47
20814.73 20816.53
20814.73 20816.53
20812.91 20814.60
20813.33 20815.42
20813.33 20815.42
20816.03 20817.98
20816.03 20817.98
20817.98 20819.78
20815.66 20817.34
20815.66 20817.34
20816.78 20818.72
20816.78 20818.72
20818.73 20820.53
20818.97 20820.78
20818.97 20820.78
20825.33 20827.42
20829.78 20831.72
20829.78 20831.72
20828.40 20830.11
20828.73 20830.53
20828.73 20830.53
20830.28 20832.22
20830.28 20832.22
20829.03 20830.98
20828.53 20830.48
20828.53 20830.48
20826.97 20828.78
20828.98 20830.78
20828.98 20830.78
20829.15 20830.85
20829.08 20831.17
20829.08 20831.17
20829.16 20830.85
20829.16 20830.85
20826.78 20828.73
20826.83 20828.92
20826.83 20828.92
20827.78 20829.72
20826.73 20828.53
20826.73 20828.53
20826.78 20828.73
20826.78 20828.73
20826.08 20828.17
20826.08 20828.17
20826.83 20828.92
20827.23 20829.03
20827.23 20829.03
20824.91 20826.59
20824.91 20826.59
20826.33 20828.42
20824.58 20826.67
20822.58 20824.67
20822.58 20824.67
20822.58 20824.67
20823.08 20825.17
20824.53 20826.48
20824.53 20826.48
20824.71 20826.54
20824.03 20825.98
20824.83 20826.92
20824.83 20826.92
20822.53 20824.47
20822.53 20824.47
20823.03 20824.97
20821.22 20823.03
20821.22 20823.03
20820.73 20822.53
20820.73 20822.53
20820.73 20822.53
20823.28 20825.23
20823.28 20825.22
20823.28 20825.22
20823.21 20825.04
20823.21 20825.04
20821.73 20823.53
20821.73 20823.53
20821.65 20822.85
20820.41 20822.10
20820.41 20822.10
20820.90 20822.61
20820.90 20822.61
20821.22 20823.03
20822.53 20824.47
20822.53 20824.47
20822.53 20824.48
20822.53 20824.48
20823.48 20825.28
20823.48 20825.28
20823.66 20825.34
20823.66 20825.34
20824.21 20826.04
20824.21 20826.04
20825.65 20827.35
20824.90 20826.61
20824.90 20826.61
20824.53 20826.48
20823.78 20825.72
20823.78 20825.72
20824.53 20826.47
20824.53 20826.47
20825.33 20827.42
20825.28 20827.23
20825.28 20827.23
20823.08 20825.17
20821.65 20823.36
20821.65 20823.36
20821.65 20823.36
20821.72 20823.53
20821.72 20823.53
20821.53 20823.48
20823.96 20825.79
20823.96 20825.79
20824.08 20826.17
20824.08 20826.17
20824.62 20827.14
20823.78 20825.72
20823.78 20825.72
20823.58 20825.67
20822.58 20824.67
20822.58 20824.67
20822.58 20824.67
20824.21 20826.04
20824.21 20826.04
20824.83 20826.92
20825.73 20827.53
20825.73 20827.53
20826.97 20828.78
20826.78 20828.73
20826.78 20828.73
20825.83 20827.92
20826.23 20828.03
20826.23 20828.03
20826.64 20828.11
20826.64 20828.11
20823.58 20825.67
20823.58 20825.67
20823.72 20825.53
20824.23 20826.03
20824.23 20826.03
20824.08 20826.17
20824.08 20826.17
20823.78 20825.72
20823.78 20825.72
20823.53 20825.48
20823.53 20825.48
20823.33 20825.42
20823.33 20825.42
20823.03 20824.97
20823.46 20825.29
20823.46 20825.29
20825.28 20827.23
20825.28 20827.23
20825.03 20826.98
20825.78 20827.73
20825.78 20827.73
20825.81 20826.44
20825.81 20826.44
20826.53 20828.48
20826.53 20828.48
20828.64 20830.36
20831.28 20833.23
20831.28 20833.23
20830.08 20832.17
20831.03 20832.97
20831.03 20832.97
20829.40 20831.11
20829.40 20831.11
20828.78 20830.73
20828.78 20830.73
20827.78 20829.72
20827.78 20829.72
20827.78 20829.72
20827.65 20829.35
20827.65 20829.35
20827.65 20829.35
20827.98 20829.78
20827.98 20829.78
20828.15 20829.86
20828.15 20829.86
20829.53 20831.48
20829.28 20831.23
20829.28 20831.23
20832.53 20834.48
20832.53 20834.48
20833.65 20835.35
20833.65 20835.35
20834.08 20836.17
20833.78 20835.72
20833.78 20835.72
20833.97 20835.78
20834.48 20836.28
20834.48 20836.28
20834.48 20836.28
