20915.92 20917.08
20915.92 20917.08
20916.65 20917.85
20916.65 20917.85
20916.41 20917.59
20916.67 20917.83
20916.67 20917.83
20916.16 20917.34
20919.15 20920.35
20919.15 20920.35
20919.64 20921.11
20919.17 20920.33
20919.17 20920.33
20918.43 20919.58
20918.15 20919.35
20918.15 20919.35
20919.39 20920.86
20919.39 20920.86
20919.13 20920.62
20919.13 20920.62
20918.80 20919.45
20918.80 20919.45
20917.68 20918.83
20917.68 20918.83
20917.16 20918.34
20917.16 20918.34
20917.16 20918.34
20916.92 20918.08
20916.92 20918.08
20917.65 20918.85
20916.89 20918.36
20916.89 20918.36
20915.92 20917.08
20915.41 20916.59
20915.41 20916.59
20915.92 20917.08
20915.37 20916.88
20915.37 20916.88
20918.67 20919.83
20919.67 20920.83
20919.67 20920.83
20919.67 20920.83
20919.67 20920.83
20921.63 20923.12
20921.16 20922.34
20921.16 20922.34
20922.67 20923.83
20922.67 20923.83
20922.92 20924.08
20922.16 20923.34
20921.43 20922.58
20921.43 20922.58
20921.16 20922.34
20921.16 20922.34
20920.91 20922.09
20919.63 20921.12
20919.63 20921.12
20919.64 20921.11
20916.68 20917.83
20916.68 20917.83
20915.64 20917.11
20917.17 20918.33
20917.17 20918.33
20916.42 20917.58
20916.42 20917.58
20916.42 20917.58
20915.89 20917.36
20915.91 20917.10
20915.91 20917.10
20914.90 20916.10
20915.55 20916.20
20915.55 20916.20
20914.67 20915.83
20913.05 20913.70
20913.05 20913.70
20911.92 20913.08
20913.14 20914.61
20913.14 20914.61
20913.41 20914.59
20911.62 20913.13
20911.62 20913.13
20912.12 20913.63
20912.12 20913.63
20911.41 20912.59
20912.67 20913.83
20912.67 20913.83
20912.41 20913.60
20912.41 20913.60
20912.15 20913.35
20912.42 20913.58
20913.88 20915.37
20913.88 20915.37
20912.65 20913.85
20912.65 20913.85
20913.88 20915.38
20913.92 20915.08
20913.92 20915.08
20915.63 20917.12
20915.39 20916.86
20915.39 20916.86
20914.13 20915.62
20914.64 20916.11
20914.64 20916.11
20914.38 20915.88
20913.39 20914.86
20913.39 20914.86
20914.13 20915.62
20914.13 20915.62
20913.91 20915.09
20913.91 20915.09
20914.43 20915.58
20913.62 20915.13
20913.62 20915.13
20913.14 20914.61
20911.39 20912.86
20911.39 20912.86
20909.67 20910.83
20911.17 20912.33
20911.17 20912.33
20909.62 20911.13
20910.67 20911.83
20910.67 20911.83
20910.41 20911.59
20910.16 20911.34
20910.16 20911.34
20910.67 20911.83
20911.62 20913.13
20911.62 20913.13
20911.17 20912.33
20911.17 20912.33
20909.13 20910.62
20908.64 20910.11
20908.64 20910.11
20908.91 20910.09
20908.91 20910.09
20908.88 20910.37
20908.88 20910.37
20907.92 20909.08
20907.42 20908.58
20907.42 20908.58
20907.56 20908.19
20906.89 20908.36
20906.89 20908.36
20904.92 20906.08
20906.64 20908.11
20906.64 20908.11
20906.13 20907.62
20905.88 20907.37
20905.88 20907.37
20908.66 20909.84
20909.92 20911.08
20909.92 20911.08
20907.91 20909.09
20907.91 20909.09
20906.65 20907.85
20903.66 20904.84
20903.66 20904.84
20903.93 20905.08
20901.41 20902.59
20901.41 20902.59
20902.16 20903.34
20899.67 20900.83
20899.41 20900.59
20899.41 20900.59
20899.39 20900.86
20899.39 20900.86
20898.66 20899.84
20897.15 20898.35
20897.15 20898.35
20896.87 20898.38
20895.87 20897.38
20895.87 20897.38
20895.67 20896.83
20894.66 20895.84
20894.66 20895.84
20894.67 20895.83
20894.67 20895.83
20896.91 20898.10
20896.91 20898.10
20895.64 20897.11
20895.64 20897.11
20895.41 20896.59
20896.67 20897.83
20896.67 20897.83
20897.66 20898.85
20897.39 20898.86
20897.39 20898.86
20899.93 20901.08
20899.93 20901.08
20901.63 20903.12
20902.92 20904.08
20902.92 20904.08
20902.89 20904.36
20902.16 20903.34
20902.16 20903.34
20898.64 20900.11
20898.17 20899.33
20898.17 20899.33
20896.91 20898.09
20896.64 20898.11
20896.64 20898.11
20895.89 20897.36
20894.88 20896.37
20894.88 20896.37
20892.90 20894.10
20892.42 20893.58
20892.42 20893.58
20892.38 20893.88
20891.14 20892.61
20891.14 20892.61
20893.62 20895.13
20893.88 20895.37
20893.88 20895.37
20895.17 20896.33
20895.17 20896.33
20896.16 20897.34
20896.41 20897.59
20896.41 20897.59
20896.39 20897.86
20896.89 20898.36
20896.89 20898.36
20894.63 20896.12
20894.63 20896.12
20893.80 20894.45
20893.80 20894.45
20891.43 20892.58
20891.13 20892.62
20891.13 20892.62
20891.18 20892.33
20892.13 20893.62
20892.13 20893.62
20891.89 20893.36
20892.55 20893.20
20892.55 20893.20
20892.38 20893.87
20891.64 20893.11
20891.64 20893.11
20891.91 20893.09
20892.62 20894.13
20892.62 20894.13
20890.63 20892.12
20888.91 20890.09
20888.91 20890.09
20889.42 20890.58
20887.66 20888.84
20887.66 20888.84
20889.31 20889.94
20889.31 20889.94
20890.92 20892.08
20891.13 20892.62
20891.13 20892.62
20890.14 20891.61
20888.67 20889.83
20888.67 20889.83
20887.87 20889.38
20889.14 20890.61
20889.14 20890.61
20887.41 20888.60
20886.92 20888.08
20886.92 20888.08
20885.92 20887.08
20884.63 20886.12
20884.63 20886.12
20887.13 20888.62
20887.39 20888.86
20887.39 20888.86
20882.67 20883.83
20883.37 20884.88
20883.37 20884.88
20885.17 20886.33
20885.39 20886.86
20885.39 20886.86
20883.87 20885.38
20883.91 20885.09
20883.91 20885.09
20883.92 20885.08
20884.40 20885.60
20884.40 20885.60
20880.92 20882.08
20880.92 20882.08
20879.63 20881.12
20879.38 20880.88
20879.38 20880.88
20879.66 20880.84
20879.66 20880.84
20879.43 20880.58
20880.92 20882.08
20880.92 20882.08
20880.37 20881.88
20878.87 20880.38
20878.87 20880.38
20879.38 20880.87
20880.16 20881.34
20880.16 20881.34
20881.17 20882.33
20879.63 20881.12
20879.63 20881.12
20878.41 20879.59
20878.92 20880.08
20878.92 20880.08
20879.87 20881.38
20878.06 20878.69
20878.06 20878.69
20877.66 20878.85
20876.63 20878.12
20876.63 20878.12
20878.16 20879.34
20878.16 20879.34
20877.87 20879.38
20877.64 20879.11
20877.64 20879.11
20877.89 20879.36
20878.67 20879.83
20878.67 20879.83
20878.37 20879.88
20880.67 20881.83
20880.67 20881.83
20879.89 20881.36
20879.38 20880.87
20879.38 20880.87
20880.63 20882.12
20886.14 20887.61
20886.14 20887.61
20885.16 20886.35
20883.18 20884.33
20883.18 20884.33
20882.13 20883.62
20883.91 20885.09
20883.91 20885.09
20882.67 20883.83
20882.67 20883.83
20882.14 20883.61
20882.13 20883.62
20882.13 20883.62
20882.41 20883.60
20882.41 20883.60
20882.14 20883.61
20879.66 20880.84
20879.66 20880.84
20877.93 20879.08
20877.39 20878.86
20877.39 20878.86
20876.62 20878.13
20876.62 20878.13
20876.16 20877.35
20876.39 20877.86
20876.91 20878.10
20876.91 20878.10
20877.38 20878.87
20877.38 20878.87
20880.65 20881.85
20882.14 20883.61
20882.14 20883.61
20882.39 20883.86
20882.39 20883.86
20882.37 20883.88
20883.16 20884.34
20883.16 20884.34
20881.64 20883.11
20881.89 20883.36
20881.89 20883.36
20883.16 20884.34
20883.41 20884.59
20883.41 20884.59
20883.16 20884.34
20883.16 20884.34
20884.13 20885.62
20882.41 20883.60
20882.41 20883.60
20881.92 20883.08
20880.16 20881.34
20880.16 20881.34
20878.64 20880.11
20880.37 20881.88
20880.37 20881.88
20880.14 20881.61
20879.64 20881.11
20879.64 20881.11
20881.56 20882.19
20881.81 20882.44
20881.81 20882.44
20884.67 20885.83
20884.67 20885.83
20883.39 20884.86
20881.66 20882.84
20881.66 20882.84
20881.13 20882.62
20881.13 20882.62
20880.13 20881.62
20879.64 20881.11
20879.64 20881.11
20877.66 20878.85
20877.63 20879.12
20877.63 20879.12
20878.88 20880.37
20878.88 20880.37
20878.88 20880.37
20879.18 20880.33
20879.89 20881.36
20879.89 20881.36
20878.16 20879.34
20878.16 20879.34
20880.12 20881.63
20880.13 20881.62
20880.13 20881.62
20880.14 20881.61
20880.18 20881.33
20880.18 20881.33
20878.92 20880.08
20879.13 20880.63
20879.13 20880.63
20879.42 20880.58
20877.65 20878.85
20877.65 20878.85
20878.42 20879.58
20878.88 20880.37
20878.88 20880.37
20879.93 20881.08
20879.15 20880.35
20879.15 20880.35
20879.14 20880.61
20878.66 20879.84
20878.66 20879.84
20878.62 20880.13
20876.92 20878.08
20876.92 20878.08
20876.39 20877.86
20877.17 20878.33
20877.17 20878.33
20876.88 20878.37
20878.13 20879.62
20878.13 20879.62
20879.43 20880.58
20879.64 20881.11
20879.64 20881.11
20881.12 20882.63
20881.12 20882.63
20877.38 20878.87
20876.89 20878.36
20877.88 20879.37
20877.88 20879.37
20874.67 20875.83
20874.67 20875.83
20875.91 20877.10
20876.13 20877.62
20876.13 20877.62
20876.64 20878.11
20879.66 20880.84
20879.66 20880.84
20875.17 20876.33
20874.38 20875.87
20874.38 20875.87
20874.89 20876.36
20873.62 20875.13
20873.62 20875.13
20875.16 20876.34
20881.63 20883.12
20881.63 20883.12
20883.16 20884.34
20883.16 20884.34
20881.88 20883.37
20882.37 20883.88
20882.37 20883.88
20882.42 20883.58
20882.42 20883.58
20881.88 20883.37
20882.16 20883.34
20882.16 20883.34
20883.37 20884.88
20882.88 20884.38
20882.88 20884.38
20883.63 20885.12
20883.42 20884.58
20883.42 20884.58
20883.42 20884.58
20882.88 20884.37
20882.88 20884.37
20883.67 20884.83
20883.14 20884.61
20883.14 20884.61
20881.17 20882.33
20882.38 20883.87
20882.38 20883.87
20883.16 20884.34
20882.89 20884.36
20882.89 20884.36
20882.91 20884.09
20882.91 20884.09
20883.17 20884.33
20883.62 20885.13
20883.62 20885.13
20885.92 20887.08
20886.66 20887.84
20886.66 20887.84
20885.14 20886.61
20885.63 20887.12
20885.63 20887.12
20886.17 20887.33
20886.14 20887.61
20886.14 20887.61
20886.65 20887.85
20886.89 20888.36
20886.89 20888.36
20886.90 20888.10
20886.90 20888.10
20887.12 20888.63
20885.90 20887.10
20885.90 20887.10
20886.67 20887.83
20887.38 20888.87
20887.38 20888.87
20885.38 20886.87
20882.91 20884.09
20882.91 20884.09
20883.40 20884.60
20883.91 20885.09
20883.91 20885.09
20886.40 20887.60
20886.40 20887.60
20888.16 20889.34
20887.15 20888.35
20887.15 20888.35
20885.14 20886.61
20886.66 20887.84
20886.66 20887.84
20886.41 20887.59
20890.12 20891.63
20890.12 20891.63
20888.66 20889.84
20890.66 20891.84
20890.66 20891.84
20891.62 20893.13
20891.62 20893.13
20892.13 20893.62
20891.39 20892.86
20891.39 20892.86
20889.42 20890.58
20891.15 20892.35
20891.15 20892.35
20889.39 20890.86
20888.92 20890.08
20888.92 20890.08
20890.16 20891.35
20889.92 20891.08
20889.92 20891.08
20890.89 20892.36
20890.42 20891.58
20890.42 20891.58
20891.64 20893.11
20891.92 20893.08
20891.92 20893.08
20893.88 20895.37
20893.88 20895.37
20893.41 20894.59
20893.90 20895.10
20892.92 20894.08
20892.92 20894.08
20892.41 20893.60
20890.87 20892.38
20890.87 20892.38
20889.90 20891.10
20889.90 20891.10
20887.65 20888.85
20887.64 20889.11
20887.64 20889.11
20887.42 20888.58
20887.63 20889.13
20887.63 20889.13
20887.92 20889.08
20885.81 20886.44
20885.81 20886.44
20884.14 20885.61
20883.67 20884.83
20883.67 20884.83
20882.93 20884.08
20882.93 20884.08
20883.17 20884.33
20882.63 20884.12
20881.91 20883.10
20881.91 20883.10
20883.81 20884.44
20882.90 20884.10
20882.90 20884.10
20883.38 20884.87
20883.38 20884.87
20883.89 20885.36
20885.17 20886.33
20885.17 20886.33
20886.13 20887.62
20886.14 20887.61
20886.14 20887.61
20887.67 20888.83
20887.42 20888.58
20887.42 20888.58
20887.43 20888.58
20886.92 20888.08
20886.92 20888.08
20884.65 20885.85
20885.16 20886.34
20885.16 20886.34
20886.88 20888.37
20886.88 20888.37
20887.91 20889.09
20887.63 20889.12
20887.63 20889.12
20887.40 20888.60
20885.67 20886.83
20885.67 20886.83
20884.93 20886.08
20884.91 20886.09
20884.91 20886.09
20884.13 20885.62
20884.13 20885.62
20883.14 20884.61
20883.14 20884.61
20882.13 20883.62
20882.89 20884.36
20882.89 20884.36
20882.91 20884.09
20883.90 20885.10
20883.90 20885.10
20887.39 20888.86
20886.63 20888.12
20886.63 20888.12
