21037.64 21039.11
21037.64 21039.11
21037.89 21039.61
21037.89 21039.61
21037.89 21039.61
21039.15 21040.85
21039.15 21040.86
21039.15 21040.86
21038.18 21039.33
21038.18 21039.33
21039.37 21040.88
21039.37 21040.88
21039.91 21041.59
21039.91 21041.59
21039.91 21041.60
21039.91 21041.60
21039.91 21041.60
21041.42 21042.58
21041.42 21042.58
21041.42 21042.58
21041.89 21043.36
21040.40 21042.11
21040.65 21042.36
21040.65 21042.36
21040.65 21042.36
21040.89 21042.36
21040.89 21042.36
21041.39 21042.86
21041.38 21042.87
21041.38 21042.87
21041.63 21043.12
21041.63 21043.12
21041.63 21043.12
21041.87 21043.38
21041.90 21043.60
21041.90 21043.60
21041.89 21043.61
21041.89 21043.61
21041.89 21043.61
21042.40 21044.10
21042.40 21044.10
21042.13 21043.62
21042.63 21044.12
21042.63 21044.12
21043.13 21044.62
21043.13 21044.62
21042.68 21043.83
21041.89 21043.36
21041.89 21043.36
21041.39 21042.86
21041.65 21042.85
21041.65 21042.85
21041.91 21043.60
21042.41 21044.10
21042.41 21044.10
21042.92 21044.08
21042.92 21044.08
21042.39 21043.86
21042.39 21043.86
21042.63 21044.12
21042.39 21043.86
21042.39 21043.86
21042.39 21044.11
21042.65 21044.35
21042.65 21044.35
21042.64 21044.11
21042.64 21044.11
21042.67 21043.83
21041.65 21043.36
21041.65 21043.36
21041.39 21042.86
21041.39 21042.86
21041.39 21042.86
21042.41 21044.09
21042.41 21044.09
21042.41 21044.09
21043.39 21044.86
21043.39 21044.86
21044.67 21045.83
21044.37 21045.88
21044.37 21045.88
21044.64 21046.11
21044.64 21046.11
21045.16 21046.85
21045.16 21046.85
21045.18 21046.33
21045.18 21046.33
21044.64 21046.11
21044.64 21046.11
21045.93 21047.08
21046.13 21047.62
21046.13 21047.62
21046.39 21048.11
21046.39 21048.11
21046.39 21048.11
21046.14 21047.61
21046.14 21047.61
21046.13 21047.62
21046.13 21047.62
21045.90 21047.61
21045.90 21047.61
21045.90 21047.61
21046.92 21048.08
21046.92 21048.08
21046.92 21048.08
21046.92 21048.08
21046.88 21048.37
21046.88 21048.37
21046.62 21048.13
21046.62 21048.13
21046.93 21048.08
21047.64 21049.11
21047.64 21049.11
21047.66 21049.35
21047.66 21049.35
21047.41 21049.10
21047.41 21049.10
21047.40 21049.10
21047.40 21049.10
21047.62 21049.13
21047.37 21048.88
21047.37 21048.88
21046.89 21048.36
21046.89 21048.36
21046.65 21048.35
21046.90 21048.61
21046.90 21048.61
21045.39 21046.86
21045.39 21046.86
21044.88 21046.37
21044.41 21046.10
21044.41 21046.10
21043.90 21045.10
21043.90 21045.10
21043.90 21045.10
21044.66 21046.35
21044.66 21046.35
21043.40 21045.10
21043.16 21044.34
21043.16 21044.34
21043.39 21044.86
21043.39 21044.86
21042.90 21044.61
21042.65 21044.35
21042.65 21044.35
21042.14 21043.61
21041.88 21043.37
21041.88 21043.37
21042.16 21043.85
21042.39 21043.86
21042.39 21043.86
21042.67 21043.83
21042.67 21043.83
21042.37 21043.88
21042.37 21043.88
21043.13 21044.62
21043.13 21044.62
21043.38 21044.87
21043.90 21045.60
21043.90 21045.60
21044.89 21046.36
21044.89 21046.36
21044.88 21046.37
21044.88 21046.37
21044.16 21045.84
21044.16 21045.84
21044.16 21045.84
21043.91 21045.60
21044.13 21045.63
21044.14 21045.61
21044.14 21045.61
21044.63 21046.12
21044.63 21046.12
21043.90 21045.60
21043.90 21045.60
21043.90 21045.61
21043.90 21045.61
21043.64 21045.11
21041.63 21043.12
21041.63 21043.12
21041.40 21043.10
21045.89 21047.36
21045.89 21047.36
21046.63 21048.12
21045.39 21046.86
21045.39 21046.86
21044.21 21046.04
21042.13 21043.62
21042.13 21043.62
21041.47 21043.28
21042.14 21043.61
21042.14 21043.61
21042.21 21044.04
21042.21 21044.04
21042.18 21043.33
21043.16 21044.34
21043.16 21044.34
21043.40 21045.10
21042.15 21043.86
21042.15 21043.86
21041.89 21043.36
21041.89 21043.36
21040.65 21042.36
21039.90 21041.61
21039.90 21041.61
21040.14 21041.61
21040.14 21041.61
21040.66 21042.34
21040.66 21042.34
21040.89 21042.36
21041.37 21042.88
21041.37 21042.88
21040.64 21042.11
21039.91 21041.60
21039.91 21041.60
21039.16 21040.34
21039.16 21040.34
21039.88 21041.37
21039.88 21041.37
21039.90 21041.61
21039.65 21041.35
21039.65 21041.35
21039.64 21041.11
21039.64 21041.11
21039.15 21040.86
21040.12 21041.63
21040.12 21041.63
21039.39 21040.86
21039.41 21041.10
21039.41 21041.10
21039.92 21041.08
21039.92 21041.08
21039.87 21041.38
21040.39 21041.86
21040.39 21041.86
21039.88 21041.37
21039.91 21041.60
21039.91 21041.60
21040.89 21042.36
21040.89 21042.36
21041.62 21043.13
21040.38 21041.88
21040.38 21041.88
21040.64 21042.11
21040.64 21042.11
21041.42 21042.58
21039.88 21041.37
21039.88 21041.37
21040.15 21041.86
21039.23 21041.03
21039.23 21041.03
21038.73 21040.53
21038.73 21040.53
21038.90 21040.61
21037.89 21039.36
21037.89 21039.36
21038.88 21040.37
21037.65 21039.35
21037.65 21039.35
21040.66 21041.84
21040.66 21041.84
21041.42 21042.58
21041.66 21042.84
21041.66 21042.84
21041.63 21043.12
21041.55 21042.20
21041.55 21042.20
21041.91 21043.60
21041.91 21043.60
21042.14 21043.61
21042.42 21043.58
21042.42 21043.58
21041.88 21043.37
21041.88 21043.37
21040.65 21041.85
21039.13 21040.62
21039.13 21040.62
21040.65 21041.85
21040.65 21041.85
21039.91 21041.09
21040.64 21042.11
21040.64 21042.11
21040.40 21042.11
21040.89 21042.36
21040.89 21042.36
21040.14 21041.61
21039.39 21040.86
21039.39 21040.86
21039.66 21041.35
21039.66 21041.35
21039.65 21041.35
21039.65 21041.35
21040.63 21042.12
21040.63 21042.12
21039.64 21041.11
21039.63 21041.12
21039.63 21041.12
21039.65 21041.36
21039.65 21041.36
21040.16 21041.84
21039.91 21041.60
21039.91 21041.60
21039.91 21041.60
21039.43 21040.58
21040.16 21041.34
21040.16 21041.34
21040.15 21041.86
21039.89 21041.36
21039.89 21041.36
21039.40 21041.10
21039.40 21041.10
21039.40 21041.10
21039.40 21041.10
21039.63 21041.12
21039.63 21041.12
21039.88 21041.37
21038.88 21040.37
21038.88 21040.37
21042.14 21043.61
21042.91 21044.60
21042.91 21044.60
21044.16 21045.85
21044.16 21045.85
21044.15 21045.86
21044.39 21045.86
21044.39 21045.86
21044.23 21046.03
21045.62 21047.13
21045.62 21047.13
21046.63 21048.13
21046.39 21047.86
21046.39 21047.86
21045.91 21047.09
21045.91 21047.09
21046.39 21047.86
21046.39 21047.86
21046.62 21048.13
21046.41 21048.10
21046.41 21048.10
21046.14 21047.61
21046.14 21047.61
21046.14 21047.61
21045.65 21047.35
21045.65 21047.35
21045.88 21047.37
21045.90 21047.61
21045.90 21047.61
21045.63 21047.12
21045.63 21047.12
21045.12 21046.63
21044.89 21046.36
21044.89 21046.36
21045.15 21046.86
21045.15 21046.86
21044.88 21046.37
21044.88 21046.37
21045.38 21046.87
21046.66 21047.84
21046.66 21047.84
21046.62 21048.13
21046.62 21048.13
21046.64 21048.11
21046.64 21048.11
21045.88 21047.38
21045.64 21047.36
21045.64 21047.36
21047.17 21048.34
21047.17 21048.34
21048.14 21049.61
21049.92 21051.08
21049.92 21051.08
21051.39 21052.86
21051.39 21052.86
21052.88 21054.37
21052.65 21054.36
21052.65 21054.36
21053.15 21054.85
21053.15 21054.85
21054.06 21054.69
21054.39 21055.86
21054.39 21055.86
21053.63 21055.12
21053.63 21055.12
21052.16 21053.34
21052.16 21053.34
21051.12 21052.63
21051.12 21052.63
21052.42 21053.58
21051.89 21053.61
21051.89 21053.61
21051.89 21053.36
21050.15 21051.85
21050.15 21051.85
21049.65 21051.35
21049.65 21051.35
21048.66 21050.34
21047.40 21049.10
21047.40 21049.10
21048.37 21049.88
21048.14 21049.61
21048.14 21049.61
21049.64 21051.11
21049.42 21050.58
21049.42 21050.58
21049.42 21050.58
21049.42 21050.58
21049.41 21051.10
21049.41 21051.10
21050.39 21051.86
21050.39 21051.86
21050.15 21051.86
21050.15 21051.86
21050.40 21052.11
21050.40 21052.11
21050.89 21052.36
21050.89 21052.36
21051.12 21052.63
21051.14 21052.61
21051.14 21052.61
21050.39 21052.11
21051.40 21053.10
21051.40 21053.10
21050.64 21052.11
21050.64 21052.11
21049.38 21050.87
21050.41 21051.59
21050.41 21051.59
21050.68 21051.83
21050.68 21051.83
21051.16 21052.34
21052.17 21053.33
21052.17 21053.33
21051.64 21053.11
21051.64 21053.11
21051.38 21052.88
21051.37 21052.88
21051.37 21052.88
21051.38 21052.87
21051.38 21052.87
21051.38 21052.88
21052.16 21053.85
21052.16 21053.85
21051.39 21053.11
21051.39 21053.11
21051.89 21053.61
21052.12 21053.63
21052.12 21053.63
21051.64 21053.11
21051.88 21053.37
21051.88 21053.37
21052.17 21053.34
21052.17 21053.34
21051.63 21053.13
21051.63 21053.13
21052.14 21053.61
21052.14 21053.61
21051.88 21053.37
21051.66 21053.34
21051.66 21053.34
21051.88 21053.37
21051.88 21053.37
21051.88 21053.37
21051.90 21053.61
21051.90 21053.61
21052.89 21054.61
21052.89 21054.61
21053.42 21054.58
21053.14 21054.61
21053.14 21054.61
21052.89 21054.61
21054.14 21055.61
21054.14 21055.61
21054.38 21055.87
21054.38 21055.87
21054.62 21056.13
21054.62 21056.13
21054.92 21056.09
21054.92 21056.09
21053.39 21054.86
21054.14 21055.61
21054.14 21055.61
21054.14 21055.61
21055.63 21057.12
21055.63 21057.12
21055.89 21057.36
21056.87 21058.38
21056.87 21058.38
21055.42 21056.58
21055.42 21056.58
21055.16 21056.34
21055.16 21056.34
21055.16 21056.34
21055.16 21056.34
21054.92 21056.09
21051.17 21052.33
21051.17 21052.33
21051.17 21052.33
21051.39 21052.86
21050.41 21051.59
21050.41 21051.59
21051.31 21051.94
21049.63 21051.12
21049.63 21051.12
21049.67 21050.84
21049.66 21050.84
21049.66 21050.84
21047.17 21048.33
21047.17 21048.33
21047.17 21048.33
21047.17 21048.33
21047.17 21048.33
21049.15 21050.86
21049.15 21050.86
21049.14 21050.61
21049.66 21050.84
21049.66 21050.84
21050.17 21051.33
21050.17 21051.33
21050.30 21050.95
21050.30 21050.95
21049.66 21050.84
21049.66 21050.84
21047.13 21048.62
21047.13 21048.62
21046.13 21047.62
21045.88 21047.37
21045.88 21047.37
21045.13 21046.62
21045.66 21046.84
21045.66 21046.84
21045.38 21046.87
21045.38 21046.87
21045.63 21047.12
21045.65 21046.85
21045.65 21046.85
21046.64 21048.11
21048.13 21049.62
21048.13 21049.62
21048.89 21050.36
21048.64 21050.11
21048.64 21050.11
21048.87 21050.38
21048.87 21050.38
21048.67 21049.83
21047.88 21049.37
21047.63 21049.13
21047.63 21049.13
21047.65 21049.36
21047.65 21049.36
21046.17 21047.33
21045.64 21047.11
21045.64 21047.11
21046.13 21047.62
21046.13 21047.62
21045.41 21046.59
21045.41 21046.59
21045.39 21046.86
21046.38 21047.87
21046.38 21047.87
21046.15 21047.85
21046.15 21047.85
21046.42 21047.58
21046.42 21047.58
21046.38 21047.87
21046.38 21047.87
21046.39 21047.86
21046.39 21047.86
21047.16 21048.85
21047.16 21048.85
21047.92 21049.09
21047.92 21049.09
21047.87 21049.38
21047.89 21049.36
21047.89 21049.36
21048.38 21049.88
21048.38 21049.88
21048.41 21049.59
21046.91 21048.60
21047.39 21048.86
21047.39 21048.86
21047.98 21049.78
21047.98 21049.78
21047.90 21049.61
21046.14 21047.61
21046.14 21047.61
21043.38 21044.87
21042.15 21043.85
21042.15 21043.85
21041.64 21043.36
21041.87 21043.38
21041.87 21043.38
21041.63 21043.12
21041.63 21043.12
21041.14 21042.61
21041.14 21042.61
21041.91 21043.60
21041.89 21043.36
21041.89 21043.36
21042.14 21043.61
21042.41 21043.59
21042.41 21043.59
21041.88 21043.38
21041.88 21043.38
21040.15 21041.35
21037.67 21038.83
21037.67 21038.83
21037.64 21039.11
21037.64 21039.36
21037.64 21039.36
21037.38 21038.87
21037.38 21038.87
21037.38 21038.88
21039.17 21040.33
21039.17 21040.33
21039.12 21040.63
21038.64 21040.11
21038.64 21040.11
21038.63 21040.12
21038.63 21040.12
21037.65 21039.36
21037.39 21039.11
21037.39 21039.11
21037.12 21038.63
