21084.14 21085.61
21084.14 21085.61
21083.39 21084.86
21083.39 21084.86
21084.13 21085.62
21086.88 21088.38
21086.88 21088.38
21087.64 21089.11
21087.66 21088.84
21087.66 21088.84
21085.88 21087.38
21085.91 21087.10
21085.91 21087.10
21086.39 21087.86
21086.39 21087.86
21089.13 21090.62
21088.65 21089.85
21088.65 21089.85
21086.66 21087.85
21086.66 21087.85
21087.91 21089.09
21088.64 21090.11
21088.64 21090.11
21085.67 21086.83
21087.13 21088.63
21087.13 21088.63
21088.18 21089.33
21088.18 21089.33
21087.89 21089.36
21087.42 21088.58
21087.42 21088.58
21085.13 21086.62
21085.88 21087.37
21085.88 21087.37
21085.67 21086.83
21085.65 21086.85
21085.65 21086.85
21087.42 21088.58
21087.42 21088.58
21087.38 21088.87
21087.38 21088.87
21087.38 21088.87
21088.39 21089.86
21088.39 21089.86
21088.38 21089.87
21086.88 21088.38
21086.88 21088.38
21087.91 21089.10
21087.91 21089.10
21086.37 21087.88
21085.38 21086.87
21085.38 21086.87
21085.92 21087.08
21082.17 21083.33
21082.17 21083.33
21081.64 21083.11
21078.38 21079.87
21078.38 21079.87
21079.38 21080.88
21080.16 21081.35
21080.16 21081.35
21080.41 21081.59
21080.63 21082.12
21080.63 21082.12
21081.38 21082.88
21080.88 21082.37
21080.88 21082.37
21081.88 21083.37
21081.65 21082.85
21081.65 21082.85
21082.91 21084.10
21082.41 21083.59
21082.41 21083.59
21083.16 21084.35
21083.16 21084.35
21084.14 21085.61
21084.88 21086.37
21084.88 21086.37
21084.63 21086.13
21084.14 21085.61
21084.14 21085.61
21084.64 21086.11
21084.64 21086.11
21084.63 21086.12
21084.90 21086.10
21084.90 21086.10
21084.14 21085.61
21083.16 21084.35
21083.16 21084.35
21083.15 21084.35
21083.55 21084.20
21083.55 21084.20
21084.38 21085.88
21083.18 21084.33
21083.18 21084.33
21084.16 21085.35
21081.87 21083.38
21081.87 21083.38
21081.17 21082.33
21080.41 21081.60
21080.41 21081.60
21079.14 21080.61
21078.17 21079.33
21078.17 21079.33
21079.41 21080.59
21079.41 21080.59
21078.67 21079.83
21078.13 21079.62
21078.13 21079.62
21076.88 21078.37
21078.38 21079.88
21078.38 21079.88
21076.39 21077.86
21077.89 21079.36
21077.89 21079.36
21077.91 21079.09
21077.91 21079.09
21077.88 21079.37
21077.88 21079.37
21075.92 21077.08
21075.31 21075.94
21075.31 21075.94
21074.41 21075.60
21076.13 21077.63
21076.13 21077.63
21075.63 21077.12
21076.18 21077.33
21076.18 21077.33
21077.16 21078.35
21073.64 21075.11
21073.64 21075.11
21073.38 21074.87
21071.14 21072.61
21071.14 21072.61
21073.37 21074.88
21072.41 21073.59
21072.41 21073.59
21073.40 21074.60
21073.40 21074.60
21072.14 21073.61
21073.13 21074.62
21073.13 21074.62
21073.88 21075.38
21075.14 21076.61
21075.14 21076.61
21073.64 21075.11
21073.65 21074.85
21073.65 21074.85
21073.17 21074.33
21072.41 21073.59
21072.41 21073.59
21072.64 21074.11
21073.67 21074.83
21073.67 21074.83
21074.66 21075.84
21073.39 21074.86
21073.39 21074.86
21073.88 21075.37
21072.14 21073.61
21072.14 21073.61
21071.89 21073.36
21071.89 21073.36
21072.16 21073.35
21072.40 21073.60
21072.40 21073.60
21072.65 21073.85
21072.64 21074.11
21072.64 21074.11
21072.37 21073.88
21072.63 21074.12
21072.63 21074.12
21070.38 21071.87
21068.39 21069.86
21068.39 21069.86
21069.16 21070.34
21069.16 21070.34
21067.39 21068.86
21066.88 21068.37
21066.88 21068.37
21068.14 21069.61
21072.89 21074.36
21072.89 21074.36
21072.14 21073.61
21072.14 21073.61
21073.43 21074.58
21073.43 21074.58
21071.89 21073.36
21071.64 21073.11
21071.64 21073.11
21072.17 21073.33
21072.65 21073.85
21072.65 21073.85
21071.63 21073.12
21072.64 21074.11
21072.64 21074.11
21074.67 21075.83
21076.13 21077.62
21076.13 21077.62
21076.66 21077.84
21076.66 21077.84
21075.89 21077.36
21075.89 21077.36
21074.64 21076.11
21076.88 21078.37
21076.88 21078.37
21076.88 21078.38
21076.66 21077.85
21076.66 21077.85
21077.90 21079.60
21077.41 21078.60
21077.41 21078.60
21079.17 21080.33
21077.42 21078.58
21077.42 21078.58
21076.14 21077.61
21073.91 21075.09
21073.91 21075.09
21074.63 21076.12
21074.63 21076.12
21074.64 21076.11
21075.14 21076.61
21075.14 21076.61
21075.92 21077.08
21075.92 21077.08
21077.13 21078.62
21076.14 21077.61
21076.14 21077.61
21074.15 21075.85
21074.37 21075.88
21074.37 21075.88
21074.66 21075.84
21074.18 21075.33
21074.18 21075.33
21075.41 21076.60
21075.41 21076.60
21072.16 21073.85
21073.13 21074.62
21073.13 21074.62
21073.65 21074.85
21072.38 21073.87
21072.42 21073.58
21072.42 21073.58
21073.38 21074.87
21073.38 21074.87
21073.66 21074.85
21074.13 21075.62
21074.13 21075.62
21074.64 21076.11
21072.92 21074.08
21072.92 21074.08
21072.93 21074.08
21072.89 21074.36
21072.89 21074.36
21072.90 21074.10
21071.89 21073.36
21071.89 21073.36
21071.41 21072.59
21071.43 21072.58
21071.43 21072.58
21070.40 21071.60
21070.40 21071.60
21070.89 21072.36
21068.16 21069.34
21068.16 21069.34
21069.16 21070.34
21069.13 21070.62
21069.13 21070.62
21069.13 21070.63
21069.13 21070.63
21068.15 21069.86
21068.89 21070.36
21068.89 21070.36
21068.89 21070.36
21068.66 21069.85
21068.66 21069.85
21070.91 21072.09
21069.92 21071.08
21069.91 21071.10
21069.91 21071.10
21070.63 21072.12
21067.63 21069.13
21067.63 21069.13
21067.68 21068.83
21067.68 21068.83
21065.16 21066.35
21060.66 21061.84
21060.66 21061.84
21061.92 21063.08
21062.92 21064.08
21062.92 21064.08
21062.42 21063.58
21060.16 21061.34
21060.16 21061.34
21060.39 21061.86
21060.39 21061.86
21060.63 21062.12
21061.14 21062.61
21061.14 21062.61
21061.89 21063.36
21062.66 21063.84
21062.66 21063.84
21059.38 21060.87
21060.42 21061.58
21060.42 21061.58
21060.18 21061.33
