21025.12 21026.63
21025.12 21026.63
21022.89 21024.36
21023.66 21024.84
21023.66 21024.84
21022.91 21024.09
21022.91 21024.09
21022.16 21023.34
21024.16 21025.35
21024.16 21025.35
21025.64 21027.11
21023.67 21024.83
21023.67 21024.83
21023.39 21024.86
21018.89 21020.36
21018.89 21020.36
21017.42 21018.58
21017.42 21018.58
21020.17 21021.33
21019.40 21020.60
21019.40 21020.60
21020.13 21021.62
21022.88 21024.37
21022.88 21024.37
21021.88 21023.37
21022.14 21023.61
21022.14 21023.61
21022.91 21024.09
21020.88 21022.38
21020.88 21022.38
21016.13 21017.62
21017.88 21019.37
21017.88 21019.37
21016.88 21018.38
21018.38 21019.87
21018.38 21019.87
21020.92 21022.08
21022.63 21024.13
21022.63 21024.13
21022.63 21024.13
21023.13 21024.62
21024.63 21026.12
21024.63 21026.12
21023.13 21024.63
21023.89 21025.36
21023.89 21025.36
21023.14 21024.61
21023.14 21024.61
21024.63 21026.12
21025.41 21026.60
21025.41 21026.60
21023.91 21025.10
21023.88 21025.37
21023.88 21025.37
21022.63 21024.12
21022.88 21024.37
21022.88 21024.37
21022.90 21024.10
21022.88 21024.38
21022.88 21024.38
21027.43 21028.58
21026.13 21027.62
21026.13 21027.62
21025.39 21026.86
21026.39 21027.86
21026.39 21027.86
21024.13 21025.62
21021.16 21022.35
21021.16 21022.35
21022.38 21023.87
21022.38 21023.87
21022.87 21024.38
21023.89 21025.36
21023.89 21025.36
21025.41 21026.60
21025.13 21026.62
21025.13 21026.62
21024.42 21025.58
21024.13 21025.62
21024.13 21025.62
21024.14 21025.61
21023.64 21025.11
21023.64 21025.11
21023.13 21024.62
21024.63 21026.13
21024.63 21026.13
21024.14 21025.61
21024.14 21025.61
21023.89 21025.36
21023.38 21024.87
21023.38 21024.87
21022.67 21023.83
21019.64 21021.11
21019.64 21021.11
21017.14 21018.61
21018.39 21019.86
21018.39 21019.86
21018.13 21019.62
21018.13 21019.62
21018.88 21020.37
21018.63 21020.12
21018.63 21020.12
21018.13 21019.62
21018.14 21019.61
21018.14 21019.61
21016.68 21017.83
21017.64 21019.11
21017.64 21019.11
21017.16 21018.34
21017.40 21018.60
21017.40 21018.60
21018.17 21019.33
21016.63 21018.12
21016.63 21018.12
21017.13 21018.62
21018.91 21020.10
21018.91 21020.10
21018.13 21019.62
21018.13 21019.62
21018.13 21019.62
21019.18 21020.33
21018.89 21020.36
21018.89 21020.36
21018.91 21020.09
21021.39 21022.86
21021.39 21022.86
21019.67 21020.83
21021.66 21022.85
21021.66 21022.85
21019.38 21020.88
21019.38 21020.88
21018.41 21019.59
21017.64 21019.11
21017.64 21019.11
21017.92 21019.08
21021.39 21022.86
21021.39 21022.86
21020.63 21022.12
21020.63 21022.12
21018.66 21019.85
21018.66 21019.84
21018.66 21019.84
21018.12 21019.63
21018.41 21019.60
21018.41 21019.60
21020.88 21022.37
21020.88 21022.37
21020.89 21022.36
21021.43 21022.58
21021.43 21022.58
21019.41 21020.60
21019.39 21020.86
21019.39 21020.86
21020.42 21021.58
21016.89 21018.36
21016.89 21018.36
21016.38 21017.88
21016.88 21018.37
21016.88 21018.37
21017.14 21018.61
21017.14 21018.61
21017.38 21018.87
21018.38 21019.87
21018.38 21019.87
21016.39 21017.86
21016.92 21018.08
21016.92 21018.08
21018.13 21019.63
21019.64 21021.11
21019.64 21021.11
21019.42 21020.58
21019.42 21020.58
21019.42 21020.58
21019.41 21020.59
21020.38 21021.87
21020.38 21021.87
21018.92 21020.08
21017.63 21019.12
21017.63 21019.12
21017.67 21018.83
21016.64 21018.11
21016.64 21018.11
21015.89 21017.36
21015.14 21016.61
21015.14 21016.61
21018.14 21019.61
21017.66 21018.85
21017.66 21018.85
21016.90 21018.10
21016.88 21018.38
21016.88 21018.38
21016.14 21017.61
21016.64 21018.11
21016.64 21018.11
21016.13 21017.62
21014.13 21015.63
21014.13 21015.63
21015.80 21016.45
21017.41 21018.59
21017.41 21018.59
21014.89 21016.36
21014.89 21016.36
21014.63 21016.12
21016.67 21017.83
21016.67 21017.83
21019.13 21020.62
21019.90 21021.10
21019.90 21021.10
21018.88 21020.37
21018.88 21020.37
21019.41 21020.59
21019.88 21021.37
21019.88 21021.37
21016.14 21017.61
21017.42 21018.58
21017.42 21018.58
21018.63 21020.12
21016.63 21018.12
21016.63 21018.12
21014.63 21016.12
21015.13 21016.62
21015.13 21016.62
21015.38 21016.87
21015.38 21016.87
21015.38 21016.87
21015.91 21017.09
21015.91 21017.09
21015.67 21016.83
21017.38 21018.87
21017.38 21018.87
21017.67 21018.83
21015.92 21017.08
21015.92 21017.08
21017.39 21018.86
21017.13 21018.62
21017.13 21018.62
21017.13 21018.63
21017.65 21018.85
21017.65 21018.85
21018.64 21020.11
21018.41 21019.59
21018.41 21019.59
21020.42 21021.58
21020.39 21021.86
21020.39 21021.86
21013.14 21014.61
21011.90 21013.10
21011.90 21013.10
21012.13 21013.63
21012.13 21013.63
21011.16 21012.34
21011.37 21012.88
21011.37 21012.88
21007.89 21009.36
21007.16 21008.34
21007.16 21008.34
21003.81 21004.44
21002.67 21003.83
21002.67 21003.83
21004.42 21005.58
21004.42 21005.58
21003.16 21004.35
21004.43 21005.58
21004.43 21005.58
21004.64 21006.11
21006.42 21007.58
21006.42 21007.58
21008.91 21010.09
21008.89 21010.36
21008.89 21010.36
21007.89 21009.36
21008.66 21009.84
21008.66 21009.84
21008.39 21009.86
21007.63 21009.12
21007.63 21009.12
21008.39 21009.86
21008.89 21010.36
21008.89 21010.36
21008.88 21010.37
21008.88 21010.37
21007.38 21008.88
21007.68 21008.83
21007.68 21008.83
21009.39 21010.86
21008.42 21009.58
21008.42 21009.58
21011.13 21012.63
21011.39 21012.86
21011.39 21012.86
21011.39 21012.86
21011.88 21013.37
21011.88 21013.37
21012.89 21014.36
21009.55 21010.20
21009.55 21010.20
21011.14 21012.61
21011.64 21013.11
21011.64 21013.11
21012.42 21013.58
21012.14 21013.61
21012.14 21013.61
21010.91 21012.09
21012.13 21013.63
21012.13 21013.63
