20739.66 20741.35
20739.66 20741.35
20738.78 20740.72
20738.78 20740.72
20738.72 20740.53
20738.72 20740.53
20739.40 20741.10
20739.40 20741.10
20737.96 20739.79
20738.78 20740.72
20738.78 20740.72
20739.64 20741.11
20741.28 20743.22
20741.28 20743.22
20744.13 20745.63
20744.13 20745.63
20744.17 20745.33
20743.90 20745.60
20743.90 20745.60
20744.66 20746.35
20744.66 20746.35
20744.66 20746.34
20744.38 20745.88
20744.38 20745.88
20745.89 20747.36
20745.65 20747.35
20745.65 20747.35
20745.63 20747.12
20747.13 20748.63
20747.13 20748.63
20746.90 20748.61
20746.90 20748.61
20746.38 20747.87
20747.63 20749.12
20747.63 20749.12
20747.15 20748.86
20747.15 20748.86
20745.63 20747.13
20746.16 20747.84
20746.16 20747.84
20746.65 20748.36
20746.65 20748.36
20746.14 20747.86
20746.14 20747.86
20746.38 20747.88
20746.38 20747.88
20745.72 20747.53
20744.90 20746.60
20744.90 20746.60
20745.89 20747.36
20745.89 20747.36
20745.66 20747.34
20745.41 20747.09
20745.41 20747.09
20745.13 20746.62
20745.13 20746.62
20746.91 20748.60
20746.91 20748.60
20746.88 20748.38
20745.88 20747.38
20745.88 20747.38
20745.16 20746.84
20745.16 20746.84
20745.73 20747.53
20745.73 20747.53
20745.37 20746.88
20746.15 20747.86
20746.15 20747.86
20746.13 20747.63
20748.13 20749.62
20748.13 20749.62
20748.66 20749.84
20748.66 20749.84
20748.87 20750.38
20750.14 20751.86
20749.14 20750.61
20749.14 20750.61
20748.15 20749.86
20747.15 20748.85
20747.15 20748.85
20746.64 20748.11
20746.64 20748.11
20746.64 20748.11
20745.72 20747.53
20745.90 20747.61
20745.90 20747.61
20745.42 20746.58
20747.16 20748.85
20747.16 20748.85
20747.63 20749.13
20748.91 20750.59
20748.91 20750.59
20748.48 20750.28
20748.48 20750.28
20749.40 20751.11
20748.40 20750.11
20748.40 20750.11
20748.15 20749.85
20748.15 20749.85
20749.40 20751.10
20749.40 20751.10
20750.46 20752.29
20751.39 20752.86
20751.39 20752.86
20751.64 20753.36
20751.64 20753.36
20751.66 20753.34
20752.40 20754.10
20752.40 20754.10
20751.65 20753.35
20751.65 20753.35
20752.63 20754.13
20752.39 20753.86
20752.39 20753.86
20750.88 20752.37
20750.88 20752.37
20750.15 20751.86
20750.13 20751.63
20750.13 20751.63
20750.64 20752.36
20750.91 20752.59
20750.91 20752.59
20750.91 20752.59
20750.89 20752.61
20750.89 20752.61
20750.90 20752.61
20750.90 20752.60
20750.90 20752.60
20746.97 20748.78
20747.41 20748.59
20747.41 20748.59
20746.90 20748.61
20746.90 20748.61
20747.15 20748.86
20746.66 20748.35
20746.66 20748.35
20746.88 20748.38
20746.90 20748.61
20746.90 20748.61
20746.38 20747.88
20746.89 20748.61
20746.89 20748.61
20747.64 20749.11
20747.64 20749.11
20747.89 20749.36
20748.13 20749.63
20748.13 20749.63
20748.66 20750.34
20748.66 20750.34
20748.64 20750.11
20748.40 20750.10
20748.40 20750.10
20748.89 20750.36
20749.41 20751.09
20749.41 20751.09
20748.41 20750.10
20749.16 20750.34
20749.16 20750.34
20748.64 20750.11
20748.64 20750.11
20749.38 20750.88
20750.39 20751.86
20750.39 20751.86
20750.39 20752.11
20750.21 20752.04
20750.21 20752.04
20750.66 20752.35
20750.66 20752.35
20751.16 20752.84
20750.39 20751.86
20750.39 20751.86
20751.16 20752.34
20750.66 20752.35
20750.66 20752.35
20750.16 20751.35
20749.66 20751.34
20749.66 20751.34
20749.42 20750.59
20749.42 20750.59
20748.89 20750.61
20748.88 20750.37
20748.88 20750.37
20748.64 20750.36
20748.64 20750.36
20749.40 20751.11
20749.40 20751.11
20749.48 20751.28
20749.64 20751.11
20749.64 20751.11
20749.64 20751.11
20749.41 20751.10
20749.41 20751.10
20749.63 20751.12
20749.63 20751.12
20749.64 20751.11
20749.63 20751.13
20749.63 20751.13
20750.38 20751.88
20750.67 20751.83
20750.67 20751.83
20750.67 20751.83
20750.65 20752.36
20750.39 20752.11
20750.39 20752.11
20750.41 20752.09
20750.96 20752.79
20750.96 20752.79
20751.67 20752.83
20750.48 20752.28
20750.48 20752.28
20750.63 20752.12
20750.63 20752.12
20750.28 20752.22
20750.21 20752.04
20750.21 20752.04
20750.63 20752.12
20750.65 20752.36
20750.65 20752.36
20750.38 20751.88
20750.88 20752.37
20750.88 20752.37
20750.65 20752.36
20750.73 20752.53
20750.73 20752.53
20750.66 20752.34
20750.66 20752.34
20750.66 20751.84
20749.64 20751.11
20749.64 20751.11
20749.39 20751.11
20749.39 20751.11
20749.63 20751.12
20749.63 20751.12
20750.38 20751.87
20749.66 20751.35
20749.66 20751.35
20749.88 20751.38
20749.90 20751.60
20749.90 20751.60
20750.37 20751.88
20750.37 20751.88
20752.41 20753.59
20752.41 20753.59
20752.39 20754.11
20751.14 20752.61
20751.14 20752.61
20750.14 20751.86
20750.63 20752.12
20750.63 20752.12
20750.90 20752.60
20750.90 20752.60
20751.15 20752.86
20753.39 20755.11
20753.39 20755.11
20752.96 20754.79
20752.90 20754.61
20752.90 20754.61
20752.90 20754.61
20753.16 20754.84
20753.16 20754.84
20753.65 20755.35
20753.41 20755.09
20753.63 20755.12
20753.63 20755.12
20753.14 20754.86
20753.14 20754.86
20753.66 20755.34
20753.66 20755.34
20752.88 20754.38
20752.88 20754.38
20752.90 20754.61
20752.48 20754.28
20752.48 20754.28
20753.55 20754.20
20753.55 20754.20
20753.41 20755.09
20753.14 20754.86
20753.14 20754.86
20753.42 20754.58
20753.42 20754.58
20753.89 20755.36
20753.39 20754.86
20753.39 20754.86
20753.37 20754.88
20753.37 20754.88
20753.87 20755.38
20754.46 20756.29
20754.46 20756.29
20755.91 20757.09
20755.88 20757.38
20755.88 20757.38
20755.65 20757.36
20755.65 20757.36
20755.21 20757.04
20755.21 20757.04
20755.88 20757.38
20755.88 20757.38
20755.88 20757.38
20754.12 20755.63
20754.12 20755.63
20755.40 20757.11
20755.40 20757.11
20755.40 20757.10
20755.40 20757.10
20756.39 20757.86
20757.42 20758.58
20757.42 20758.58
20757.38 20758.88
20757.38 20758.88
20757.13 20758.63
20756.87 20758.38
20756.87 20758.38
20757.14 20758.61
20757.14 20758.61
20756.88 20758.38
20756.89 20758.36
20756.89 20758.36
20756.89 20758.36
20756.66 20757.84
20756.66 20757.84
20757.15 20758.85
20757.15 20758.85
20757.23 20759.03
20757.23 20759.03
20757.64 20759.36
20757.64 20759.36
20756.89 20758.61
20756.98 20758.78
20756.98 20758.78
20757.39 20758.86
20757.39 20758.86
20756.89 20758.36
20757.13 20758.62
20757.13 20758.62
20757.13 20758.62
20758.06 20758.69
20758.06 20758.69
20758.06 20758.69
20757.13 20758.62
20756.14 20757.86
20756.14 20757.86
20756.38 20757.88
20756.38 20757.88
20757.88 20759.38
20758.64 20760.11
20758.64 20760.11
20757.91 20759.59
20758.62 20760.13
20758.62 20760.13
20758.91 20760.09
20758.91 20760.09
20758.13 20759.63
20758.13 20759.63
20757.64 20759.11
20757.64 20759.11
20758.17 20759.33
20758.63 20760.13
20757.88 20759.38
20757.88 20759.38
20756.64 20758.36
20756.64 20758.36
20757.40 20759.11
20757.40 20759.11
20758.21 20760.04
20758.21 20760.04
20757.63 20759.13
20756.63 20758.13
20756.63 20758.13
20754.92 20756.08
20754.92 20756.08
20754.92 20756.08
20754.92 20756.08
20755.64 20757.11
20755.64 20757.11
20755.63 20757.12
20755.63 20757.12
20756.17 20757.33
20755.63 20757.12
20755.63 20757.12
20756.14 20757.61
20755.63 20757.13
20755.63 20757.13
20754.92 20756.08
20754.92 20756.08
20754.66 20755.84
20754.66 20755.84
20755.39 20757.11
20754.63 20756.12
20754.63 20756.12
20754.63 20756.12
20754.13 20755.63
20754.13 20755.63
20753.91 20755.09
20752.41 20753.59
20752.41 20753.59
20752.41 20753.59
20752.14 20753.61
20752.14 20753.61
20753.63 20755.13
20753.63 20755.13
20753.63 20755.13
20753.65 20755.36
20753.89 20755.36
20753.89 20755.36
20753.88 20755.37
20753.88 20755.37
20755.15 20756.86
20755.15 20756.86
20755.90 20757.60
20755.90 20757.60
20756.38 20757.87
20756.14 20757.86
20756.14 20757.86
20755.41 20756.59
20755.41 20756.59
20755.39 20756.86
20755.66 20756.84
20755.66 20756.84
20755.63 20757.12
20755.88 20757.38
20755.88 20757.38
20754.13 20755.63
20754.13 20755.63
20754.65 20756.35
20754.65 20756.35
20754.91 20756.60
20755.21 20757.04
20755.21 20757.04
20755.46 20757.29
20755.46 20757.29
20755.91 20757.09
20754.88 20756.38
20754.88 20756.38
20757.13 20758.63
20757.13 20758.63
20757.89 20759.36
20757.63 20759.13
20757.63 20759.13
20757.37 20758.88
20757.39 20758.86
20757.39 20758.86
20757.64 20759.11
20757.64 20759.11
20757.63 20759.12
20757.63 20759.12
20758.13 20759.62
20758.13 20759.62
20757.39 20759.11
20757.39 20759.11
20757.55 20758.20
20757.55 20758.20
20755.56 20756.19
20755.56 20756.19
20757.38 20758.88
20757.38 20758.88
20757.13 20758.63
20756.13 20757.62
20756.13 20757.62
20756.13 20757.62
20756.37 20757.88
20755.16 20756.85
20755.16 20756.85
20755.16 20756.85
20755.63 20757.13
20755.63 20757.13
20755.40 20757.11
20755.40 20757.11
20755.40 20757.11
20755.66 20757.34
20755.66 20757.34
20755.66 20757.34
20755.16 20756.85
20754.89 20756.36
20754.89 20756.36
20755.30 20755.95
20755.30 20755.95
20754.15 20755.86
20754.66 20756.35
20754.66 20756.35
20754.89 20756.61
20754.89 20756.61
20755.92 20757.09
20756.90 20758.61
20756.90 20758.61
20758.22 20760.03
20758.38 20759.88
20758.38 20759.88
20757.90 20759.60
20758.66 20760.35
20758.66 20760.35
20756.64 20758.36
20756.64 20758.36
20755.88 20757.37
20756.12 20757.63
20756.12 20757.63
20756.12 20757.63
20756.47 20758.28
20756.47 20758.28
20756.40 20758.11
20756.40 20758.11
20756.65 20758.35
20756.65 20758.35
20758.15 20759.85
20760.08 20762.17
20760.08 20762.17
20760.39 20762.11
20760.13 20761.63
20760.13 20761.63
20760.14 20761.61
20759.65 20761.36
20759.65 20761.36
20759.41 20761.09
20759.40 20761.11
20759.40 20761.11
20758.88 20760.37
20757.73 20759.53
20757.73 20759.53
20760.13 20761.62
20760.13 20761.62
20760.39 20762.11
20760.64 20762.36
20760.64 20762.36
20760.63 20762.13
20760.91 20762.60
20760.91 20762.60
20760.89 20762.36
20760.89 20762.36
20760.90 20762.61
20761.38 20762.88
20761.38 20762.88
20763.13 20764.62
20763.13 20764.62
20764.90 20766.60
20764.39 20766.11
20764.39 20766.11
20762.88 20764.38
20763.13 20764.63
20763.13 20764.63
20762.14 20763.86
20762.14 20763.86
20762.89 20764.61
20763.40 20765.11
20763.40 20765.11
20763.40 20765.11
20763.40 20765.11
20763.40 20765.10
20765.16 20766.34
20765.16 20766.34
20765.16 20766.34
20765.17 20766.33
20765.41 20767.09
20765.41 20767.09
20765.13 20766.63
20764.88 20766.38
20764.88 20766.38
20765.37 20766.88
20765.37 20766.88
20765.98 20767.78
20765.98 20767.78
20766.13 20767.63
20766.38 20767.88
20766.38 20767.88
20765.64 20767.11
20765.64 20767.11
20765.64 20767.36
20765.65 20767.36
20765.65 20767.36
20765.88 20767.37
20765.88 20767.37
20766.12 20767.63
20766.15 20767.86
20766.15 20767.86
20766.15 20767.85
20766.15 20767.85
20766.15 20767.85
20767.14 20768.61
20767.14 20768.61
20767.17 20768.34
20767.13 20768.63
20767.13 20768.63
20767.38 20768.88
20767.16 20768.84
20767.16 20768.84
20767.12 20768.63
20767.12 20768.63
20767.64 20769.36
20767.64 20769.36
20768.31 20768.94
20768.14 20769.61
20768.14 20769.61
20769.16 20770.84
20768.38 20769.88
20768.38 20769.88
20768.64 20770.11
20768.13 20769.62
20768.13 20769.62
20768.15 20769.86
20768.15 20769.86
20767.13 20768.63
20767.13 20768.63
20767.38 20768.87
20768.37 20769.88
20768.37 20769.88
20767.64 20769.36
20767.64 20769.11
20767.64 20769.11
20767.39 20768.86
20767.39 20768.86
20765.90 20767.61
20765.90 20767.61
20766.38 20767.87
20764.88 20766.38
20764.88 20766.38
20766.13 20767.63
20765.88 20767.37
20765.88 20767.37
20765.64 20767.11
20766.14 20767.61
20766.14 20767.61
20765.88 20767.38
20765.88 20767.38
20765.64 20767.36
20765.64 20767.36
