20808.13 20809.62
20808.13 20809.62
20805.13 20806.63
20805.13 20806.63
20807.88 20809.37
20805.87 20807.38
20805.87 20807.38
20808.14 20809.61
20806.89 20808.36
20806.89 20808.36
20809.14 20810.61
20809.14 20810.61
20809.66 20810.84
20810.67 20811.83
20810.67 20811.83
20810.39 20811.86
20806.92 20808.09
20806.92 20808.09
20803.89 20805.36
20803.91 20805.09
20803.91 20805.09
20805.16 20806.35
20803.62 20805.13
20803.62 20805.13
20803.92 20805.09
20803.41 20804.59
20803.41 20804.59
20802.66 20803.84
20802.66 20803.84
20801.64 20803.11
20801.92 20803.08
20801.92 20803.08
20802.39 20803.86
20801.67 20802.84
20801.67 20802.84
20798.39 20799.86
20798.39 20799.86
20799.40 20801.11
20800.87 20802.38
20800.87 20802.38
20802.12 20803.63
20801.88 20803.37
20801.88 20803.37
20802.39 20803.86
20798.66 20799.84
20798.66 20799.84
20796.92 20798.08
20795.92 20797.09
20795.92 20797.09
20793.39 20794.86
20791.14 20792.61
20791.14 20792.61
20790.91 20792.09
20790.13 20791.63
20790.13 20791.63
20790.38 20791.87
20791.39 20792.86
20791.39 20792.86
20792.42 20793.59
20789.63 20791.13
20789.63 20791.13
20788.41 20789.59
20788.91 20790.09
20788.91 20790.09
20788.39 20789.86
20788.39 20789.86
20788.88 20790.38
20788.48 20790.28
20788.48 20790.28
20791.13 20792.62
20795.41 20796.59
20795.41 20796.59
20795.16 20796.34
20797.13 20798.62
20797.13 20798.62
20796.91 20798.10
20796.64 20798.11
20796.64 20798.11
20796.64 20798.11
20797.66 20798.85
20797.66 20798.85
20798.41 20799.59
20798.41 20799.59
20798.64 20800.11
20798.16 20799.34
20798.16 20799.34
20798.37 20799.88
20797.41 20798.59
20797.41 20798.59
20797.41 20798.60
20797.41 20798.60
20798.41 20799.59
20792.62 20794.13
20792.62 20794.13
20793.16 20794.35
20792.89 20794.36
20792.89 20794.36
20792.89 20794.36
20791.88 20793.37
20791.88 20793.37
20792.66 20793.84
20791.63 20793.13
20791.63 20793.13
20791.92 20793.09
20793.42 20794.59
20793.42 20794.59
20794.64 20796.11
20794.64 20796.11
20793.39 20794.86
20793.66 20794.84
20792.88 20794.37
20792.88 20794.37
20792.91 20794.09
20792.64 20794.11
20792.64 20794.11
20792.67 20793.83
20792.67 20793.83
20796.39 20797.86
20796.37 20797.88
20796.37 20797.88
20795.88 20797.38
20796.12 20797.63
20796.12 20797.63
20796.89 20798.36
20796.66 20797.84
20796.66 20797.84
20797.16 20798.34
20796.64 20798.11
20796.64 20798.11
20794.92 20796.09
20792.87 20794.38
20792.87 20794.38
20792.16 20793.34
20791.91 20793.10
20791.91 20793.10
20792.91 20794.09
20791.64 20793.11
20791.64 20793.11
20792.14 20793.61
20793.41 20794.59
20793.41 20794.59
20794.13 20795.63
20791.16 20792.34
20791.16 20792.34
20787.37 20788.88
20789.63 20791.13
20789.63 20791.13
20789.89 20791.36
20789.89 20791.36
20790.13 20791.63
20791.39 20792.86
20791.39 20792.86
20789.38 20790.87
20787.89 20789.36
20787.89 20789.36
20789.55 20790.20
20789.41 20790.60
20789.41 20790.60
20788.64 20790.11
20787.63 20789.12
20787.63 20789.12
20787.42 20788.59
20788.63 20790.13
20788.63 20790.13
20790.14 20791.61
20790.14 20791.61
20792.39 20793.86
20792.39 20793.86
20790.87 20792.38
20790.87 20792.38
20791.41 20792.59
20791.41 20792.59
20792.41 20793.60
20792.41 20793.60
20793.41 20794.59
20791.64 20793.11
20791.64 20793.11
20791.39 20792.86
20791.13 20792.63
20791.13 20792.63
20790.12 20791.63
20789.87 20791.38
20789.87 20791.38
20783.41 20784.59
20783.41 20784.59
20786.13 20787.62
20784.38 20785.88
20784.42 20785.58
20784.42 20785.58
20781.38 20782.87
20781.38 20782.87
20782.66 20783.84
20782.39 20783.86
20782.39 20783.86
20783.16 20784.34
20784.42 20785.58
20784.42 20785.58
20786.42 20787.58
20782.88 20784.38
20782.88 20784.38
20785.39 20786.86
20785.13 20786.62
20785.13 20786.62
20787.89 20789.36
20788.42 20789.58
20788.42 20789.58
20787.62 20789.13
20787.62 20789.13
20787.63 20789.13
20788.63 20790.13
20788.63 20790.13
20789.14 20790.61
20789.37 20790.88
20789.37 20790.88
20788.89 20790.36
20788.42 20789.59
20788.42 20789.59
20787.39 20788.86
20788.91 20790.09
20788.91 20790.09
20788.39 20789.86
20788.39 20789.86
20791.66 20792.84
20793.16 20794.34
20793.16 20794.34
20792.64 20794.11
20789.64 20791.11
20789.64 20791.11
20788.65 20789.85
20786.12 20787.63
20786.12 20787.63
20784.14 20785.61
20783.66 20784.85
20783.66 20784.85
20781.87 20783.38
20781.89 20783.36
20781.89 20783.36
20784.88 20786.37
20786.13 20787.63
20786.13 20787.63
20786.41 20787.59
20785.91 20787.09
20785.91 20787.09
20785.63 20787.12
20788.38 20789.88
20788.38 20789.88
20785.16 20786.34
20783.87 20785.38
20783.87 20785.38
20784.31 20784.94
20784.31 20784.94
20783.64 20785.11
20783.12 20784.63
20783.12 20784.63
20781.66 20782.85
20780.88 20782.38
20780.88 20782.38
20780.91 20782.10
20778.63 20780.12
20778.63 20780.12
20780.16 20781.34
20781.66 20782.84
20781.66 20782.84
20780.63 20782.13
20778.91 20780.09
20778.91 20780.09
20779.65 20780.85
20779.41 20780.59
20779.41 20780.59
20777.81 20778.44
20775.92 20777.09
20775.92 20777.09
20775.13 20776.62
20774.14 20775.61
20774.14 20775.61
20775.88 20777.38
20775.88 20777.38
20775.64 20777.11
20776.16 20777.34
20776.16 20777.34
20774.17 20775.33
20775.14 20776.61
20775.14 20776.61
20774.16 20775.34
20774.17 20775.33
20774.17 20775.33
20774.39 20775.86
20776.16 20777.34
20776.16 20777.34
20775.17 20776.34
20772.87 20774.38
20772.87 20774.38
20772.67 20773.83
20771.92 20773.09
20771.92 20773.09
20772.88 20774.38
20771.13 20772.62
20771.13 20772.62
20770.91 20772.09
20770.67 20771.83
20770.67 20771.83
20771.39 20772.86
20770.87 20772.38
20770.87 20772.38
20770.88 20772.38
20770.91 20772.10
20770.91 20772.10
20766.66 20767.84
20766.16 20767.34
20766.16 20767.34
20764.89 20766.36
20763.42 20764.58
20763.42 20764.58
20764.66 20765.84
20764.66 20765.84
20763.41 20764.59
20764.38 20765.87
20764.38 20765.87
20763.17 20764.34
20760.88 20762.38
20760.88 20762.38
20762.41 20763.59
20760.91 20762.09
20760.91 20762.09
20763.13 20764.62
20763.13 20764.62
20761.39 20762.86
20759.39 20760.86
20759.39 20760.86
20759.16 20760.34
20760.38 20761.87
20760.38 20761.87
20760.41 20761.60
20759.62 20761.13
20759.62 20761.13
20758.90 20760.10
20758.64 20760.11
20758.64 20760.11
20759.39 20760.86
20757.38 20758.87
20757.38 20758.87
20757.64 20759.11
20757.64 20759.11
20757.62 20759.13
20757.16 20758.34
20757.16 20758.34
20758.63 20760.13
20756.17 20757.33
20756.17 20757.33
20757.16 20758.34
20756.67 20757.83
20756.67 20757.83
20756.88 20758.37
20761.38 20762.88
20761.38 20762.88
20757.39 20758.86
20756.13 20757.62
20756.13 20757.62
20757.39 20758.86
20757.38 20758.87
20757.38 20758.87
20758.13 20759.63
20758.13 20759.63
20758.31 20758.94
20756.90 20758.10
20756.16 20757.34
20756.16 20757.34
20756.14 20757.61
20755.41 20756.59
20755.41 20756.59
20753.38 20754.88
20753.38 20754.88
20750.67 20751.84
20753.13 20754.62
20753.13 20754.62
20751.65 20752.85
20751.65 20752.85
20751.64 20753.11
20751.63 20753.12
20751.63 20753.12
20751.39 20752.86
20752.38 20753.87
20752.38 20753.87
20751.13 20752.62
20750.66 20751.85
20750.66 20751.85
20748.66 20749.84
20749.66 20750.84
20749.66 20750.84
20749.66 20750.84
20748.16 20749.35
20748.16 20749.35
20749.16 20750.34
20749.38 20750.87
20749.38 20750.87
20749.38 20750.87
20752.41 20753.59
20752.41 20753.59
20753.16 20754.34
20750.87 20752.38
20750.87 20752.38
20750.39 20751.86
20750.13 20751.62
20750.13 20751.62
20751.88 20753.38
20751.41 20752.59
20751.41 20752.59
20750.91 20752.10
20750.91 20752.10
20747.31 20747.94
20745.92 20747.09
20745.92 20747.09
20748.41 20749.59
20748.87 20750.38
20747.92 20749.08
20747.92 20749.08
20746.39 20747.86
20746.39 20747.86
20745.13 20746.63
20743.89 20745.36
20746.87 20748.38
20746.87 20748.38
20747.39 20748.86
20747.39 20748.86
20747.41 20748.60
20747.64 20749.11
20747.64 20749.11
20747.89 20749.36
20748.91 20750.09
20748.91 20750.09
20746.64 20748.11
20743.16 20744.34
20743.16 20744.34
20742.14 20743.61
20744.38 20745.87
20744.38 20745.87
20745.38 20746.87
20745.66 20746.84
20745.66 20746.84
20745.64 20747.11
20746.38 20747.88
20746.38 20747.88
20746.64 20748.11
20746.81 20747.44
20746.81 20747.44
20744.87 20746.38
20746.13 20747.63
20746.13 20747.63
20748.41 20749.59
20747.12 20748.63
20747.12 20748.63
20747.87 20749.38
20747.87 20749.38
20748.67 20749.83
20746.62 20748.13
20746.62 20748.13
20745.13 20746.63
20746.96 20748.79
20746.96 20748.79
20747.66 20748.84
20747.16 20748.35
20747.16 20748.35
20745.66 20746.85
20746.13 20747.63
20746.13 20747.63
20747.88 20749.37
20744.88 20746.38
20744.88 20746.38
20745.39 20746.86
20745.12 20746.63
20745.12 20746.63
20744.13 20745.63
20745.88 20747.37
20745.88 20747.37
20745.13 20746.63
20743.41 20744.60
20743.41 20744.60
20744.38 20745.87
20740.16 20741.34
20740.16 20741.34
20739.64 20741.11
20739.64 20741.11
20734.13 20735.62
20729.13 20730.63
20729.13 20730.63
20730.14 20731.61
20729.42 20730.59
20729.42 20730.59
20729.67 20730.83
20731.41 20732.60
20731.41 20732.60
20730.16 20731.34
20729.38 20730.88
20729.38 20730.88
20730.66 20731.84
20731.41 20732.59
20731.41 20732.59
20730.38 20731.88
20730.89 20732.36
20730.89 20732.36
20731.64 20733.11
20732.91 20734.09
20732.91 20734.09
20731.92 20733.08
20728.91 20730.09
20728.91 20730.09
20727.87 20729.38
20728.91 20730.09
20728.91 20730.09
20728.14 20729.61
20729.66 20730.84
20729.66 20730.84
20731.63 20733.12
20730.64 20732.11
20730.64 20732.11
20731.62 20733.13
20731.64 20733.11
20731.64 20733.11
20730.88 20732.37
20730.88 20732.37
20732.41 20733.59
20732.16 20733.34
20732.16 20733.34
20730.63 20732.12
20729.13 20730.63
20729.13 20730.63
20731.65 20732.85
20734.13 20735.62
20734.13 20735.62
20736.16 20737.34
20737.87 20739.38
20737.87 20739.38
20740.66 20741.84
20740.41 20741.59
20740.41 20741.59
20744.37 20745.88
20743.91 20745.09
20743.91 20745.09
20742.66 20743.84
20740.66 20741.84
20740.66 20741.84
20740.16 20741.35
20741.12 20742.63
20741.12 20742.63
20737.64 20739.11
20735.63 20737.12
20735.63 20737.12
20736.66 20737.84
20736.66 20737.84
20733.66 20734.85
20732.17 20733.33
20732.17 20733.33
20731.16 20732.34
20733.14 20734.61
20733.14 20734.61
20734.64 20736.11
20734.12 20735.63
20734.12 20735.63
20734.88 20736.38
20733.12 20734.63
20733.12 20734.63
20731.66 20732.85
20733.66 20734.85
20733.66 20734.85
20734.17 20735.34
20734.89 20736.36
20734.89 20736.36
20737.63 20739.12
20736.14 20737.61
20736.14 20737.61
20735.66 20736.84
20737.91 20739.09
20737.91 20739.09
20736.39 20737.86
20737.87 20739.38
20737.87 20739.38
20737.41 20738.59
20737.41 20738.59
20738.13 20739.62
20738.12 20739.63
20738.12 20739.63
20738.41 20739.59
20738.41 20739.59
20737.62 20739.13
20738.12 20739.63
20738.12 20739.63
20738.63 20740.13
20737.39 20738.86
20737.39 20738.86
20736.38 20737.87
20736.38 20737.87
20737.66 20738.84
20737.17 20738.33
20737.17 20738.33
20738.91 20740.10
20739.41 20740.60
20739.41 20740.60
20740.13 20741.63
20738.16 20739.34
20738.16 20739.34
20737.38 20738.87
20735.38 20736.88
20735.38 20736.88
20735.41 20736.60
20733.16 20734.35
20733.16 20734.35
20733.89 20735.36
20733.38 20734.87
20733.38 20734.87
20734.41 20735.60
20732.65 20733.85
20732.65 20733.85
20731.37 20732.88
20728.88 20730.37
20728.88 20730.37
20729.41 20730.59
20732.42 20733.58
20732.42 20733.58
20732.92 20734.08
20731.91 20733.10
20731.91 20733.10
20730.88 20732.37
20730.39 20731.86
20730.39 20731.86
