21006.38 21007.87
21006.38 21007.87
21006.38 21007.87
21006.39 21007.86
21006.39 21007.86
21006.39 21007.86
21005.87 21007.38
21005.87 21007.38
21007.63 21009.12
21007.63 21009.12
21006.91 21008.10
21005.66 21006.84
21005.66 21006.84
21005.92 21007.08
21005.92 21007.08
21006.40 21007.60
21006.40 21007.60
21005.42 21006.59
21005.41 21006.59
21005.41 21006.59
21005.37 21006.88
21005.37 21006.88
21005.37 21006.88
21005.41 21006.59
21006.88 21008.37
21006.88 21008.37
21007.38 21008.87
21006.62 21008.13
21006.62 21008.13
21006.62 21008.13
21004.66 21005.85
21004.66 21005.85
21004.66 21005.85
21003.56 21004.19
21001.39 21002.86
21001.39 21002.86
21000.63 21002.12
21002.16 21003.34
21002.16 21003.34
21003.13 21004.62
21003.13 21004.62
21002.92 21004.08
21002.92 21004.08
21003.14 21004.61
21003.14 21004.61
21002.91 21004.09
21004.17 21005.34
21004.17 21005.34
21003.67 21004.84
21004.13 21005.62
21004.13 21005.62
21004.13 21005.62
21004.13 21005.62
21004.41 21005.59
21002.66 21003.85
21002.66 21003.85
21002.42 21003.58
21003.42 21004.59
21003.42 21004.59
21002.63 21004.12
21002.63 21004.12
21003.56 21004.19
21003.37 21004.88
21003.37 21004.88
21003.38 21004.87
21003.38 21004.87
21003.64 21005.11
21004.31 21004.94
21004.31 21004.94
21004.30 21004.95
21004.30 21004.95
21004.30 21004.95
21004.66 21005.84
21004.66 21005.84
21004.66 21005.84
21004.39 21005.86
21004.39 21005.86
21004.14 21005.61
21004.14 21005.61
21004.13 21005.62
21004.13 21005.62
21004.13 21005.62
21004.42 21005.59
21004.42 21005.59
21004.42 21005.59
21004.37 21005.88
21004.91 21006.09
21004.91 21006.09
21004.63 21006.12
21004.63 21006.12
21004.67 21005.83
21004.67 21005.83
21004.81 21005.44
21004.63 21006.12
21004.63 21006.12
21003.67 21004.84
21003.67 21004.84
21003.64 21005.11
21003.64 21005.11
21004.12 21005.63
21004.38 21005.87
21004.38 21005.87
21004.63 21006.12
21004.63 21006.12
21004.63 21006.12
21004.66 21005.85
21004.66 21005.85
21004.89 21006.36
21004.89 21006.36
21004.64 21006.11
21004.64 21006.11
21004.88 21006.37
21004.88 21006.37
21004.87 21006.38
21004.87 21006.38
21004.91 21006.09
21005.88 21007.37
21005.88 21007.37
21005.13 21006.62
21005.13 21006.62
21005.37 21006.88
21005.37 21006.88
21005.17 21006.33
21005.17 21006.33
21005.17 21006.34
21004.67 21005.84
21004.67 21005.84
21004.67 21005.83
21004.67 21005.83
21004.88 21006.37
21004.88 21006.37
21004.88 21006.37
21004.63 21006.12
21004.63 21006.12
21004.87 21006.38
21004.87 21006.38
21004.38 21005.87
21004.38 21005.87
21004.38 21005.87
21004.42 21005.58
21004.42 21005.58
21004.92 21006.09
21004.92 21006.09
21005.31 21005.94
21005.31 21005.94
21005.67 21006.83
21005.67 21006.83
21005.90 21007.10
21005.90 21007.10
21006.63 21008.12
21006.63 21008.12
21005.67 21006.84
21005.67 21006.84
21005.66 21006.85
21005.63 21007.12
21005.63 21007.12
21005.63 21007.12
21006.91 21008.09
21006.91 21008.09
21006.63 21008.12
21006.63 21008.12
21006.66 21007.84
21006.41 21007.59
21006.41 21007.59
21006.39 21007.86
21006.39 21007.86
21005.91 21007.09
21005.91 21007.09
21005.64 21007.11
21005.64 21007.11
21005.64 21007.11
21006.56 21007.19
21006.56 21007.19
21006.42 21007.58
21004.67 21005.84
21004.67 21005.84
21004.66 21005.85
21004.66 21005.85
21004.42 21005.58
21004.42 21005.58
21004.14 21005.61
21004.14 21005.61
21005.15 21006.35
21005.15 21006.35
21005.15 21006.35
21005.31 21005.94
21005.31 21005.94
21004.92 21006.08
21004.92 21006.08
21004.66 21005.84
21004.66 21005.84
21004.87 21006.38
21004.87 21006.38
21004.87 21006.38
21004.87 21006.38
21004.64 21006.11
21004.64 21006.11
21003.88 21005.37
21003.88 21005.37
21003.38 21004.87
21003.38 21004.87
21003.39 21004.86
21003.38 21004.87
21003.38 21004.87
21003.89 21005.36
21003.88 21005.37
21003.88 21005.37
21004.12 21005.63
21004.12 21005.63
21004.42 21005.59
21004.42 21005.59
21004.39 21005.86
21004.39 21005.86
21004.39 21005.86
21004.37 21005.88
21004.41 21005.59
21004.41 21005.59
21004.41 21005.59
21004.41 21005.59
21004.42 21005.59
21004.42 21005.59
21004.42 21005.59
21004.42 21005.59
21004.62 21006.13
21004.66 21005.84
21004.66 21005.84
21004.41 21005.59
21004.41 21005.59
21004.42 21005.58
21004.42 21005.58
21004.42 21005.58
21004.39 21005.86
21004.39 21005.86
21004.39 21005.86
21004.39 21005.86
21004.91 21006.10
21007.17 21008.33
21007.17 21008.33
21007.06 21007.69
21007.06 21007.69
21007.06 21007.69
21006.66 21007.84
21006.66 21007.84
21006.65 21007.85
21006.65 21007.85
21006.65 21007.85
21006.13 21007.62
21006.13 21007.62
21006.67 21007.83
21006.67 21007.83
21006.41 21007.60
21006.41 21007.60
21006.41 21007.60
21006.41 21007.60
21006.92 21008.08
21005.67 21006.83
21005.67 21006.83
21005.39 21006.86
21005.90 21007.10
21005.90 21007.10
21005.91 21007.09
21005.91 21007.09
21006.13 21007.62
21005.41 21006.59
21005.41 21006.59
21005.42 21006.58
21005.42 21006.58
21005.13 21006.62
21005.13 21006.62
21005.13 21006.62
21005.12 21006.63
21005.12 21006.63
21005.39 21006.86
21004.38 21005.87
21004.38 21005.87
21004.38 21005.87
21005.17 21006.33
21005.17 21006.33
21005.17 21006.33
21005.15 21006.35
21005.15 21006.35
21006.63 21008.12
21006.63 21008.12
21006.66 21007.84
21006.66 21007.84
21006.42 21007.58
21006.42 21007.58
21006.42 21007.58
21007.16 21008.35
21007.16 21008.35
21007.42 21008.59
21007.42 21008.59
21007.42 21008.59
21007.30 21007.95
21007.30 21007.95
21007.67 21008.83
21007.67 21008.83
21006.42 21007.58
21006.92 21008.08
21006.92 21008.08
21006.92 21008.08
21006.92 21008.08
21006.39 21007.86
21007.16 21008.34
21007.16 21008.34
