20767.64 20769.11
20767.64 20769.11
20767.40 20769.11
20767.40 20769.11
20767.16 20768.85
20767.16 20768.85
20765.89 20767.36
20765.64 20767.11
20765.64 20767.11
20765.64 20767.11
20766.67 20767.84
20766.67 20767.84
20766.91 20768.59
20766.91 20768.59
20767.38 20768.88
20767.38 20768.88
20766.90 20768.61
20766.90 20768.61
20767.63 20769.13
20767.65 20769.36
20767.65 20769.36
20766.66 20768.34
20766.39 20767.86
20766.39 20767.86
20766.38 20767.88
20766.38 20767.88
20766.66 20768.35
20766.66 20768.35
20766.14 20767.61
20764.39 20766.11
20764.39 20766.11
20764.41 20766.09
20764.41 20766.09
20762.91 20764.09
20761.39 20762.86
20761.39 20762.86
20761.15 20762.86
20761.15 20762.86
20760.89 20762.36
20760.88 20762.37
20760.88 20762.37
20762.16 20763.84
20762.16 20763.84
20759.16 20760.85
20759.16 20760.85
20758.41 20759.59
20757.96 20759.79
20757.65 20759.36
20757.65 20759.36
20758.90 20760.61
20758.90 20760.61
20757.65 20759.35
20759.15 20760.85
20759.15 20760.85
20759.39 20760.86
20758.91 20760.60
20758.91 20760.60
20759.37 20760.88
20759.37 20760.88
20758.66 20760.34
20758.39 20760.11
20758.39 20760.11
20758.39 20760.11
20758.39 20760.11
20758.39 20760.11
20758.38 20759.87
20758.65 20760.36
20758.65 20760.36
20758.65 20760.36
20758.66 20760.35
20758.66 20760.35
20758.66 20760.35
20758.92 20760.08
20758.91 20760.09
20757.90 20759.61
20757.90 20759.61
20758.62 20760.13
20759.14 20760.86
20759.14 20760.86
20759.14 20760.86
20759.88 20761.38
20759.88 20761.38
20758.71 20760.54
20759.46 20761.29
20759.46 20761.29
20759.98 20761.78
20759.98 20761.78
20761.21 20763.04
20761.21 20763.04
20761.22 20763.03
20761.22 20763.03
20761.13 20762.63
20760.90 20762.61
20760.90 20762.61
20761.16 20762.84
20761.16 20762.85
20761.16 20762.85
20761.66 20763.34
20760.16 20761.85
20760.16 20761.85
20760.48 20762.28
20760.48 20762.28
20761.14 20762.61
20761.14 20762.61
20761.88 20763.37
20761.88 20763.37
20761.39 20763.11
20761.39 20763.11
20761.39 20763.11
20761.38 20762.88
20761.38 20762.88
20760.97 20762.78
20760.97 20762.78
20761.38 20762.88
20760.63 20762.13
20760.63 20762.13
20760.91 20762.60
20760.14 20761.61
20760.14 20761.61
20760.21 20762.04
20760.21 20762.04
20761.16 20762.35
20761.16 20762.35
20761.64 20763.11
20761.66 20762.84
20761.66 20762.84
20760.88 20762.38
20760.90 20762.61
20760.90 20762.61
20760.65 20762.35
20760.65 20762.35
20760.62 20762.13
20760.37 20761.88
20760.37 20761.88
20759.39 20760.86
20759.39 20760.86
20757.39 20758.86
20757.39 20758.86
20757.91 20759.09
20758.38 20759.88
20757.96 20759.79
20757.96 20759.79
20758.38 20759.87
20758.38 20759.87
20758.14 20759.61
20758.14 20759.61
20760.63 20762.13
20760.39 20761.86
20760.39 20761.86
20760.14 20761.61
20759.40 20761.10
20759.40 20761.10
20760.13 20761.63
20760.13 20761.63
20760.89 20762.61
20760.89 20762.61
20760.38 20761.88
20760.41 20762.09
20760.41 20762.09
20760.15 20761.86
20760.15 20761.86
20760.63 20762.12
20760.38 20761.87
20760.38 20761.87
20760.39 20761.86
20760.39 20761.86
20760.39 20761.86
20760.06 20760.69
20760.15 20761.86
20760.15 20761.86
20759.98 20761.78
20759.98 20761.78
20760.15 20761.86
20760.15 20761.86
20760.15 20761.86
20759.13 20760.63
20758.87 20760.38
20758.87 20760.38
20758.38 20759.88
20758.90 20760.60
20758.90 20760.60
20758.15 20759.86
20758.15 20759.86
20758.15 20759.86
20758.38 20759.88
20758.38 20759.88
20758.13 20759.62
20758.41 20759.59
20758.41 20759.59
20758.41 20759.59
20758.14 20759.61
20753.64 20755.36
20753.64 20755.36
20754.64 20756.11
20753.14 20754.86
20753.14 20754.86
20755.16 20756.85
20755.90 20757.61
20755.90 20757.61
20755.65 20757.35
20755.65 20757.35
20755.38 20756.87
20755.65 20757.36
20755.65 20757.36
20756.13 20757.62
20755.37 20756.88
20755.37 20756.88
20754.41 20756.09
20754.41 20756.09
20754.89 20756.61
20754.14 20755.86
20754.14 20755.86
20754.89 20756.61
20754.14 20755.61
20754.14 20755.61
20754.64 20756.11
20753.66 20755.34
20753.66 20755.34
20754.89 20756.61
20754.89 20756.61
20754.89 20756.61
20753.46 20755.29
20753.71 20755.54
20753.71 20755.54
20753.47 20755.28
20753.47 20755.28
20752.98 20754.78
20752.98 20754.78
20753.90 20755.61
20753.90 20755.61
20753.90 20755.61
20752.73 20754.53
20753.97 20755.78
20753.97 20755.78
20753.89 20755.61
20753.89 20755.61
20754.23 20756.03
20754.21 20756.04
20754.21 20756.04
20754.15 20755.86
20754.15 20755.86
20753.97 20755.78
20753.97 20755.78
20753.22 20755.03
20753.22 20755.03
20753.22 20755.03
20753.48 20755.28
20753.48 20755.28
20752.91 20754.60
20752.91 20754.60
20752.66 20754.34
20750.91 20752.59
20750.91 20752.59
20749.64 20751.36
20745.66 20746.84
20745.66 20746.84
20744.13 20745.63
20743.66 20744.85
20743.66 20744.85
20743.64 20745.11
20745.14 20746.61
20745.14 20746.61
20745.63 20747.12
20744.89 20746.36
20744.89 20746.36
20744.42 20745.59
20744.42 20745.59
20745.37 20746.88
20745.89 20747.36
20745.89 20747.36
20745.65 20747.36
20746.63 20748.13
20746.63 20748.13
20747.66 20748.84
20747.66 20748.84
20747.63 20749.13
20746.15 20747.86
20746.89 20748.36
20746.89 20748.36
20748.63 20750.12
20748.63 20750.12
20749.15 20750.85
20749.15 20750.85
20748.88 20750.38
20748.88 20750.38
20748.37 20749.88
20747.41 20749.09
20747.41 20749.09
20751.63 20753.12
20751.92 20753.08
20751.92 20753.08
20751.65 20753.36
20751.65 20753.35
20751.65 20753.35
20751.14 20752.61
20751.14 20752.61
20750.65 20752.36
20750.88 20752.37
20750.88 20752.37
20750.39 20752.11
20751.14 20752.86
20751.14 20752.86
20751.38 20752.88
20751.38 20752.88
20752.39 20753.86
20752.39 20753.86
20751.66 20753.34
20751.66 20753.34
20751.90 20753.60
20751.90 20753.60
20752.14 20753.86
20752.63 20754.13
20752.63 20754.13
20751.65 20753.36
20751.65 20753.36
20753.37 20754.88
20753.37 20754.88
20750.66 20752.35
20751.40 20753.11
20751.40 20753.11
20751.90 20753.60
20751.38 20752.88
20751.38 20752.88
20751.38 20752.88
20750.91 20752.59
20750.21 20752.04
20750.21 20752.04
20750.03 20751.98
20750.03 20751.98
20750.38 20751.88
20750.38 20751.88
20751.14 20752.61
20751.14 20752.61
20751.14 20752.61
20751.16 20752.85
20751.16 20752.85
20751.90 20753.60
20751.90 20753.60
20751.91 20753.59
20751.91 20753.59
20751.90 20753.60
20751.72 20753.53
20751.72 20753.53
20751.66 20753.35
20751.66 20753.35
20751.89 20753.61
20751.89 20753.61
20751.28 20753.22
20751.28 20753.22
20751.88 20753.37
20750.78 20752.73
20750.78 20752.73
20751.14 20752.86
20751.14 20752.86
20749.96 20751.79
20749.96 20751.79
20749.71 20751.54
20749.71 20751.54
20749.90 20751.60
20749.90 20751.60
20747.63 20749.13
20747.63 20749.13
20746.65 20748.35
20746.66 20748.34
20746.66 20748.34
20746.63 20748.13
20746.63 20748.13
20743.14 20744.86
20743.39 20744.86
20743.39 20744.86
20743.16 20744.84
20742.16 20743.84
20741.41 20743.10
20741.41 20743.10
20741.73 20743.53
20741.73 20743.53
20742.39 20744.11
20742.64 20744.11
20742.64 20744.11
20741.67 20742.83
20741.15 20742.85
20741.15 20742.85
20739.65 20741.36
20738.16 20739.84
20738.16 20739.84
20738.14 20739.61
20737.98 20739.78
20737.98 20739.78
20739.16 20740.84
20739.91 20741.59
20739.91 20741.59
20739.16 20740.85
20739.16 20740.85
20737.90 20739.61
20738.14 20739.86
20738.14 20739.86
20737.37 20738.88
20737.37 20738.88
20739.81 20740.44
20739.81 20740.44
20739.65 20741.35
20740.16 20741.84
20740.16 20741.84
20738.64 20740.36
20739.13 20740.63
20739.13 20740.63
20739.13 20740.62
20739.13 20740.62
20739.48 20741.28
20739.48 20741.28
20739.37 20740.88
20739.37 20740.88
20737.41 20739.10
20737.48 20739.28
20737.48 20739.28
20736.64 20738.11
20736.64 20738.11
20735.89 20737.61
20736.65 20738.35
20736.65 20738.35
20736.65 20738.35
20736.66 20738.34
20738.13 20739.62
20736.91 20738.60
20736.91 20738.60
20738.41 20740.09
20738.41 20740.09
20738.92 20740.08
20739.15 20740.86
20739.15 20740.86
20742.15 20743.86
20742.64 20744.11
20742.64 20744.11
20742.41 20744.10
20743.64 20745.36
20743.64 20745.36
20742.64 20744.36
20742.64 20744.36
20745.37 20746.88
20745.14 20746.61
20744.90 20746.61
20744.90 20746.61
20741.91 20743.60
20741.91 20743.60
20742.38 20743.87
20742.91 20744.59
20742.91 20744.59
20742.72 20744.53
20742.72 20744.53
20742.72 20744.53
20742.72 20744.53
20742.72 20744.53
20742.41 20743.59
20742.39 20744.11
20742.39 20744.11
20741.90 20743.61
20741.90 20743.61
20741.65 20743.36
20742.40 20744.11
20742.40 20744.11
20742.40 20744.11
20742.12 20743.63
20740.39 20742.11
20740.39 20742.11
20740.66 20742.34
20740.41 20742.09
20740.41 20742.09
20740.65 20742.36
20741.63 20743.13
20741.63 20743.13
20741.41 20743.10
20741.41 20743.10
20741.90 20743.61
20741.90 20743.61
20742.13 20743.63
20742.14 20743.61
20742.14 20743.61
20741.88 20743.38
20741.91 20743.09
20741.91 20743.09
20742.38 20743.88
20742.38 20743.88
20742.66 20744.35
20742.66 20744.35
20742.87 20744.38
20742.87 20744.38
20742.39 20743.86
20742.39 20743.86
20742.41 20744.09
20742.41 20744.10
20742.41 20744.10
20742.40 20744.11
20742.90 20744.60
20742.90 20744.60
20743.38 20744.87
20743.38 20744.87
20743.38 20744.87
20743.15 20744.86
20743.38 20744.88
20743.38 20744.88
20743.38 20744.88
20743.64 20745.11
20747.64 20749.36
20747.64 20749.36
20747.65 20749.36
20747.65 20749.36
20748.15 20749.85
20747.37 20748.88
20747.37 20748.88
20746.39 20747.86
20746.14 20747.86
20746.14 20747.86
20746.64 20748.36
20746.64 20748.36
20746.65 20748.36
20746.65 20748.36
20746.91 20748.59
20746.91 20748.59
20746.73 20748.53
20746.73 20748.53
20746.65 20748.36
20746.65 20748.35
20746.65 20748.35
20746.66 20748.34
20746.66 20748.34
20747.64 20749.36
20747.40 20749.11
20747.21 20749.04
20747.21 20749.04
20748.91 20750.60
20749.90 20751.61
20749.90 20751.61
20749.14 20750.86
20749.14 20750.86
20749.41 20750.59
20747.89 20749.61
20747.89 20749.61
20748.38 20749.88
20748.38 20749.88
20748.71 20750.54
20748.71 20750.54
20748.65 20750.36
20748.28 20750.22
20748.28 20750.22
20748.90 20750.60
20748.90 20750.60
20750.14 20751.61
20750.14 20751.61
20750.41 20751.59
20750.13 20751.63
20750.13 20751.63
20750.13 20751.63
20750.13 20751.63
20750.37 20751.88
20752.97 20754.78
20752.97 20754.78
20751.14 20752.86
20751.14 20752.86
20736.23 20738.03
20733.97 20735.78
20747.38 20748.88
20747.38 20748.88
20753.47 20755.28
20753.47 20755.28
20754.64 20756.36
20747.66 20749.35
20740.71 20742.54
20740.71 20742.54
20742.91 20744.60
20742.91 20744.60
20742.39 20744.11
20740.66 20742.34
20740.66 20742.34
20744.97 20746.78
20744.89 20746.61
20744.89 20746.61
20750.41 20752.09
20749.03 20750.97
20749.03 20750.97
20749.96 20751.79
20750.65 20752.36
20750.65 20752.36
20756.15 20757.86
20752.28 20754.22
20752.28 20754.22
20754.46 20756.29
20753.63 20755.12
20753.63 20755.12
20754.14 20755.61
20754.14 20755.61
20755.88 20757.38
20756.98 20758.78
20756.98 20758.78
20756.64 20758.36
20757.65 20759.36
20757.65 20759.36
20754.38 20755.88
20754.38 20755.88
20754.16 20755.85
20753.48 20755.28
20753.48 20755.28
20750.46 20752.29
20748.22 20750.03
20748.22 20750.03
20746.91 20748.59
20745.90 20747.61
20745.90 20747.61
20743.15 20744.85
20743.15 20744.85
20741.65 20743.35
20740.63 20742.13
20740.63 20742.13
20743.08 20745.17
20746.22 20748.03
20746.22 20748.03
20745.48 20747.28
20747.28 20749.22
20747.28 20749.22
20747.65 20749.35
20747.78 20749.73
20747.78 20749.73
20748.40 20750.11
