20813.90 20815.61
20813.90 20815.61
20814.63 20816.13
20814.63 20816.13
20814.88 20816.38
20814.88 20816.38
20813.91 20815.60
20814.13 20815.63
20814.13 20815.63
20813.66 20815.34
20813.91 20815.60
20813.91 20815.60
20814.97 20816.78
20814.97 20816.78
20813.88 20815.37
20816.90 20818.61
20816.90 20818.61
20815.38 20816.87
20815.39 20816.86
20815.39 20816.86
20815.41 20817.10
20815.41 20817.10
20815.38 20816.88
20815.16 20816.84
20815.16 20816.84
20816.15 20817.86
20816.15 20817.86
20816.41 20818.10
20815.16 20816.85
20815.16 20816.85
20815.13 20816.63
20815.13 20816.63
20813.88 20815.37
20813.88 20815.37
20814.12 20815.63
20815.14 20816.61
20815.14 20816.61
20811.90 20813.61
20811.90 20813.61
20815.13 20816.63
20815.13 20816.63
20814.87 20816.38
20814.66 20816.35
20814.66 20816.35
20815.14 20816.61
20815.14 20816.61
20813.65 20815.36
20813.39 20815.11
20813.39 20815.11
20811.90 20813.60
20813.62 20815.13
20813.62 20815.13
20814.39 20815.86
20814.38 20815.87
20814.38 20815.87
20816.38 20817.87
20815.89 20817.36
20815.89 20817.36
20815.40 20817.11
20814.91 20816.60
20814.91 20816.60
20814.38 20815.88
20814.38 20815.88
20815.21 20817.04
20815.21 20817.04
20814.88 20816.37
20814.88 20816.37
20816.12 20817.63
20816.12 20817.63
20816.40 20818.11
20816.40 20818.11
20816.66 20818.35
20817.66 20819.35
20817.66 20819.35
20816.64 20818.11
20816.40 20818.11
20816.40 20818.11
20816.37 20817.88
20816.37 20817.88
20816.63 20818.13
20818.15 20819.86
20818.15 20819.86
20818.13 20819.62
20818.13 20819.62
20817.62 20819.13
20817.62 20819.13
20817.14 20818.61
20817.14 20818.61
20817.12 20818.63
20816.38 20817.87
20816.38 20817.87
20817.15 20818.85
20817.15 20818.85
20818.92 20820.08
20818.66 20820.35
20818.66 20820.35
20820.12 20821.63
20820.12 20821.63
20820.89 20822.61
20820.64 20822.11
20820.64 20822.11
20821.13 20822.62
20821.13 20822.62
20821.13 20822.62
20820.15 20821.86
20820.63 20822.12
20820.63 20822.12
20820.89 20822.36
20820.40 20822.11
20820.40 20822.11
20819.89 20821.36
20819.89 20821.36
20819.91 20821.10
20819.38 20820.87
20819.38 20820.87
20820.15 20821.86
20820.15 20821.85
20820.15 20821.85
20820.68 20821.83
20820.91 20822.59
20820.91 20822.59
20820.90 20822.61
20819.21 20821.04
20819.21 20821.04
20820.48 20822.28
20820.48 20822.28
20821.13 20822.62
20819.90 20821.60
20819.90 20821.60
20820.71 20822.54
20821.37 20822.88
20821.37 20822.88
20820.66 20822.35
20820.66 20822.35
20820.41 20822.10
20819.15 20820.86
20819.15 20820.86
20819.14 20820.61
20812.73 20814.53
20812.73 20814.53
20812.90 20814.61
20812.88 20814.38
20812.88 20814.38
20812.66 20813.84
20812.43 20813.58
20812.43 20813.58
20814.91 20816.60
20813.16 20814.85
20813.16 20814.85
20814.67 20815.83
20814.67 20815.83
20816.41 20818.10
20818.14 20819.61
20818.14 20819.61
20816.89 20818.36
20816.91 20818.60
20818.16 20819.84
20818.16 20819.84
20818.65 20820.36
20818.65 20820.36
20818.16 20819.84
20818.16 20819.84
20817.64 20819.11
20817.64 20819.11
20817.91 20819.60
20817.66 20818.84
20817.66 20818.84
20815.87 20817.38
20815.38 20816.88
20815.38 20816.88
20815.38 20816.88
20815.66 20817.34
20815.90 20817.61
20815.90 20817.61
20819.14 20820.61
20816.88 20818.37
20816.88 20818.37
20817.39 20818.86
20817.39 20818.86
20817.38 20818.88
20817.38 20818.88
20817.90 20819.61
20818.67 20819.83
20818.67 20819.83
20816.89 20818.36
20816.89 20818.36
20819.14 20820.61
20818.41 20820.09
20818.41 20820.09
20818.12 20819.63
20818.12 20819.63
20818.12 20819.63
20818.16 20819.85
20818.63 20820.13
20818.63 20820.13
20819.15 20820.85
20821.41 20823.10
20821.41 20823.10
20822.15 20823.86
20822.14 20823.86
20822.14 20823.86
20822.15 20823.86
20822.15 20823.86
20822.40 20824.11
20822.40 20824.11
20822.40 20824.11
20818.39 20819.86
20819.12 20820.63
20819.12 20820.63
20818.15 20819.86
20819.38 20820.87
20819.38 20820.87
20819.38 20820.87
20819.38 20820.87
20819.96 20821.79
20820.16 20821.84
20820.16 20821.84
20820.63 20822.13
20820.63 20822.13
20820.91 20822.59
20821.91 20823.60
20821.91 20823.60
20821.40 20823.10
20821.40 20823.10
20820.63 20822.13
20820.15 20821.86
20820.15 20821.86
20820.38 20821.87
20820.38 20821.87
20820.39 20821.86
20818.89 20820.36
20818.89 20820.36
20816.90 20818.61
20816.90 20818.61
20816.90 20818.60
20815.16 20816.85
20815.16 20816.85
20816.15 20817.86
20817.64 20819.11
20817.64 20819.11
20817.65 20819.36
20816.91 20818.60
20816.91 20818.60
20817.15 20818.86
20816.65 20818.36
20816.65 20818.36
20817.38 20818.87
20816.38 20817.87
20816.38 20817.87
20814.65 20816.36
20813.66 20815.34
20813.66 20815.34
20813.38 20814.88
20815.41 20816.60
20815.41 20816.60
20815.65 20817.35
20817.46 20819.29
20817.46 20819.29
20816.89 20818.61
20817.66 20819.34
20817.66 20819.34
20816.16 20817.85
20815.89 20817.36
20815.89 20817.36
20814.64 20816.11
20814.64 20816.11
20814.42 20815.58
20814.42 20815.58
20813.39 20814.86
20812.14 20813.61
20812.14 20813.61
20811.63 20813.13
20813.40 20815.11
20813.40 20815.11
20813.41 20815.09
20816.12 20817.63
20816.12 20817.63
20816.64 20818.11
20816.64 20818.11
20816.66 20818.35
20816.66 20818.35
20816.88 20818.38
20816.96 20818.79
20816.96 20818.79
20818.12 20819.63
20818.12 20819.63
20820.23 20822.03
20818.14 20819.86
20818.14 20819.86
20816.87 20818.38
20817.14 20818.61
20817.14 20818.61
20817.88 20819.37
20819.14 20820.61
20819.14 20820.61
20819.16 20820.84
20819.16 20820.84
20819.39 20820.86
20817.96 20819.79
20817.96 20819.79
20815.39 20817.11
20815.39 20817.11
20816.15 20817.35
20815.90 20817.61
20815.90 20817.61
20817.64 20819.11
20817.64 20819.11
20817.90 20819.61
20819.40 20820.60
20819.40 20820.60
20818.88 20820.38
20817.63 20819.12
20817.63 20819.12
20817.89 20819.36
20817.89 20819.36
20821.16 20822.85
20820.39 20822.11
20820.39 20822.11
20820.39 20822.11
20820.39 20822.11
20820.39 20821.86
20820.37 20821.88
20820.37 20821.88
20819.65 20821.36
20819.65 20821.36
20818.87 20820.38
20820.38 20821.87
20820.39 20821.86
20820.39 20821.86
20820.63 20822.13
20820.38 20821.87
20820.38 20821.87
20819.64 20821.11
20819.64 20821.11
20820.65 20821.85
20819.66 20821.34
20819.66 20821.34
20819.96 20821.79
20819.96 20821.79
20819.64 20821.36
20819.64 20821.36
20820.16 20821.35
20818.89 20820.36
20818.89 20820.36
20818.65 20820.35
20818.13 20819.62
20818.13 20819.62
20819.15 20820.35
20819.40 20821.11
20819.40 20821.11
20819.41 20821.10
20819.41 20821.10
20820.64 20822.11
20821.39 20822.86
20821.39 20822.86
20821.42 20822.58
20824.91 20826.60
20824.91 20826.60
20824.65 20825.85
20825.40 20826.60
20825.40 20826.60
20824.91 20826.60
20824.91 20826.60
20824.40 20826.10
20823.64 20825.11
20823.64 20825.11
20823.66 20825.34
20823.66 20825.34
20823.14 20824.61
20824.65 20826.36
20824.65 20826.36
20825.63 20827.13
20825.63 20827.13
20825.88 20827.37
20826.38 20827.88
20826.38 20827.88
20826.39 20827.86
20826.39 20827.86
20826.91 20828.10
20828.16 20829.84
20828.64 20830.11
20828.64 20830.11
20828.65 20830.36
20827.63 20829.12
20827.63 20829.12
20828.14 20829.61
20827.46 20829.29
20827.46 20829.29
20827.90 20829.61
20827.90 20829.61
20828.41 20830.09
20828.40 20830.11
20828.40 20830.11
20827.14 20828.61
20828.40 20830.11
20828.40 20830.11
20827.91 20829.60
20829.39 20831.11
20829.39 20831.11
20829.88 20831.38
20829.89 20831.36
20829.89 20831.36
20831.16 20832.84
20831.16 20832.84
20831.40 20833.11
20830.16 20831.84
20830.16 20831.84
20830.16 20831.84
20830.88 20832.37
20830.88 20832.37
20829.65 20831.35
20829.65 20831.35
20829.64 20831.11
20829.46 20831.29
20829.88 20831.37
20829.88 20831.37
20831.66 20833.35
20831.66 20833.35
20831.40 20833.10
20831.40 20833.10
20831.78 20833.73
20832.63 20834.12
20831.89 20833.36
20831.89 20833.36
20830.41 20831.59
20830.41 20831.59
20829.91 20831.60
20830.38 20831.87
20830.38 20831.87
20830.12 20831.63
20829.17 20830.33
20829.17 20830.33
20828.16 20829.34
20828.16 20829.34
20826.63 20828.12
20827.13 20828.62
20827.13 20828.62
20825.91 20827.59
20825.91 20827.59
20825.89 20827.36
20828.14 20829.61
20828.14 20829.61
20827.66 20829.35
20827.89 20829.36
20827.89 20829.36
20829.13 20830.63
20828.71 20830.54
20828.71 20830.54
20827.89 20829.36
20827.89 20829.36
20827.89 20829.36
20828.13 20829.63
20828.13 20829.63
20827.65 20829.36
20827.65 20829.36
20827.87 20829.38
20827.41 20829.09
20827.41 20829.09
20827.13 20828.62
20827.13 20828.62
20826.89 20828.36
20826.89 20828.36
20826.47 20828.28
20826.90 20828.61
20826.90 20828.61
20826.41 20828.09
20825.65 20827.36
20825.65 20827.36
20825.65 20827.36
20824.90 20826.60
20825.40 20827.11
20825.40 20827.11
20826.63 20828.12
20828.64 20830.36
20828.64 20830.36
20826.88 20828.37
20826.66 20828.35
20826.66 20828.35
20824.66 20826.35
20821.38 20822.87
20821.38 20822.87
20822.39 20823.86
20823.41 20824.60
20823.41 20824.60
20823.66 20825.35
20823.88 20825.37
20823.88 20825.37
20824.89 20826.36
20824.89 20826.36
20824.41 20826.09
20824.13 20825.62
20824.13 20825.62
20824.12 20825.63
20822.91 20824.60
20822.91 20824.60
20823.15 20824.86
20823.15 20824.86
20821.40 20823.11
20820.16 20821.85
20820.16 20821.85
20820.87 20822.38
20816.66 20817.84
20816.66 20817.84
20815.64 20817.36
20817.56 20818.19
20817.56 20818.19
20816.65 20818.36
20818.66 20820.35
20818.66 20820.35
20818.88 20820.37
20818.88 20820.37
20818.39 20819.86
20818.41 20820.09
20818.41 20820.09
20819.55 20820.20
20815.90 20817.60
20815.90 20817.60
20818.40 20820.11
20818.40 20820.11
20818.63 20820.12
20818.63 20820.12
20818.39 20819.86
20817.62 20819.13
20817.62 20819.13
20819.14 20820.61
20819.87 20821.38
20819.87 20821.38
20820.14 20821.61
20822.63 20824.13
20822.63 20824.13
20822.66 20824.34
20822.66 20824.34
20823.63 20825.12
20822.15 20823.85
20822.15 20823.85
20822.38 20823.87
20822.66 20824.34
20822.66 20824.34
20822.63 20824.12
20822.63 20824.12
20822.14 20823.86
20821.37 20822.88
20821.37 20822.88
20820.88 20822.37
20820.38 20821.87
20820.38 20821.87
20820.66 20822.35
20822.38 20823.88
20822.38 20823.88
20822.38 20823.88
20822.90 20824.61
20822.90 20824.61
20822.64 20824.11
20822.64 20824.36
20822.64 20824.36
20824.65 20826.36
20824.65 20826.36
20823.88 20825.38
20823.16 20824.85
20823.16 20824.85
20823.16 20824.85
20822.43 20823.58
20823.39 20824.86
20823.39 20824.86
20822.89 20824.61
20822.89 20824.61
20822.38 20823.87
20821.13 20822.62
20821.13 20822.62
20820.66 20822.35
20820.66 20822.35
20819.91 20821.60
20819.48 20821.28
20819.48 20821.28
20821.13 20822.62
20820.87 20822.38
20820.87 20822.38
20823.88 20825.37
20823.88 20825.37
20823.63 20825.13
20823.63 20825.13
20823.40 20825.10
20823.88 20825.37
20823.88 20825.37
20824.87 20826.38
20824.38 20825.87
20824.38 20825.87
20823.40 20825.11
20823.40 20825.11
20823.46 20825.29
20823.46 20825.29
20823.66 20825.35
20823.66 20825.35
20823.66 20825.34
20823.66 20825.34
20824.12 20825.63
20824.12 20825.63
20822.93 20824.08
20822.65 20823.85
20822.65 20823.85
20820.65 20822.35
20819.89 20821.36
20819.89 20821.36
20819.91 20821.60
20819.91 20821.60
20818.14 20819.61
20818.16 20819.85
20818.16 20819.85
20818.39 20820.11
20818.39 20820.11
20818.64 20820.11
20818.64 20820.11
20818.42 20819.58
20818.41 20820.09
20820.41 20822.10
20820.41 20822.10
20822.15 20823.86
20822.15 20823.86
20822.39 20823.86
20821.63 20823.12
20821.63 20823.12
20820.91 20822.60
20819.15 20820.85
