20807.66 20808.84
20807.66 20808.84
20806.17 20807.34
20806.17 20807.34
20806.56 20807.19
20808.13 20809.62
20808.13 20809.62
20808.81 20809.44
20806.92 20808.08
20806.92 20808.08
20806.41 20807.59
20806.41 20807.59
20805.91 20807.09
20806.66 20807.84
20806.66 20807.84
20806.41 20807.59
20805.66 20806.85
20805.66 20806.85
20804.91 20806.09
20805.38 20806.88
20805.38 20806.88
20805.56 20806.19
20805.62 20807.13
20805.62 20807.13
20805.91 20807.09
20805.91 20807.09
20805.87 20807.38
20805.67 20806.84
20805.67 20806.84
20805.67 20806.84
20805.62 20807.13
20805.16 20806.34
20805.16 20806.34
20805.89 20807.36
20805.41 20806.59
20805.41 20806.59
20805.92 20807.08
20805.90 20807.10
20805.90 20807.10
20805.88 20807.38
20806.87 20808.38
20806.87 20808.38
20807.66 20808.85
20804.15 20805.35
20804.15 20805.35
20804.92 20806.09
20804.92 20806.09
20806.66 20807.84
20805.14 20806.61
20805.14 20806.61
20804.87 20806.38
20804.87 20806.38
20805.16 20806.34
20803.88 20805.37
20803.88 20805.37
20803.88 20805.37
20804.38 20805.87
20804.38 20805.87
20803.89 20805.36
20803.89 20805.36
20806.14 20807.61
20806.67 20807.83
20806.67 20807.83
20809.12 20810.63
20809.12 20810.63
20808.67 20809.83
20809.17 20810.34
20809.17 20810.34
20811.67 20812.84
20813.40 20814.60
20813.40 20814.60
20813.66 20814.85
20815.16 20816.34
20815.16 20816.34
20814.92 20816.08
20814.67 20815.83
20814.40 20815.60
20814.40 20815.60
20811.18 20812.33
20811.18 20812.33
20810.62 20812.13
20810.66 20811.84
20810.66 20811.84
20811.06 20811.69
20811.06 20811.69
20810.37 20811.88
20810.39 20811.86
20810.39 20811.86
20810.17 20811.33
20808.64 20810.11
20808.64 20810.11
20809.17 20810.34
20809.17 20810.34
20807.16 20808.34
20804.16 20805.34
20804.16 20805.34
20799.65 20800.85
20798.65 20799.85
20798.65 20799.85
20797.92 20799.09
20799.16 20800.35
20799.16 20800.35
20799.06 20799.69
20798.91 20800.10
20798.91 20800.10
20798.16 20799.34
20796.92 20798.08
20796.92 20798.08
20799.41 20800.60
20796.63 20798.12
20796.63 20798.12
20797.39 20798.86
20797.38 20798.88
20797.38 20798.88
20796.14 20797.61
20795.41 20796.60
20795.41 20796.60
20793.90 20795.10
20794.16 20795.34
20794.16 20795.34
20795.66 20796.84
20793.37 20794.88
20793.37 20794.88
20793.38 20794.88
20793.38 20794.88
20790.13 20791.62
20791.41 20792.59
20791.41 20792.59
20792.39 20793.86
20792.39 20793.86
20790.13 20791.62
20788.88 20790.37
20788.88 20790.37
20787.41 20788.59
20785.41 20786.59
20785.41 20786.59
20783.97 20785.78
20784.91 20786.10
20784.91 20786.10
20783.13 20784.62
20785.41 20786.59
20785.41 20786.59
20783.92 20785.09
20783.42 20784.58
20783.42 20784.58
20781.92 20783.08
20781.38 20782.88
20781.38 20782.88
20782.38 20783.88
20782.38 20783.88
20781.14 20782.61
20780.66 20781.84
20780.66 20781.84
20776.88 20778.37
20779.62 20781.13
20779.62 20781.13
20780.88 20782.37
20782.17 20783.33
20782.17 20783.33
20780.14 20781.61
20778.14 20779.61
20778.14 20779.61
20777.63 20779.13
20781.64 20783.11
20781.64 20783.11
20775.17 20776.34
20775.17 20776.34
20774.63 20776.13
20774.39 20775.86
20774.39 20775.86
20774.37 20775.88
20773.63 20775.12
20773.63 20775.12
20773.42 20774.58
20773.66 20774.84
20773.66 20774.84
20771.66 20772.85
20773.66 20774.84
20773.66 20774.84
20775.16 20776.34
20776.38 20777.88
20776.38 20777.88
20778.38 20779.87
20778.88 20780.37
20778.88 20780.37
20779.88 20781.37
20779.63 20781.13
20779.63 20781.13
20778.67 20779.84
20780.16 20781.34
20780.16 20781.34
20781.63 20783.12
20783.66 20784.85
20783.66 20784.85
20783.63 20785.13
20782.89 20784.36
20782.89 20784.36
20783.15 20784.35
20785.41 20786.59
20785.41 20786.59
20782.66 20783.84
20777.63 20779.12
20777.63 20779.12
20777.40 20778.60
20776.16 20777.34
20776.16 20777.34
20773.41 20774.59
20774.13 20775.62
20774.13 20775.62
20776.42 20777.58
20776.42 20777.58
20778.91 20780.09
20779.41 20780.59
20778.89 20780.36
20778.89 20780.36
20778.41 20779.59
20778.41 20779.59
20778.67 20779.84
20781.65 20782.85
20781.65 20782.85
20779.66 20780.85
20781.88 20783.38
20783.64 20785.11
20783.64 20785.11
20785.88 20787.37
20786.91 20788.09
20786.91 20788.09
20789.67 20790.83
20789.67 20790.83
20789.88 20791.37
20790.16 20791.34
20790.16 20791.34
20793.66 20794.84
20795.62 20797.13
20795.62 20797.13
20793.37 20794.88
20792.64 20794.11
20792.64 20794.11
20790.16 20791.35
20791.31 20791.94
20791.31 20791.94
20790.68 20791.83
20786.89 20788.36
20786.89 20788.36
20787.41 20788.59
20788.89 20790.36
20788.89 20790.36
20788.42 20789.59
20788.12 20789.63
20788.12 20789.63
20785.15 20786.35
20786.67 20787.84
20786.67 20787.84
20787.37 20788.88
20786.37 20787.88
20786.37 20787.88
20787.42 20788.59
20787.42 20788.59
20789.17 20790.33
20789.17 20790.33
20789.17 20790.33
20788.91 20790.09
20790.63 20792.13
20790.63 20792.13
20788.41 20789.59
20785.65 20786.85
20785.65 20786.85
20785.13 20786.63
20785.13 20786.63
20784.91 20786.09
20785.37 20786.88
20785.37 20786.88
20788.63 20790.13
20787.92 20789.08
20787.92 20789.08
20786.88 20788.37
20786.88 20788.37
20785.14 20786.61
20781.64 20783.11
20781.64 20783.11
20779.88 20781.38
20779.64 20781.11
20779.64 20781.11
20783.06 20783.70
20782.93 20784.08
20782.93 20784.08
20782.66 20783.84
20784.81 20785.45
20784.81 20785.45
20784.12 20785.63
20784.14 20785.61
20784.14 20785.61
20784.17 20785.33
20784.39 20785.86
20784.39 20785.86
20785.17 20786.33
20783.16 20784.34
20783.16 20784.34
20782.89 20784.36
20782.89 20784.36
20784.30 20784.95
20784.12 20785.63
20784.12 20785.63
20788.66 20789.84
20789.91 20791.09
20789.91 20791.09
20794.56 20795.19
20792.89 20794.36
20792.89 20794.36
20793.13 20794.62
20790.65 20791.85
20790.65 20791.85
20794.17 20795.33
20793.88 20795.37
20793.88 20795.37
20793.91 20795.09
20792.64 20794.11
20792.64 20794.11
20792.92 20794.08
20791.13 20792.62
20791.13 20792.62
20791.38 20792.87
20791.38 20792.87
20788.87 20790.38
20788.88 20790.38
20788.88 20790.38
20789.13 20790.62
20791.16 20792.34
20791.16 20792.34
20790.13 20791.63
20789.67 20790.83
20789.67 20790.83
20789.41 20790.59
20789.38 20790.88
20789.38 20790.88
20788.91 20790.10
20790.38 20791.87
20790.38 20791.87
20791.16 20792.35
20789.88 20791.37
20789.88 20791.37
20790.17 20791.34
20789.63 20791.13
20789.63 20791.13
20788.88 20790.37
20790.39 20791.86
20790.39 20791.86
20791.16 20792.34
20790.88 20792.37
20790.88 20792.37
20790.41 20791.59
20789.16 20790.34
20789.16 20790.34
20786.13 20787.63
20785.17 20786.33
20785.17 20786.33
20782.67 20783.83
20781.91 20783.10
20781.91 20783.10
20783.12 20784.63
20784.93 20786.08
20784.93 20786.08
20782.14 20783.61
20782.67 20783.83
20782.67 20783.83
20782.13 20783.63
20782.13 20783.63
20781.42 20782.59
20782.63 20784.13
20782.63 20784.13
20785.42 20786.58
20785.42 20786.58
20785.38 20786.87
20784.66 20785.84
20784.66 20785.84
20784.38 20785.87
20784.42 20785.58
20784.42 20785.58
20785.16 20786.34
20787.81 20788.44
20787.81 20788.44
20787.16 20788.34
20787.16 20788.34
20787.16 20788.34
20786.14 20787.61
20785.39 20786.86
20785.39 20786.86
20786.67 20787.83
20786.67 20787.83
20790.17 20791.33
20789.89 20791.36
20788.64 20790.11
20788.64 20790.11
20787.64 20789.11
20787.64 20789.11
20787.91 20789.09
20789.41 20790.59
20789.41 20790.59
20786.43 20787.58
20787.14 20788.61
20787.14 20788.61
20788.92 20790.08
20791.62 20793.13
20791.62 20793.13
20790.91 20792.09
20789.39 20790.86
20789.39 20790.86
20789.41 20790.59
20789.65 20790.85
20789.65 20790.85
20789.37 20790.88
20785.38 20786.87
20785.38 20786.87
20781.39 20782.86
20781.39 20782.86
20777.66 20778.84
20774.31 20774.94
20774.31 20774.94
20775.62 20777.13
20774.42 20775.58
20774.42 20775.58
20772.91 20774.10
20771.88 20773.38
20771.88 20773.38
20771.91 20773.09
20772.41 20773.60
20772.41 20773.60
20774.42 20775.58
20779.13 20780.63
20779.13 20780.63
20782.16 20783.35
20782.39 20783.86
20782.39 20783.86
20781.38 20782.88
20778.92 20780.08
20778.92 20780.08
20780.56 20781.20
20780.56 20781.20
20779.63 20781.12
20781.38 20782.88
20781.38 20782.88
20778.17 20779.33
20780.41 20781.60
20780.41 20781.60
20780.14 20781.61
20781.14 20782.61
20781.14 20782.61
20781.66 20782.84
20784.89 20786.36
20784.89 20786.36
20786.42 20787.58
20785.38 20786.87
20785.38 20786.87
20786.16 20787.34
20785.41 20786.59
20785.41 20786.59
20783.37 20784.88
20783.37 20784.88
20782.13 20783.63
20782.92 20784.09
20782.92 20784.09
20783.62 20785.13
20784.66 20785.84
20784.66 20785.84
20784.41 20785.59
20784.41 20785.59
20783.92 20785.08
20785.39 20786.86
20785.39 20786.86
20784.90 20786.10
20784.62 20786.13
20784.62 20786.13
20784.14 20785.61
20784.88 20786.37
20784.88 20786.38
20784.88 20786.38
20783.13 20784.63
20782.91 20784.09
20782.91 20784.09
20784.64 20786.11
20784.62 20786.13
20784.62 20786.13
20785.65 20787.35
20785.65 20787.35
20786.38 20787.87
20786.38 20787.87
20786.38 20787.87
20786.38 20787.87
20786.92 20788.08
20784.64 20786.11
20784.64 20786.11
20786.16 20787.35
20787.38 20788.87
20787.38 20788.87
20787.14 20788.61
20787.14 20788.61
20790.89 20792.36
20791.66 20793.35
20791.66 20793.35
20790.16 20791.34
20790.16 20791.34
20788.14 20789.61
20788.14 20789.61
20788.14 20789.61
20789.65 20790.85
20790.62 20792.13
20790.62 20792.13
20788.39 20789.86
20788.63 20790.13
20788.63 20790.13
20789.91 20791.60
20789.63 20791.13
20789.63 20791.13
20791.88 20793.37
20791.12 20792.63
20791.12 20792.63
20790.63 20792.13
20790.63 20792.13
20790.64 20792.11
20789.89 20791.36
20789.89 20791.36
20789.13 20790.63
20789.16 20790.34
20789.16 20790.34
20789.89 20791.36
20789.89 20791.36
20789.41 20791.09
20789.14 20790.61
20789.14 20790.61
20790.38 20791.88
20791.38 20792.87
20791.38 20792.87
20790.90 20792.61
20790.90 20792.61
20790.66 20791.84
20791.38 20792.88
20791.38 20792.88
20790.89 20792.61
20788.90 20790.60
20788.90 20790.60
20789.66 20790.84
20788.56 20789.19
20788.56 20789.19
20787.88 20789.38
20788.14 20789.61
20788.14 20789.61
20789.66 20791.35
20791.64 20793.36
20791.64 20793.36
20789.37 20790.88
20789.13 20790.63
20789.13 20790.63
20787.65 20789.36
20787.65 20789.36
20788.38 20789.87
20789.39 20790.86
20789.39 20790.86
20790.14 20791.61
20786.88 20788.37
20786.88 20788.37
20786.17 20787.33
20787.41 20789.10
20787.41 20789.10
20789.13 20790.62
20791.38 20792.87
20790.89 20792.36
20790.89 20792.36
20791.16 20792.85
20791.16 20792.85
20789.65 20791.36
20790.38 20791.87
20790.38 20791.87
20789.14 20790.86
20789.16 20790.84
20789.16 20790.84
20789.13 20790.63
20789.13 20790.63
20789.43 20790.58
20787.39 20788.86
20787.39 20788.86
20786.87 20788.38
20786.87 20788.38
20786.92 20788.08
20785.98 20787.78
20785.98 20787.78
20783.39 20784.86
20782.90 20784.61
20782.90 20784.61
20782.16 20783.85
20782.16 20783.85
20782.37 20783.88
20784.13 20785.62
20784.13 20785.62
20784.14 20785.86
20784.65 20786.35
20784.65 20786.35
20785.91 20787.09
20786.12 20787.63
20786.12 20787.63
20785.72 20787.53
20785.72 20787.53
20785.88 20787.37
20784.91 20786.60
20784.91 20786.60
20784.87 20786.38
20784.87 20786.38
20785.16 20786.34
20784.67 20785.84
20784.67 20785.84
20785.66 20787.34
20784.63 20786.12
20784.63 20786.12
20782.89 20784.61
20783.38 20784.88
20783.38 20784.88
20782.89 20784.36
20782.89 20784.36
20782.13 20783.62
20783.14 20784.61
20783.14 20784.61
20783.40 20785.10
20783.90 20785.61
20783.90 20785.61
