20887.80 20888.45
20887.80 20888.45
20885.67 20886.83
20885.67 20886.83
20884.41 20885.59
20884.41 20885.59
20885.17 20886.33
20886.31 20886.94
20886.31 20886.94
20886.91 20888.09
20886.91 20888.09
20886.37 20887.88
20886.13 20887.63
20886.13 20887.63
20886.64 20888.11
20887.39 20888.86
20887.39 20888.86
20887.12 20888.63
20887.12 20888.63
20885.38 20886.87
20886.17 20887.33
20886.17 20887.33
20886.41 20887.59
20886.88 20888.37
20886.88 20888.37
20886.62 20888.13
20886.67 20887.83
20886.67 20887.83
20888.17 20889.33
20889.16 20890.34
20889.16 20890.34
20889.64 20891.11
20888.92 20890.08
20888.92 20890.08
20888.67 20889.83
20887.62 20889.13
20887.62 20889.13
20889.13 20890.62
20889.13 20890.62
20891.65 20892.85
20892.42 20893.59
20892.42 20893.59
20893.66 20894.84
20893.67 20894.84
20893.67 20894.84
20893.63 20895.12
20893.89 20895.36
20893.89 20895.36
20893.91 20895.09
20891.37 20892.88
20891.37 20892.88
20890.37 20891.88
20890.37 20891.88
20891.17 20892.33
20891.38 20892.88
20891.38 20892.88
20892.37 20893.88
20892.17 20893.33
20892.17 20893.33
20892.63 20894.12
20893.92 20895.08
20893.92 20895.08
20893.88 20895.37
20893.91 20895.10
20893.91 20895.10
20894.13 20895.63
20895.65 20896.85
20895.65 20896.85
20896.64 20898.11
20897.64 20899.11
20897.64 20899.11
20897.14 20898.61
20896.92 20898.08
20896.92 20898.08
20896.88 20898.38
20896.88 20898.38
20897.13 20898.63
20896.38 20897.87
20896.38 20897.87
20896.42 20897.58
20896.12 20897.63
20896.12 20897.63
20896.17 20897.33
20896.17 20897.33
20896.31 20896.94
20897.66 20898.84
20897.92 20899.08
20897.92 20899.08
20899.67 20900.83
20899.67 20900.83
20902.38 20903.87
20902.42 20903.59
20902.42 20903.59
20903.17 20904.33
20903.17 20904.33
20901.16 20902.35
20902.90 20904.10
20902.90 20904.10
20905.67 20906.83
20907.67 20908.83
20907.67 20908.83
20907.31 20907.94
20908.17 20909.33
20908.17 20909.33
20904.37 20905.88
20905.06 20905.70
20905.06 20905.70
20904.63 20906.13
20902.89 20904.36
20902.89 20904.36
20901.90 20903.10
20901.90 20903.10
20901.17 20902.33
20902.16 20903.34
20902.16 20903.34
20901.67 20902.83
20899.65 20900.85
20899.65 20900.85
20900.66 20901.85
20900.65 20901.85
20900.65 20901.85
20900.37 20901.88
20899.90 20901.10
20899.90 20901.10
20901.13 20902.63
20901.92 20903.08
20901.92 20903.08
20901.67 20902.83
20901.41 20902.59
20901.41 20902.59
20900.67 20901.84
20900.67 20901.84
20902.15 20903.35
20902.17 20903.33
20902.17 20903.33
20902.90 20904.10
20902.90 20904.10
20902.38 20903.87
20902.30 20902.95
20902.30 20902.95
20900.38 20901.87
20901.16 20902.34
20901.16 20902.34
20901.17 20902.33
20901.17 20902.33
20901.40 20902.60
20900.15 20901.35
20901.41 20902.59
20901.41 20902.59
20901.13 20902.62
20901.15 20902.35
20901.15 20902.35
20901.88 20903.38
20901.88 20903.38
20901.67 20902.83
20901.89 20903.36
20901.89 20903.36
20902.17 20903.33
20903.38 20904.87
20903.38 20904.87
20903.12 20904.63
20903.63 20905.13
20903.63 20905.13
20904.16 20905.34
20902.81 20903.45
20902.81 20903.45
20902.63 20904.13
20902.63 20904.13
20902.92 20904.08
20902.92 20904.08
20902.92 20904.08
20902.13 20903.63
20902.14 20903.61
20902.14 20903.61
20902.38 20903.87
20901.42 20902.59
20901.42 20902.59
20902.41 20903.59
20901.88 20903.37
20901.88 20903.37
20900.88 20902.38
20901.37 20902.88
20901.37 20902.88
20901.90 20903.10
20902.38 20903.87
20902.38 20903.87
20901.92 20903.08
20901.92 20903.08
20901.92 20903.08
20901.41 20902.59
20903.39 20904.86
20903.39 20904.86
20902.67 20903.83
20902.67 20903.83
20903.38 20904.87
20902.63 20904.12
20902.63 20904.12
20902.42 20903.58
20902.42 20903.58
20903.88 20905.37
20902.92 20904.08
20902.92 20904.08
20902.91 20904.09
20902.91 20904.09
20903.42 20904.58
20902.17 20903.33
20902.17 20903.33
20903.90 20905.10
20903.90 20905.10
20904.17 20905.33
20904.91 20906.09
20904.91 20906.09
20905.87 20907.38
20907.38 20908.87
20907.38 20908.87
20907.41 20908.59
20907.41 20908.59
20908.62 20910.13
20909.90 20911.10
20909.90 20911.10
20908.88 20910.37
20911.66 20912.84
20911.66 20912.84
20912.13 20913.62
20914.41 20915.59
20914.41 20915.59
20915.42 20916.58
20914.66 20915.84
20914.66 20915.84
20915.38 20916.87
20915.91 20917.09
20915.91 20917.09
20916.42 20917.58
20916.42 20917.58
20916.18 20917.33
20915.65 20916.85
20915.65 20916.85
20916.92 20918.08
20916.66 20917.84
20916.66 20917.84
20915.66 20916.85
20915.66 20916.85
20917.16 20918.34
20916.42 20917.58
20916.42 20917.58
20917.15 20918.35
20918.17 20919.34
20918.17 20919.34
20918.67 20919.83
20918.67 20919.83
20917.38 20918.87
20917.15 20918.35
20917.15 20918.35
20918.80 20919.45
20918.80 20919.45
20918.14 20919.61
20917.31 20917.94
20917.31 20917.94
20916.87 20918.38
20915.89 20917.36
20915.89 20917.36
20916.17 20917.33
20916.17 20917.33
20916.40 20917.60
20918.42 20919.59
20918.42 20919.59
20918.17 20919.33
20919.06 20919.69
20919.06 20919.69
20919.17 20920.33
20921.65 20922.85
20921.65 20922.85
20921.65 20922.85
20924.37 20925.88
20924.37 20925.88
20924.42 20925.58
20923.63 20925.12
20923.63 20925.12
20922.91 20924.09
20921.42 20922.58
20921.42 20922.58
20922.38 20923.87
20924.67 20925.83
20924.67 20925.83
20924.40 20925.60
20923.92 20925.08
20923.92 20925.08
20923.68 20924.83
20923.92 20925.08
20923.92 20925.08
20925.16 20926.34
20925.16 20926.34
20924.63 20926.12
20924.15 20925.35
20924.15 20925.35
20922.67 20923.83
20921.88 20923.37
20921.88 20923.37
20923.62 20925.13
20923.63 20925.13
20923.63 20925.13
20924.67 20925.83
20925.17 20926.33
20925.17 20926.33
20925.15 20926.35
20923.92 20925.08
20923.92 20925.08
20923.66 20924.84
20923.66 20924.84
20924.39 20925.86
20924.39 20925.86
20925.15 20926.35
20923.42 20924.58
20923.42 20924.58
20923.38 20924.87
20923.62 20925.13
20923.62 20925.13
20922.92 20924.08
20922.92 20924.08
20925.30 20925.95
20922.16 20923.34
20922.16 20923.34
20922.88 20924.37
20922.89 20924.36
20922.89 20924.36
20922.13 20923.62
20922.92 20924.08
20922.92 20924.08
20922.88 20924.37
20922.64 20924.11
20922.64 20924.11
20923.13 20924.63
20922.63 20924.12
20922.63 20924.12
20923.39 20924.86
20923.40 20924.60
20923.40 20924.60
20922.67 20923.83
20923.17 20924.33
20923.17 20924.33
20921.39 20922.86
20920.90 20922.10
20920.90 20922.10
20919.88 20921.37
20921.63 20923.12
20921.63 20923.12
20921.67 20922.83
20921.67 20922.83
20921.91 20923.09
20923.41 20924.59
20923.41 20924.59
20921.13 20922.63
20920.92 20922.08
20920.92 20922.08
20921.14 20922.61
20920.62 20922.13
20920.62 20922.13
20919.67 20920.83
20920.65 20921.85
20920.65 20921.85
20919.88 20921.38
20920.40 20921.60
20920.40 20921.60
20921.17 20922.33
20920.91 20922.09
20920.91 20922.09
20920.88 20922.37
20921.38 20922.87
20921.38 20922.87
20919.40 20920.60
20920.42 20921.58
20920.42 20921.58
20920.37 20921.88
20920.37 20921.88
20920.42 20921.58
20919.41 20920.59
20919.41 20920.59
20922.12 20923.63
20923.67 20924.83
20923.67 20924.83
20920.42 20921.58
20920.56 20921.19
20920.56 20921.19
20919.42 20920.58
20919.42 20920.58
20918.64 20920.11
20920.37 20921.88
20920.37 20921.88
20920.66 20921.84
20922.43 20923.58
20922.43 20923.58
20923.17 20924.33
20921.90 20923.10
20921.90 20923.10
20922.42 20923.58
20922.13 20923.62
20922.13 20923.62
20922.14 20923.61
20922.41 20923.59
20922.41 20923.59
20922.42 20923.58
20924.14 20925.61
20924.14 20925.61
20919.13 20920.62
20919.15 20920.35
20919.15 20920.35
20919.06 20919.69
20918.91 20920.09
20918.91 20920.09
20920.40 20921.60
20920.31 20920.94
20920.31 20920.94
20919.38 20920.87
20919.17 20920.33
20919.17 20920.33
20918.89 20920.36
20919.16 20920.34
20919.16 20920.34
20919.42 20920.58
20915.89 20917.36
20915.89 20917.36
20914.90 20916.10
20915.92 20917.08
20915.92 20917.08
20915.15 20916.35
20915.15 20916.35
20915.17 20916.33
20916.56 20917.19
20916.56 20917.19
20915.93 20917.08
20909.91 20911.09
20909.91 20911.09
20912.67 20913.83
20911.43 20912.58
20911.43 20912.58
20909.15 20910.35
20909.15 20910.35
20911.42 20912.58
20909.17 20910.34
20909.17 20910.34
20910.17 20911.33
20911.06 20911.69
20911.06 20911.69
20911.67 20912.83
20911.17 20912.34
20911.17 20912.34
20910.63 20912.12
20910.63 20912.12
20910.63 20912.12
20911.67 20912.83
20910.67 20911.83
20910.67 20911.83
20910.17 20911.33
20910.17 20911.33
20909.38 20910.87
20909.63 20911.12
20909.63 20911.12
20911.43 20912.58
20911.88 20913.38
20911.88 20913.38
20913.16 20914.34
20915.42 20916.58
20915.42 20916.58
20915.12 20916.63
20915.12 20916.63
20915.39 20916.86
20916.42 20917.58
20916.42 20917.58
20917.91 20919.09
20917.17 20918.33
20917.17 20918.33
20917.64 20919.11
20917.66 20918.85
20917.66 20918.85
20916.66 20917.84
20914.91 20916.10
20914.91 20916.10
20915.42 20916.58
20915.65 20916.85
20915.65 20916.85
20916.37 20917.88
20914.88 20916.37
20914.88 20916.37
20914.67 20915.84
20914.91 20916.09
20914.91 20916.09
20913.88 20915.38
20912.67 20913.83
20912.67 20913.83
20912.41 20913.59
20912.89 20914.36
20912.89 20914.36
20913.81 20914.45
20913.12 20914.63
20913.12 20914.63
20914.87 20916.38
20916.13 20917.63
20916.13 20917.63
20916.66 20917.84
20917.17 20918.33
20917.17 20918.33
20915.66 20916.84
20914.66 20915.84
20914.66 20915.84
20914.67 20915.83
20915.90 20917.10
20915.90 20917.10
20915.65 20917.35
20915.91 20917.10
20915.91 20917.10
20914.89 20916.36
20914.89 20916.36
20915.15 20916.35
20914.87 20916.38
20914.87 20916.38
20911.67 20912.83
20911.67 20912.83
20909.90 20911.10
20909.67 20910.83
20909.67 20910.83
20909.91 20911.09
20909.91 20911.09
20909.17 20910.33
20909.16 20910.34
20904.92 20906.08
20904.92 20906.08
20904.64 20906.11
20905.42 20906.58
20905.42 20906.58
20904.92 20906.08
20905.65 20906.85
20905.65 20906.85
20902.87 20904.38
20902.87 20904.38
20904.66 20905.85
20905.40 20906.60
20905.40 20906.60
20906.42 20907.58
20906.13 20907.62
20906.13 20907.62
20906.67 20907.83
20905.92 20907.08
20905.92 20907.08
20904.42 20905.58
20904.12 20905.63
20904.12 20905.63
20904.42 20905.58
20903.14 20904.61
20903.14 20904.61
20904.13 20905.62
20901.17 20902.33
20901.17 20902.33
20899.16 20900.34
20897.92 20899.08
20897.92 20899.08
20896.17 20897.33
20896.15 20897.35
20896.15 20897.35
20898.42 20899.58
20898.88 20900.37
20898.88 20900.37
20898.90 20900.10
20898.90 20900.10
20895.42 20896.58
20896.40 20897.60
20896.40 20897.60
20896.17 20897.34
20894.42 20895.58
20894.42 20895.58
20892.15 20893.35
20892.67 20893.83
20892.67 20893.83
20890.63 20892.13
20890.63 20892.13
20891.88 20893.37
20890.63 20892.12
20890.63 20892.12
20891.63 20893.12
20891.17 20892.33
20891.17 20892.33
20889.63 20891.12
20889.41 20890.59
20889.41 20890.59
20888.63 20890.13
20887.41 20888.59
20887.41 20888.59
20889.42 20890.58
20887.66 20888.84
20887.66 20888.84
20886.17 20887.33
20885.43 20886.58
20885.43 20886.58
20885.41 20886.59
20885.13 20886.62
20885.13 20886.62
20884.38 20885.87
20884.38 20885.87
20884.17 20885.33
20885.63 20887.12
20885.63 20887.12
20884.41 20885.59
20884.42 20885.58
20884.42 20885.58
20882.13 20883.62
20881.92 20883.09
20881.92 20883.09
20881.88 20883.37
20880.67 20881.83
20880.67 20881.83
20882.42 20883.58
20884.81 20885.44
20884.81 20885.44
20888.87 20890.38
20889.92 20891.08
20889.92 20891.08
20888.91 20890.09
20887.89 20889.36
20887.89 20889.36
20891.67 20892.84
20890.63 20892.12
20890.63 20892.12
20891.15 20892.35
20891.87 20893.38
20891.87 20893.38
