20875.73 20877.53
20875.73 20877.53
20875.73 20877.53
20877.91 20879.59
20877.91 20879.59
20876.65 20878.35
20876.65 20878.35
20876.03 20877.98
20876.03 20877.97
20876.03 20877.97
20873.83 20875.92
20874.06 20874.69
20874.06 20874.69
20873.28 20875.23
20872.87 20874.38
20872.87 20874.38
20873.68 20874.83
20873.68 20874.83
20873.72 20875.53
20873.58 20875.67
20873.58 20875.67
20874.46 20876.29
20874.46 20876.29
20870.90 20872.60
20868.98 20870.78
20868.98 20870.78
20868.39 20870.11
20866.98 20868.78
20866.98 20868.78
20869.38 20870.87
20869.38 20870.87
20870.28 20872.23
20870.22 20872.03
20870.22 20872.03
20870.53 20872.48
20870.53 20872.48
20871.65 20873.35
20875.15 20876.85
20875.15 20876.85
20875.15 20876.85
20874.65 20876.35
20874.65 20876.35
20874.72 20876.53
20874.03 20875.97
20874.03 20875.97
20874.21 20876.04
20874.21 20876.04
20874.21 20876.04
20873.98 20875.78
20873.98 20875.78
20873.98 20875.78
20874.15 20875.85
20872.72 20874.53
20872.72 20874.53
20872.72 20874.53
20872.72 20874.53
20872.71 20874.54
20872.71 20874.54
20872.71 20874.54
20872.71 20874.54
20873.40 20875.10
20873.40 20875.10
20873.40 20875.10
20873.72 20875.53
20873.72 20875.53
20873.72 20875.53
20873.03 20874.97
20873.03 20874.97
20874.47 20876.28
20874.47 20876.28
20875.08 20877.17
20875.08 20877.17
20875.58 20877.67
20875.58 20877.67
20875.28 20877.23
20875.28 20877.23
20875.78 20877.72
20875.78 20877.72
20875.48 20877.28
20875.48 20877.28
20875.71 20877.54
20875.71 20877.54
20875.48 20877.28
20875.48 20877.28
20873.28 20875.23
20873.28 20875.23
20873.21 20875.04
20873.21 20875.04
20873.21 20875.04
20874.83 20876.92
20874.83 20876.92
20877.03 20878.97
20877.03 20878.97
20877.03 20878.97
20877.03 20878.97
20877.03 20878.98
20877.03 20878.98
20876.78 20878.73
20876.78 20878.73
20876.98 20878.78
20876.98 20878.78
20877.03 20878.98
20877.72 20879.53
20877.72 20879.53
20878.15 20879.85
20877.90 20879.60
20877.90 20879.60
20878.03 20879.97
20878.03 20879.97
20878.78 20880.73
20879.53 20881.48
20879.53 20881.48
20880.03 20881.97
20880.03 20881.97
20879.72 20881.53
20879.72 20881.53
20881.41 20883.09
20881.41 20883.09
20881.58 20883.67
20881.58 20883.67
20881.83 20883.92
20882.65 20884.35
20882.65 20884.35
20882.72 20884.53
20882.72 20884.53
20882.72 20884.53
20882.03 20883.97
20882.03 20883.97
20881.78 20883.72
20881.78 20883.72
20881.37 20882.88
20881.47 20883.28
20881.47 20883.28
20881.48 20883.28
20881.53 20883.48
20881.53 20883.48
20882.83 20884.92
20882.83 20884.92
20882.78 20884.72
20882.78 20884.72
20882.21 20884.04
20881.53 20883.47
20881.53 20883.47
20881.53 20883.47
20881.53 20883.47
20881.53 20883.47
20881.53 20883.47
20881.39 20883.11
20881.39 20883.11
20881.78 20883.73
20881.78 20883.73
20881.78 20883.73
20882.03 20883.98
20884.98 20886.78
20884.98 20886.78
20884.96 20886.79
20884.33 20886.42
20884.33 20886.42
20884.78 20886.73
20884.78 20886.73
20885.62 20887.13
20885.62 20887.13
20886.22 20888.03
20886.22 20888.03
20885.98 20887.78
20886.23 20888.03
20886.23 20888.03
20887.31 20887.94
20887.31 20887.94
20886.23 20888.03
20886.23 20888.03
20886.41 20888.10
20886.23 20888.03
20886.23 20888.03
20886.21 20888.04
20886.40 20888.11
20886.40 20888.11
20885.73 20887.53
20885.73 20887.53
20885.71 20887.54
20885.71 20887.54
20886.03 20887.97
20885.96 20887.79
20885.96 20887.79
20885.21 20887.04
20885.21 20887.04
20886.78 20888.72
20887.28 20889.23
20887.28 20889.23
20887.28 20889.23
20887.28 20889.23
20887.28 20889.23
20887.66 20889.34
20888.64 20890.36
20888.64 20890.36
20888.64 20890.36
20888.65 20890.35
20888.65 20890.35
20887.72 20889.53
20887.72 20889.53
20888.78 20890.72
20889.28 20891.23
20889.28 20891.23
20889.53 20891.48
20889.53 20891.48
20889.03 20890.98
20889.03 20890.98
20892.65 20894.35
20892.03 20893.98
20892.03 20893.98
20893.78 20895.73
20890.23 20892.03
20890.23 20892.03
20890.96 20892.79
20890.96 20892.79
20890.72 20892.53
20890.72 20892.53
20891.40 20893.10
20889.46 20891.29
20889.46 20891.29
20889.18 20890.33
20889.18 20890.33
20889.53 20891.48
20889.53 20891.48
20889.14 20890.86
20888.28 20890.22
20888.28 20890.22
20888.28 20890.22
20888.03 20889.98
20888.03 20889.98
20889.03 20890.98
20889.46 20891.29
20889.46 20891.29
20889.96 20891.79
20889.96 20891.79
20889.58 20891.67
20889.58 20891.67
20889.03 20890.97
20889.96 20891.79
20889.96 20891.79
20889.96 20891.79
20889.81 20890.44
20888.22 20890.03
20888.22 20890.03
20884.71 20886.54
20884.71 20886.54
20884.28 20886.23
20884.28 20886.23
20883.96 20885.79
20883.96 20885.79
20883.78 20885.73
20883.78 20885.73
20883.78 20885.73
20883.78 20885.73
20883.78 20885.73
20882.03 20883.98
20882.83 20884.92
20882.83 20884.92
20886.03 20887.98
20886.03 20887.98
20885.03 20886.97
20885.03 20886.97
20885.03 20886.97
20884.89 20886.61
20884.89 20886.61
20884.71 20886.54
20884.71 20886.54
20884.71 20886.54
20882.97 20884.78
20881.96 20883.79
20881.96 20883.79
20881.78 20883.72
20881.78 20883.72
20881.78 20883.72
20881.66 20883.34
20881.66 20883.34
20880.72 20882.53
20880.72 20882.53
20881.53 20883.48
20881.53 20883.48
20881.53 20883.47
20881.53 20883.47
20883.53 20885.48
20883.78 20885.73
20883.78 20885.73
20884.28 20886.23
20884.28 20886.23
20884.28 20886.23
20884.28 20886.22
20883.47 20885.28
20883.47 20885.28
20883.47 20885.28
20882.15 20883.85
20881.53 20883.47
20881.53 20883.47
20881.53 20883.48
20882.38 20884.62
20882.38 20884.62
20883.78 20885.73
20883.13 20885.37
20883.13 20885.37
20883.13 20885.37
20883.13 20885.37
20881.83 20883.92
20881.83 20883.92
20882.83 20884.92
20883.78 20885.73
20883.78 20885.73
20884.23 20886.03
20884.22 20886.03
20884.22 20886.03
20884.22 20886.03
20884.22 20886.03
20883.96 20885.79
20883.96 20885.79
20882.14 20883.86
20884.96 20886.79
20884.96 20886.79
20884.73 20886.53
20882.71 20884.54
20882.71 20884.54
20882.71 20884.54
20882.39 20884.11
20882.23 20884.03
20882.23 20884.03
20882.23 20884.03
20882.78 20884.73
20881.73 20883.53
20881.73 20883.53
20881.28 20883.22
20881.28 20883.22
20881.28 20883.23
20881.58 20883.67
20881.58 20883.67
20882.38 20884.62
20882.38 20884.62
20882.72 20884.53
20882.53 20884.47
20882.53 20884.47
20884.28 20886.23
20884.28 20886.23
20884.13 20886.37
20884.13 20886.37
20885.53 20887.48
20881.72 20883.53
20881.72 20883.53
20881.73 20883.53
20881.73 20883.53
20881.48 20883.28
20881.48 20883.28
20881.46 20883.29
20881.46 20883.29
20881.23 20883.03
20881.41 20883.10
20881.41 20883.10
20881.28 20883.23
20881.28 20883.23
20879.03 20880.97
20879.03 20880.97
20878.53 20880.48
20879.21 20881.04
20879.78 20881.73
20879.78 20881.73
20878.53 20880.47
20878.28 20880.22
20878.28 20880.22
20879.65 20881.35
20879.65 20881.35
20880.47 20882.28
20881.53 20883.48
20881.53 20883.48
20883.21 20885.04
20883.21 20885.04
20882.78 20884.72
20882.78 20884.72
20882.78 20884.72
20882.78 20884.72
20881.96 20883.79
20881.96 20883.79
20880.91 20882.59
20880.78 20882.72
20880.78 20882.72
20880.53 20882.47
20880.53 20882.47
20880.53 20882.47
20880.53 20882.47
20881.08 20883.17
20881.08 20883.17
20880.78 20882.73
20880.98 20882.78
20880.98 20882.78
20880.98 20882.78
20880.47 20882.28
20880.47 20882.28
20880.47 20882.28
20880.83 20882.92
20880.83 20882.92
20880.83 20882.92
20880.23 20882.03
20880.23 20882.03
20880.21 20882.04
20881.65 20883.35
20881.65 20883.35
20878.71 20880.54
20878.71 20880.54
20878.71 20880.54
20878.37 20880.89
20878.46 20880.29
20878.46 20880.29
20878.46 20880.29
20878.78 20880.73
20878.78 20880.73
20878.91 20880.59
20878.53 20880.48
20878.53 20880.48
20879.22 20881.03
20880.53 20882.48
20880.53 20882.48
20880.53 20882.48
20880.58 20882.67
20881.97 20883.78
20881.97 20883.78
20881.58 20883.67
20881.58 20883.67
20881.48 20883.28
20881.48 20883.28
20881.78 20883.72
20881.78 20883.72
20883.41 20885.10
20883.21 20885.04
20883.21 20885.04
20883.08 20885.17
20883.08 20885.17
20882.71 20884.54
20884.03 20885.97
20884.03 20885.97
20883.78 20885.73
20883.78 20885.72
20883.78 20885.72
20883.53 20885.47
20883.53 20885.47
20884.28 20886.22
20885.78 20887.73
20885.78 20887.73
20883.28 20885.22
20883.28 20885.22
20882.78 20884.73
20882.78 20884.73
20882.28 20884.22
20882.28 20884.22
20882.33 20884.42
20882.33 20884.42
20883.78 20885.72
20884.22 20886.03
20884.22 20886.03
20883.78 20885.73
20883.78 20885.73
20882.96 20884.79
20882.78 20884.73
20882.78 20884.73
20882.78 20884.73
20883.58 20885.67
20883.78 20885.73
20883.78 20885.73
20883.78 20885.73
20883.78 20885.73
20884.03 20885.98
20884.03 20885.98
20884.33 20886.42
20883.78 20885.73
20883.78 20885.73
20883.71 20885.54
20883.71 20885.54
20883.66 20885.34
20883.66 20885.34
20883.73 20885.53
20884.28 20886.23
20884.28 20886.23
20884.28 20886.23
20884.03 20885.98
20884.28 20886.22
20884.28 20886.22
20884.28 20886.23
20884.28 20886.23
20883.58 20885.67
20883.58 20885.67
20885.28 20887.23
20885.28 20887.23
20885.28 20887.23
20885.28 20887.23
20885.28 20887.23
20885.28 20887.23
20885.22 20887.03
20885.22 20887.03
20885.22 20887.03
20885.28 20887.23
20884.78 20886.72
20884.78 20886.72
20884.65 20886.35
20884.65 20886.35
20884.53 20886.47
20885.08 20887.17
20885.08 20887.17
20885.28 20887.22
20885.28 20887.22
20884.28 20886.23
20884.08 20886.17
20883.83 20885.92
20883.83 20885.92
20883.96 20885.79
20883.96 20885.79
20883.97 20885.78
20886.28 20888.22
20886.28 20888.22
20885.97 20887.78
20886.28 20888.23
20886.28 20888.23
20884.71 20886.54
20884.71 20886.54
20885.58 20887.67
20885.58 20887.67
20885.58 20887.67
20885.53 20887.48
20884.78 20886.73
20884.78 20886.73
20884.28 20886.23
20884.28 20886.23
20884.58 20886.67
20884.58 20886.67
20884.78 20886.72
20884.58 20886.67
20884.58 20886.67
20884.33 20886.42
20884.33 20886.42
20883.28 20885.23
20884.03 20885.98
20884.03 20885.98
20883.53 20885.48
20883.53 20885.48
20884.96 20886.79
20884.96 20886.79
20884.96 20886.79
20885.28 20887.23
20885.28 20887.23
20885.08 20887.17
20885.08 20887.17
20885.08 20887.17
20884.03 20885.98
20884.03 20885.98
20884.03 20885.98
20884.08 20886.17
20884.08 20886.17
20884.08 20886.17
20885.08 20887.17
20885.08 20887.17
20885.08 20887.17
20886.33 20888.42
20880.03 20881.98
20879.48 20881.28
20879.48 20881.28
20879.53 20881.48
20879.53 20881.48
20881.72 20883.53
20876.22 20878.03
20876.22 20878.03
20876.48 20878.28
20876.48 20878.28
20876.78 20878.72
20876.78 20878.72
20877.37 20879.89
20877.37 20879.89
20877.73 20879.53
20877.73 20879.53
20878.53 20880.48
20878.53 20880.48
20877.71 20879.54
20876.96 20878.79
20876.96 20878.79
20879.28 20881.23
20879.78 20881.73
20879.78 20881.73
20879.53 20881.48
20879.53 20881.48
20880.03 20881.97
20879.33 20881.42
20879.33 20881.42
20879.78 20881.73
20879.78 20881.73
20879.83 20881.92
20880.03 20881.98
20880.03 20881.98
20880.23 20882.03
20880.23 20882.03
20880.28 20882.23
20880.28 20882.23
20880.28 20882.23
20880.33 20882.42
20880.33 20882.42
20880.33 20882.42
20880.15 20881.86
20880.15 20881.86
20880.48 20882.28
20880.48 20882.28
20880.48 20882.28
20880.48 20882.28
20880.48 20882.28
20880.53 20882.47
20880.28 20882.22
20880.28 20882.22
20880.28 20882.23
20880.28 20882.23
20879.78 20881.73
20879.78 20881.73
20879.03 20880.97
20879.03 20880.97
20879.97 20881.78
20879.97 20881.78
20878.96 20880.79
20878.96 20880.79
20878.96 20880.79
20878.96 20880.79
20878.78 20880.72
20878.65 20880.35
20878.65 20880.35
