20801.81 20802.44
20801.81 20802.44
20801.28 20803.23
20801.28 20803.23
20800.47 20802.28
20800.47 20802.28
20799.71 20801.54
20799.71 20801.54
20797.21 20799.04
20797.13 20798.62
20797.13 20798.62
20797.66 20799.34
20797.66 20799.34
20797.23 20799.03
20797.96 20799.79
20797.96 20799.79
20798.15 20799.86
20797.14 20798.86
20797.14 20798.86
20795.38 20796.88
20795.38 20796.88
20796.22 20798.03
20797.21 20799.04
20797.21 20799.04
20797.21 20799.04
20797.38 20798.87
20798.38 20799.87
20798.38 20799.87
20799.03 20800.98
20797.47 20799.28
20797.47 20799.28
20797.22 20799.03
20797.22 20799.03
20797.66 20799.35
20797.66 20799.35
20798.90 20800.10
20797.43 20798.58
20797.43 20798.58
20796.96 20798.79
20796.96 20798.79
20797.97 20799.78
20798.89 20800.36
20798.89 20800.36
20798.72 20800.53
20798.63 20800.12
20798.63 20800.12
20794.41 20796.09
20794.41 20796.09
20796.53 20798.47
20796.53 20798.47
20796.96 20798.79
20796.96 20798.79
20797.14 20798.86
20797.14 20798.86
20795.91 20797.59
20795.89 20797.36
20795.89 20797.36
20794.90 20796.60
20794.90 20796.60
20795.73 20797.53
20797.46 20799.29
20797.46 20799.29
20798.65 20800.36
20797.71 20799.54
20797.71 20799.54
20796.66 20798.34
20794.16 20795.85
20794.16 20795.85
20795.90 20797.61
20795.90 20797.61
20797.65 20799.36
20797.65 20799.36
20798.91 20800.59
20796.66 20798.35
20796.66 20798.35
20797.21 20799.04
20797.21 20799.04
20797.21 20799.04
20797.21 20799.04
20796.65 20798.36
20798.41 20800.10
20798.41 20800.10
20798.40 20800.11
20798.40 20800.11
20798.65 20800.36
20799.81 20800.44
20799.81 20800.44
20799.28 20801.22
20799.28 20801.22
20798.66 20800.35
20794.71 20796.54
20794.71 20796.54
20795.96 20797.79
20795.28 20797.22
20795.28 20797.22
20794.98 20796.78
20794.98 20796.78
20795.53 20797.48
20795.53 20797.48
20795.96 20797.79
20795.96 20797.79
20795.78 20797.73
20795.78 20797.73
20792.87 20794.38
20791.88 20793.38
20791.88 20793.38
20794.16 20795.85
20793.96 20795.79
20793.96 20795.79
20793.64 20795.11
20793.64 20795.11
20793.46 20795.29
20793.91 20795.59
20793.91 20795.59
20793.91 20795.60
20793.91 20795.60
20794.47 20796.28
20796.40 20798.11
20796.40 20798.11
20796.71 20798.54
20796.71 20798.54
20797.41 20799.09
20796.66 20798.35
20796.66 20798.35
20797.40 20799.11
20797.41 20799.09
20797.41 20799.09
20797.88 20799.37
20797.46 20799.29
20797.46 20799.29
20796.78 20798.72
20796.78 20798.72
20797.71 20799.54
20797.71 20799.54
20799.28 20801.23
20797.71 20799.54
20797.71 20799.54
20798.56 20799.20
20799.16 20800.84
20799.16 20800.84
20799.16 20800.84
20798.98 20800.78
20798.98 20800.78
20798.39 20800.11
20800.66 20802.34
20803.65 20805.35
20803.65 20805.35
20800.90 20802.61
20799.21 20801.04
20799.21 20801.04
20799.21 20801.04
20800.55 20801.20
20800.16 20801.84
20800.16 20801.84
20800.28 20802.23
20800.47 20802.28
20800.47 20802.28
20800.47 20802.28
20801.33 20803.42
20801.63 20803.13
20801.63 20803.13
20801.37 20802.88
20801.37 20802.88
20801.23 20803.03
20801.16 20802.84
20801.16 20802.84
20802.28 20804.22
20802.28 20804.22
20802.13 20803.62
20802.13 20803.62
20804.13 20805.62
20804.48 20806.28
20804.48 20806.28
20804.46 20806.29
20804.46 20806.29
20805.12 20806.63
20805.41 20806.59
20805.41 20806.59
20805.13 20806.63
20805.14 20806.61
20805.14 20806.61
20804.87 20806.38
20804.65 20806.36
20804.65 20806.36
20804.39 20806.11
20804.66 20806.34
20804.66 20806.34
20804.68 20805.83
20804.68 20805.83
20804.68 20805.83
20804.38 20805.87
20804.38 20805.87
20802.21 20804.04
20800.87 20802.38
20800.87 20802.38
20797.91 20799.09
20796.12 20797.63
20796.12 20797.63
20797.41 20799.10
20798.39 20799.86
20798.39 20799.86
20798.92 20800.08
20798.92 20800.08
20798.65 20800.36
20797.66 20799.34
20797.66 20799.34
20799.81 20800.44
20798.66 20800.35
20798.66 20800.35
20798.65 20800.35
20798.65 20800.35
20798.39 20799.86
20799.12 20800.63
20799.12 20800.63
20798.88 20800.38
20798.88 20800.38
20800.39 20801.86
20800.39 20801.86
20799.92 20801.08
20799.71 20801.54
20799.71 20801.54
20799.90 20801.60
20799.90 20801.60
20797.65 20799.36
20797.65 20799.36
20794.38 20795.88
20794.17 20795.33
20794.17 20795.33
20793.64 20795.11
20794.37 20795.88
20794.37 20795.88
20794.64 20796.11
20794.71 20796.54
20794.71 20796.54
20794.90 20796.61
20795.38 20796.87
20795.38 20796.87
20795.64 20797.11
20796.41 20797.59
20796.41 20797.59
20795.39 20796.86
20795.21 20797.04
20795.21 20797.04
20795.14 20796.61
20795.14 20796.61
20795.14 20796.61
20795.91 20797.59
20795.91 20797.59
20795.89 20797.61
20795.89 20797.61
20796.17 20797.33
20794.87 20796.38
20794.87 20796.38
20793.28 20795.22
20787.40 20789.11
20787.40 20789.11
20786.90 20788.61
20788.16 20789.84
20788.16 20789.84
20788.62 20790.13
20788.63 20790.12
20788.63 20790.12
20788.89 20790.36
20788.89 20790.36
20790.38 20791.87
20790.64 20792.36
20790.64 20792.36
20788.63 20790.13
20784.62 20786.13
20784.62 20786.13
20783.62 20785.13
20783.81 20784.44
20783.81 20784.44
20783.91 20785.09
20785.91 20787.59
20785.91 20787.59
20785.41 20786.59
20785.41 20786.59
20782.64 20784.11
20782.64 20784.11
20782.40 20784.11
20782.63 20784.13
20782.63 20784.13
20782.73 20784.53
20781.98 20783.78
20781.98 20783.78
20782.37 20783.88
20782.37 20783.88
20782.15 20783.86
20781.65 20783.35
20781.65 20783.35
20781.63 20783.12
20781.71 20783.54
20781.71 20783.54
20781.91 20783.60
20781.13 20782.62
20781.13 20782.62
20780.47 20782.28
20779.91 20781.09
20779.91 20781.09
20780.71 20782.54
20781.40 20783.11
20781.40 20783.11
20781.90 20783.61
20782.16 20783.84
20782.16 20783.84
20781.65 20783.36
20781.65 20783.36
20782.39 20783.86
20782.39 20783.86
20784.12 20785.63
20784.12 20785.63
20781.66 20783.35
20782.91 20784.59
20782.91 20784.59
20782.65 20783.85
20781.37 20782.88
20781.37 20782.88
20782.14 20783.61
20782.14 20783.61
20781.91 20783.59
20781.91 20783.09
20781.91 20783.09
20781.89 20783.36
20783.40 20785.11
20783.40 20785.11
20781.41 20782.59
20781.41 20782.59
20783.65 20785.36
20783.65 20785.36
20783.89 20785.61
20783.91 20785.59
20783.91 20785.59
20784.13 20785.62
20782.37 20783.88
20782.37 20783.88
20782.37 20783.88
20782.37 20783.88
20782.63 20784.12
20782.90 20784.10
20782.90 20784.10
20781.64 20783.11
20781.63 20783.13
20781.63 20783.13
20781.89 20783.61
20781.89 20783.61
20781.90 20783.61
20782.88 20784.38
20782.88 20784.38
20782.88 20784.38
20782.63 20784.12
20782.13 20783.62
20782.13 20783.62
20782.87 20784.38
20782.65 20784.36
20782.65 20784.36
20783.12 20784.63
20783.12 20784.63
20782.91 20784.60
20783.62 20785.13
20783.62 20785.13
20783.91 20785.10
20785.65 20787.36
20785.65 20787.36
20785.93 20787.08
20785.93 20787.08
20786.21 20788.04
20784.41 20786.10
20784.41 20786.10
20783.87 20785.38
20783.87 20785.38
20783.90 20785.61
20783.90 20785.61
20782.62 20784.13
20783.38 20784.88
20783.38 20784.88
20782.90 20784.61
20782.90 20784.61
20785.90 20787.10
20785.89 20787.61
20785.89 20787.61
20785.16 20786.85
20785.40 20787.11
20785.40 20787.11
20787.90 20789.61
20787.62 20789.13
20787.62 20789.13
20787.63 20789.13
20787.63 20789.13
20788.38 20789.88
20788.63 20790.13
20788.63 20790.13
20788.14 20789.61
20788.90 20790.61
20788.90 20790.61
20789.88 20791.37
20789.88 20791.37
20790.15 20791.85
20793.16 20794.85
20793.16 20794.85
20792.89 20794.61
20793.40 20795.11
20793.40 20795.11
20793.63 20795.12
20793.63 20795.12
20795.67 20796.84
20794.62 20796.13
20794.62 20796.13
20795.64 20797.11
20796.91 20798.09
20796.91 20798.09
20796.66 20798.35
20798.90 20800.61
20798.90 20800.61
20799.40 20800.60
20799.40 20800.60
20801.63 20803.13
20803.13 20804.62
20803.13 20804.62
20803.14 20804.86
20805.13 20806.63
20805.13 20806.63
20803.89 20805.36
20805.40 20807.10
20805.40 20807.10
20807.64 20809.11
20806.38 20807.87
20806.38 20807.87
20806.63 20808.12
20807.12 20808.63
20807.12 20808.63
20807.91 20809.10
20807.91 20809.10
20808.88 20810.37
20807.90 20809.61
20807.90 20809.61
20807.63 20809.12
20809.38 20810.88
20809.38 20810.88
20810.88 20812.38
20812.66 20814.35
20812.66 20814.35
20813.63 20815.12
20812.38 20813.88
20812.38 20813.88
20813.14 20814.86
20813.12 20814.63
20813.12 20814.63
20812.88 20814.37
20812.88 20814.37
20814.38 20815.87
20815.41 20816.59
20815.41 20816.59
20815.14 20816.61
20815.39 20816.86
20815.39 20816.86
20815.64 20817.11
20815.65 20817.35
20815.65 20817.35
20816.63 20818.12
20817.12 20818.63
20817.12 20818.63
20817.37 20818.88
20818.16 20819.34
20818.16 20819.34
20817.89 20819.36
20817.89 20819.36
20818.81 20819.44
20817.38 20818.87
20817.38 20818.87
20817.14 20818.61
20815.17 20816.33
20815.17 20816.33
20816.91 20818.59
20817.63 20819.12
20817.63 20819.12
20817.91 20819.09
20816.41 20818.10
20816.41 20818.10
20816.15 20817.86
20815.88 20817.37
20815.88 20817.37
20816.37 20817.88
20814.90 20816.60
20814.90 20816.60
20814.90 20816.60
20815.16 20816.85
20815.65 20817.36
20815.65 20817.36
20815.64 20817.11
20815.17 20816.34
20815.17 20816.34
20815.38 20816.87
20815.38 20816.87
20814.38 20815.87
20814.38 20815.87
20813.65 20815.35
20813.65 20815.35
20813.38 20814.87
20814.14 20815.61
20814.14 20815.61
20813.43 20814.58
20814.66 20816.35
20814.66 20816.35
20811.12 20812.63
20812.64 20814.11
20812.64 20814.11
20810.98 20812.78
20810.38 20811.88
20810.38 20811.88
20810.40 20812.11
20810.14 20811.61
20810.14 20811.61
20807.16 20808.84
20807.16 20808.84
20806.87 20808.38
20807.40 20809.10
20806.13 20807.63
20806.13 20807.63
20808.16 20809.35
20809.41 20811.10
20809.41 20811.10
20809.66 20810.84
20807.90 20809.61
20807.90 20809.61
20808.88 20810.37
20808.88 20810.37
20808.88 20810.37
20809.39 20810.86
20809.39 20810.86
20810.16 20811.84
20808.90 20810.61
20808.90 20810.61
20807.16 20808.84
20807.64 20809.11
20807.64 20809.11
20809.13 20810.62
20807.89 20809.36
20807.89 20809.36
20808.62 20810.13
20808.91 20810.60
20808.91 20810.60
20809.13 20810.63
20810.39 20811.86
20810.39 20811.86
20812.16 20813.85
20812.40 20814.11
20812.40 20814.11
20811.64 20813.11
20811.64 20813.11
20812.13 20813.63
20812.13 20813.62
20812.13 20813.62
20811.89 20813.36
20811.89 20813.36
20812.62 20814.13
20812.66 20813.85
20812.66 20813.85
20811.41 20813.10
20811.39 20813.11
20811.39 20813.11
20811.39 20813.11
20811.39 20813.11
20810.90 20812.60
20810.16 20811.85
20810.16 20811.85
20809.89 20811.36
20811.16 20812.85
20811.16 20812.85
20811.15 20812.85
20809.89 20811.36
20809.89 20811.36
20809.96 20811.79
20809.65 20811.36
20809.65 20811.36
20809.88 20811.37
20809.88 20811.37
20811.15 20812.86
20809.41 20811.10
20809.41 20811.10
20809.65 20811.36
20809.65 20811.36
20809.88 20811.37
20809.88 20811.37
20810.16 20811.84
20810.90 20812.61
20810.41 20812.10
20810.41 20812.10
20810.15 20811.86
20810.15 20811.86
20811.91 20813.60
20812.16 20813.84
20812.16 20813.84
20813.13 20814.62
20813.16 20814.85
20813.16 20814.85
20812.63 20814.13
20812.63 20814.13
20812.91 20814.60
20810.13 20811.63
20810.13 20811.63
20810.41 20812.09
20811.14 20812.61
20811.14 20812.61
20810.48 20812.28
20810.48 20812.28
20812.62 20814.13
20813.13 20814.62
20813.13 20814.62
20812.66 20814.35
20812.66 20814.35
20812.40 20814.10
20812.40 20814.10
20813.37 20814.88
20813.37 20814.88
20815.14 20816.61
20815.38 20816.88
20815.38 20816.88
20815.40 20817.10
20815.16 20816.85
20815.16 20816.85
20815.39 20817.11
20816.16 20817.84
20816.16 20817.84
