20790.40 20792.11
20790.40 20792.11
20790.40 20792.11
20790.39 20792.11
20792.48 20794.28
20792.48 20794.28
20793.16 20794.84
20793.16 20794.84
20793.15 20794.86
20793.15 20794.86
20793.53 20795.47
20794.64 20796.36
20794.64 20796.36
20794.40 20796.10
20795.72 20797.53
20795.72 20797.53
20794.23 20796.03
20794.23 20796.03
20793.66 20795.35
20793.23 20795.03
20793.23 20795.03
20794.88 20796.37
20795.65 20797.36
20795.65 20797.36
20795.63 20797.12
20795.63 20797.12
20796.66 20798.35
20797.03 20798.97
20797.03 20798.97
20797.38 20798.88
20797.38 20798.88
20797.47 20799.28
20797.47 20799.28
20796.91 20798.59
20797.72 20799.53
20797.72 20799.53
20798.89 20800.61
20797.37 20798.88
20797.37 20798.88
20799.41 20801.10
20799.41 20801.10
20799.14 20800.61
20799.16 20800.85
20799.16 20800.85
20799.15 20800.86
20799.15 20800.86
20799.17 20800.33
20799.17 20800.33
20799.22 20801.03
20798.97 20800.78
20798.97 20800.78
20799.23 20801.03
20799.23 20801.03
20800.41 20802.10
20800.41 20802.10
20800.41 20802.10
20800.63 20802.12
20800.63 20802.12
20801.14 20802.61
20802.06 20802.69
20802.06 20802.69
20800.97 20802.78
20800.97 20802.78
20800.22 20802.03
20800.22 20802.03
20801.03 20802.97
20800.63 20802.12
20800.63 20802.12
20799.40 20801.10
20799.66 20801.35
20799.66 20801.35
20798.66 20800.34
20789.46 20791.29
20789.46 20791.29
20787.90 20789.61
20787.90 20789.61
20787.89 20789.61
20789.39 20790.86
20789.39 20790.86
20789.48 20791.28
20788.91 20790.60
20788.91 20790.60
20788.73 20790.53
20788.73 20790.53
20788.64 20790.36
20788.64 20790.36
20788.64 20790.36
20787.73 20789.53
20787.73 20789.53
20787.22 20789.03
20782.46 20784.29
20782.46 20784.29
20781.14 20782.86
20781.96 20783.79
20781.96 20783.79
20781.97 20783.78
20781.97 20783.78
20782.23 20784.03
20782.23 20784.03
20782.96 20784.79
20782.96 20784.79
20783.21 20785.04
20783.16 20784.85
20783.16 20784.85
20783.16 20784.85
20783.66 20785.35
20781.72 20783.53
20781.72 20783.53
20781.72 20783.53
20782.16 20783.84
20781.97 20783.78
20781.97 20783.78
20782.23 20784.03
20782.15 20783.86
20782.15 20783.86
20783.22 20785.03
20783.22 20785.03
20783.47 20785.28
20783.16 20784.85
20783.16 20784.85
20783.14 20784.86
20783.15 20784.85
20783.15 20784.85
20782.23 20784.03
20782.23 20784.03
20780.97 20782.78
20780.98 20782.78
20780.98 20782.78
20779.39 20780.86
20779.39 20780.86
20778.03 20779.97
20778.03 20779.97
20777.91 20779.59
20778.41 20780.10
20778.41 20780.10
20777.96 20779.79
20776.72 20778.53
20776.72 20778.53
20776.64 20778.36
20776.81 20777.45
20776.81 20777.45
20778.03 20779.98
20778.03 20779.98
20778.16 20779.85
20778.16 20779.85
20779.16 20780.85
20780.22 20782.03
20780.22 20782.03
20783.89 20785.61
20783.88 20785.38
20783.88 20785.38
20782.22 20784.03
20782.22 20784.03
20781.46 20783.29
20781.41 20783.09
20781.41 20783.09
20781.78 20783.72
20781.78 20783.72
20782.15 20783.85
20781.40 20783.10
20781.40 20783.10
20781.41 20783.10
20781.41 20783.10
20780.41 20782.10
20780.41 20782.10
20780.88 20782.38
20779.23 20781.03
20779.23 20781.03
20779.72 20781.53
20779.72 20781.53
20779.72 20781.53
20780.38 20781.88
20780.38 20781.88
20780.64 20782.11
20780.64 20782.11
20777.71 20779.54
20777.78 20779.72
20777.78 20779.72
20778.81 20779.44
20778.81 20779.44
20778.47 20780.28
20778.47 20780.28
20778.47 20780.28
20781.63 20783.12
20781.63 20783.12
20782.66 20784.35
20782.23 20784.03
20782.23 20784.03
20782.33 20784.42
20782.33 20784.42
20783.14 20784.86
20783.14 20784.86
20782.66 20784.35
20781.71 20783.54
20781.71 20783.54
20781.89 20783.36
20782.65 20784.35
20782.65 20784.35
20783.22 20785.03
20783.22 20785.03
20783.15 20784.85
20783.38 20784.87
20783.38 20784.87
20783.47 20785.28
20783.47 20785.28
20783.28 20785.22
20782.48 20784.28
20782.48 20784.28
20781.47 20783.28
20781.47 20783.28
20781.71 20783.54
20783.38 20784.88
20783.38 20784.88
20783.39 20785.11
20783.64 20785.36
20783.64 20785.36
20784.17 20785.34
20783.90 20785.60
20783.90 20785.60
20783.98 20785.78
20784.73 20786.53
20784.73 20786.53
20785.28 20787.23
20785.28 20787.23
20785.16 20786.85
20783.90 20785.60
20783.90 20785.60
20783.90 20785.60
20783.90 20785.60
20783.21 20785.04
20783.21 20785.04
20783.03 20784.98
20783.53 20785.47
20783.53 20785.47
20782.66 20784.35
20782.66 20784.35
20782.66 20784.35
20782.97 20784.78
20782.78 20784.72
20782.78 20784.72
20782.39 20784.11
20781.64 20783.11
20781.64 20783.11
20781.66 20783.35
20781.66 20783.35
20782.03 20783.98
20782.03 20783.98
20780.03 20781.97
20779.78 20781.72
20779.78 20781.72
20779.66 20781.35
20777.16 20778.85
20777.16 20778.85
20778.16 20779.84
20778.48 20780.28
20778.48 20780.28
20780.46 20782.29
20780.46 20782.29
20780.39 20782.11
20781.46 20783.29
20781.47 20783.28
20781.47 20783.28
20780.53 20782.48
20780.53 20782.48
20782.41 20784.09
20782.48 20784.28
20782.48 20784.28
20782.64 20784.36
20782.89 20784.61
20782.89 20784.61
20782.66 20784.35
20781.40 20783.10
20781.40 20783.10
20782.37 20783.88
20782.37 20783.88
20781.53 20783.47
20781.56 20782.19
20781.56 20782.19
20781.73 20783.53
20781.73 20783.53
20781.53 20783.48
20780.98 20782.78
20780.98 20782.78
20781.16 20782.84
20780.66 20782.34
20780.66 20782.34
20780.28 20782.23
20779.71 20781.54
20779.71 20781.54
20779.71 20781.54
20780.21 20782.04
20779.46 20781.29
20778.13 20779.62
20778.13 20779.62
20778.13 20779.62
20778.37 20779.88
20779.66 20781.35
20779.66 20781.35
20778.47 20780.28
20778.47 20780.28
20778.28 20780.22
20778.28 20780.22
20779.47 20781.28
20779.47 20781.28
20779.64 20781.36
20779.16 20780.85
20779.16 20780.85
20778.78 20780.72
20779.87 20781.38
20779.87 20781.38
20779.88 20781.38
20779.88 20781.38
20779.41 20781.10
20781.03 20782.97
20781.03 20782.97
20782.97 20784.78
20782.72 20784.53
20782.72 20784.53
20782.48 20784.28
20782.48 20784.28
20783.03 20784.97
20783.03 20784.97
20782.66 20784.35
20781.46 20783.29
20781.46 20783.29
20780.28 20782.22
20780.28 20782.22
20780.03 20781.97
20780.78 20782.72
20780.78 20782.72
20780.78 20782.72
20780.78 20782.73
20781.89 20783.61
20781.89 20783.61
20781.66 20783.35
20781.66 20783.35
20780.53 20782.48
20780.96 20782.79
20780.96 20782.79
20781.90 20783.61
20781.90 20783.61
20781.91 20783.60
20781.91 20783.60
20781.72 20783.53
20776.73 20778.53
20776.73 20778.53
20775.53 20777.47
20775.48 20777.28
20775.48 20777.28
20775.21 20777.04
20772.89 20774.61
20772.89 20774.61
20771.73 20773.53
20771.73 20773.53
20772.39 20773.86
20773.78 20775.73
20773.78 20775.73
20773.90 20775.60
20773.90 20775.60
20773.46 20775.29
20771.72 20773.53
20771.72 20773.53
20771.40 20773.10
20771.03 20772.98
20771.03 20772.98
20771.16 20772.85
20771.16 20772.85
20772.28 20774.22
20772.66 20774.35
20772.66 20774.35
20773.73 20775.53
20771.97 20773.78
20771.97 20773.78
20771.53 20773.48
20771.96 20773.79
20771.96 20773.79
20772.03 20773.97
20772.03 20773.97
20773.22 20775.03
20773.64 20775.11
20773.64 20775.11
20775.68 20776.83
20775.68 20776.83
20775.88 20777.37
20778.14 20779.86
20778.14 20779.86
20779.73 20781.53
20779.98 20781.78
20779.98 20781.78
20780.22 20782.03
20780.78 20782.72
20780.78 20782.72
20781.22 20783.03
20782.47 20784.28
20782.47 20784.28
20782.48 20784.28
20782.48 20784.28
20784.16 20785.84
20783.66 20785.35
20784.15 20785.85
20784.15 20785.85
20781.48 20783.28
20781.48 20783.28
20780.65 20782.35
20780.14 20781.61
20780.14 20781.61
20781.46 20783.29
20781.53 20783.47
20781.53 20783.47
20779.72 20781.53
20781.42 20782.58
20781.42 20782.58
20781.42 20782.58
20780.78 20782.73
20782.98 20784.78
20782.98 20784.78
20782.28 20784.22
20782.28 20784.22
20782.47 20784.28
20782.15 20783.85
20782.15 20783.85
20781.96 20783.79
20781.96 20783.79
20782.47 20784.28
20782.13 20783.63
20782.13 20783.63
20781.72 20783.53
20781.72 20783.53
20781.48 20783.28
20781.48 20783.28
20781.48 20783.28
20777.97 20779.78
20777.97 20779.78
20778.03 20779.98
20778.73 20780.53
20778.73 20780.53
20778.73 20780.53
20779.28 20781.22
20779.65 20781.35
20779.65 20781.35
20783.90 20785.61
20782.66 20784.35
20782.66 20784.35
20782.47 20784.28
20782.47 20784.28
20782.53 20784.48
20782.53 20784.48
20782.89 20784.61
20783.39 20784.86
20783.39 20784.86
20781.78 20783.72
20781.78 20783.72
20781.64 20783.11
20781.38 20782.88
20781.38 20782.88
20780.90 20782.60
20780.90 20782.60
20780.40 20782.11
20780.53 20782.47
20780.53 20782.47
20781.89 20783.36
20781.89 20783.36
20782.16 20783.84
20782.16 20783.84
20784.14 20785.61
20781.91 20783.60
20781.91 20783.60
20782.21 20784.04
20782.21 20784.04
20782.16 20783.85
20782.16 20783.85
20782.16 20783.85
20782.14 20783.86
20782.14 20783.86
20782.14 20783.86
20782.14 20783.86
20781.91 20783.60
20781.91 20783.60
20782.91 20784.60
20784.16 20785.85
20784.16 20785.85
20784.97 20786.78
20784.97 20786.78
20784.22 20786.03
20784.22 20786.03
20784.64 20786.11
20785.41 20787.09
20785.41 20787.09
20785.71 20787.54
20786.91 20788.60
20786.91 20788.60
20788.28 20790.23
20788.91 20790.59
20788.91 20790.59
20788.14 20789.61
20790.16 20791.85
20790.16 20791.85
20790.14 20791.61
20790.14 20791.61
20789.81 20790.44
20788.41 20790.09
20788.41 20790.09
20788.72 20790.53
20788.98 20790.78
20788.98 20790.78
20789.03 20790.97
20789.03 20790.97
20789.46 20791.29
20789.46 20791.29
20789.38 20790.88
20789.39 20790.86
20789.39 20790.86
20789.90 20791.61
20789.90 20791.61
20790.15 20791.35
20790.13 20791.62
20790.13 20791.62
20790.16 20791.84
20790.16 20791.84
20789.16 20790.84
20789.16 20790.84
20789.13 20790.63
20788.89 20790.61
20788.89 20790.61
20788.65 20790.35
20788.65 20790.35
20788.47 20790.28
20788.47 20790.28
20788.47 20790.28
20788.66 20790.34
20788.66 20790.34
20789.39 20790.86
20789.39 20790.86
20789.68 20790.83
20788.91 20790.09
20788.91 20790.09
20789.96 20791.79
20789.96 20791.79
20790.39 20792.11
20789.64 20791.11
20789.64 20791.11
20788.65 20790.36
20786.91 20788.59
20786.91 20788.59
20789.28 20791.22
20789.71 20791.54
20789.71 20791.54
20789.46 20791.29
20789.41 20791.09
20789.41 20791.09
20790.16 20791.34
20791.47 20793.28
20791.47 20793.28
20789.66 20791.35
20789.66 20791.35
20793.40 20795.10
20793.91 20795.60
20793.91 20795.60
20794.73 20796.53
20794.73 20796.53
20794.23 20796.03
20792.65 20794.35
20792.65 20794.35
20792.15 20793.86
20792.15 20793.86
20793.46 20795.29
20794.87 20796.38
20794.87 20796.38
20796.55 20797.20
20791.39 20793.11
20791.39 20793.11
20791.22 20793.03
20791.22 20793.03
20791.88 20793.38
20791.89 20793.36
20791.89 20793.36
20792.40 20794.10
20792.63 20794.12
20792.63 20794.12
20792.71 20794.54
20792.71 20794.54
20792.91 20794.60
20792.91 20794.60
20792.91 20794.60
20792.14 20793.61
20792.53 20794.47
20792.53 20794.47
20792.89 20794.61
20795.16 20796.85
20795.16 20796.85
20794.89 20796.36
20796.41 20798.10
20796.41 20798.10
20795.14 20796.61
20795.14 20796.61
20793.41 20795.10
20793.41 20795.10
20793.14 20794.86
20793.14 20794.86
20791.89 20793.61
20791.89 20793.61
20791.98 20793.78
20791.98 20793.78
20791.88 20793.38
20791.78 20793.73
20791.78 20793.73
20790.72 20792.53
20790.72 20792.53
20789.80 20790.45
20788.23 20790.03
20788.23 20790.03
20787.72 20789.53
20787.72 20789.53
20786.13 20787.62
20790.73 20792.53
20790.73 20792.53
20791.63 20793.12
20791.63 20793.12
20791.78 20793.72
20793.15 20794.85
20793.15 20794.85
20792.66 20794.35
20792.47 20794.28
20792.47 20794.28
