20756.14 20757.86
20756.14 20757.86
20757.15 20758.85
20757.15 20758.85
20757.39 20758.86
20757.64 20759.11
20757.64 20759.11
20759.66 20760.84
20759.64 20761.11
20759.64 20761.11
20759.64 20761.11
20759.72 20761.53
20759.72 20761.53
20760.14 20761.61
20760.14 20761.61
20761.71 20763.54
20761.71 20763.54
20760.66 20762.35
20760.66 20762.35
20759.66 20761.35
20760.63 20762.12
20760.63 20762.12
20762.40 20764.10
20762.40 20764.10
20762.14 20763.86
20762.14 20763.86
20762.14 20763.86
20762.89 20764.36
20762.15 20763.85
20762.15 20763.85
20761.63 20763.13
20761.63 20763.13
20760.41 20762.10
20760.16 20761.84
20760.16 20761.84
20760.16 20761.84
20760.13 20761.62
20760.16 20761.84
20760.16 20761.84
20759.41 20761.10
20759.64 20761.11
20759.64 20761.11
20759.39 20761.11
20759.39 20761.11
20758.66 20760.35
20759.98 20761.78
20759.98 20761.78
20759.89 20761.36
20759.89 20761.36
20759.90 20761.60
20759.90 20761.60
20759.96 20761.79
20758.16 20759.85
20758.16 20759.85
20757.97 20759.78
20757.97 20759.78
20757.72 20759.53
20757.41 20758.59
20757.41 20758.59
20757.41 20758.59
20757.12 20758.63
20757.90 20759.60
20757.90 20759.60
20757.91 20759.60
20757.89 20759.36
20757.89 20759.36
20758.89 20760.36
20758.89 20760.36
20758.16 20759.84
20758.16 20759.84
20757.41 20759.10
20757.41 20759.10
20757.65 20759.36
20757.65 20759.36
20757.14 20758.86
20757.14 20758.86
20756.97 20758.78
20756.97 20758.78
20756.88 20758.38
20756.88 20758.38
20756.23 20758.03
20756.23 20758.03
20756.15 20757.85
20756.15 20757.85
20756.13 20757.63
20756.13 20757.63
20756.15 20757.86
20756.15 20757.86
20756.40 20758.10
20756.40 20758.10
20754.89 20756.36
20754.89 20756.36
20754.66 20755.84
20754.66 20755.84
20754.38 20755.88
20754.38 20755.88
20754.63 20756.13
20754.63 20756.13
20754.16 20755.84
20754.14 20755.61
20754.14 20755.61
20753.89 20755.36
20753.89 20755.36
20754.89 20756.36
20756.91 20758.59
20756.91 20758.59
20756.14 20757.61
20756.14 20757.61
20755.66 20757.35
20756.15 20757.85
20756.15 20757.85
20755.66 20757.34
20755.66 20757.34
20755.13 20756.62
20755.13 20756.62
20754.66 20756.34
20753.65 20755.35
20753.65 20755.35
20753.65 20755.35
20754.14 20755.86
20754.14 20755.86
20754.14 20755.86
20753.64 20755.36
20752.63 20754.12
20752.63 20754.12
20752.38 20753.88
20752.38 20753.88
20752.14 20753.61
20752.14 20753.61
20751.13 20752.63
20750.91 20752.59
20750.91 20752.59
20751.23 20753.03
20752.38 20753.88
20753.39 20755.11
20753.39 20755.11
20755.64 20757.11
20755.64 20757.11
20754.15 20755.85
20754.15 20755.85
20754.14 20755.86
20754.14 20755.86
20752.28 20754.22
20752.28 20754.22
20752.40 20754.10
20752.40 20754.10
20752.97 20754.78
20752.97 20754.78
20752.14 20753.61
20752.96 20754.79
20752.96 20754.79
20752.96 20754.79
20754.16 20755.85
20754.16 20755.85
20754.91 20756.59
20754.91 20756.59
20754.38 20755.88
20754.38 20755.88
20754.71 20756.54
20754.91 20756.59
20754.91 20756.59
20754.91 20756.59
20754.88 20756.38
20754.88 20756.38
20754.66 20756.34
20754.41 20756.09
20754.41 20756.09
20754.41 20756.09
20754.89 20756.36
20754.64 20756.11
20754.64 20756.11
20754.13 20755.62
20754.13 20755.62
20754.41 20756.10
20754.41 20756.10
20756.16 20757.35
20756.37 20757.88
20756.37 20757.88
20753.13 20754.63
20753.13 20754.63
20752.91 20754.60
20754.41 20756.09
20754.66 20756.34
20754.66 20756.34
20754.16 20755.85
20753.90 20755.60
20753.90 20755.60
20753.63 20755.12
20753.63 20755.12
20753.63 20755.12
20753.63 20755.12
20754.17 20755.34
20754.97 20756.78
20754.97 20756.78
20756.15 20757.85
20756.65 20758.36
20756.65 20758.36
20758.41 20759.59
20760.14 20761.61
20760.14 20761.61
20758.48 20760.28
20758.48 20760.28
20758.14 20759.61
20758.14 20759.61
20758.64 20760.36
20758.22 20760.03
20758.22 20760.03
20759.16 20760.84
20759.16 20760.84
20759.16 20760.84
20760.41 20762.09
20760.41 20762.09
20760.89 20762.36
20760.89 20762.36
20760.56 20761.19
20758.87 20760.38
20758.87 20760.38
20759.13 20760.63
20759.13 20760.63
20759.16 20760.84
20758.88 20760.38
20758.88 20760.38
20758.40 20760.10
20758.40 20760.10
20759.16 20760.34
20759.64 20761.11
20759.64 20761.11
20759.39 20761.11
20759.39 20761.11
20759.15 20760.86
20759.15 20760.86
20759.63 20761.13
20759.39 20760.86
20759.39 20760.86
20760.12 20761.63
20760.12 20761.63
20758.38 20759.88
20757.91 20759.59
20757.91 20759.59
20756.89 20758.61
20757.64 20759.11
20757.64 20759.11
20758.38 20759.87
20758.38 20759.87
20757.71 20759.54
20758.14 20759.61
20758.14 20759.61
20758.13 20759.63
20758.13 20759.63
20757.91 20759.60
20757.41 20759.09
20757.41 20759.09
20757.41 20759.09
20757.91 20759.10
20757.14 20758.86
20757.14 20758.86
20756.91 20758.60
20756.91 20758.60
20754.89 20756.36
20755.14 20756.61
20755.14 20756.61
20755.66 20757.35
20755.16 20756.84
20755.16 20756.84
20755.39 20757.11
20755.39 20757.11
20756.41 20757.59
20756.41 20757.59
20755.63 20757.13
20755.63 20757.13
20755.91 20757.10
20755.65 20757.35
20755.65 20757.35
20755.89 20757.36
20755.89 20757.36
20754.89 20756.61
20754.89 20756.61
20754.88 20756.38
20754.88 20756.38
20754.88 20756.38
20754.88 20756.38
20755.12 20756.63
20755.12 20756.63
20755.15 20756.86
20755.41 20757.09
20755.41 20757.09
20755.41 20757.10
20755.41 20757.10
20755.63 20757.12
20755.63 20757.12
20758.89 20760.36
20758.48 20760.28
20758.48 20760.28
20758.66 20759.84
20756.90 20758.60
20756.90 20758.60
20756.89 20758.61
20756.89 20758.61
20756.88 20758.38
20756.88 20758.38
20756.88 20758.38
20756.89 20758.36
20756.89 20758.36
20757.91 20759.09
20758.37 20759.88
20758.37 20759.88
20759.15 20760.86
20759.16 20760.84
20759.16 20760.84
20758.66 20760.35
20758.14 20759.86
20758.14 20759.86
20758.14 20759.61
20758.14 20759.61
20758.89 20760.61
20758.89 20760.61
20759.14 20760.86
20759.40 20761.11
20759.40 20761.11
20759.40 20761.11
20759.40 20761.11
20759.38 20760.87
20759.66 20761.34
20759.66 20761.34
20759.66 20761.34
20759.89 20761.36
20759.88 20761.38
20759.88 20761.38
20759.63 20761.13
20759.63 20761.13
20760.16 20761.84
20757.91 20759.59
20757.91 20759.59
20757.66 20759.34
20757.66 20759.34
20757.89 20759.36
20758.39 20759.86
20758.39 20759.86
20758.89 20760.61
20758.89 20760.61
20757.91 20759.60
20757.91 20759.60
20757.41 20758.59
20757.41 20758.59
20757.65 20759.35
20757.65 20759.35
20758.47 20760.28
20758.65 20760.35
20758.65 20760.35
20758.65 20760.35
20757.89 20759.36
20757.89 20759.36
20758.91 20760.60
20758.91 20760.60
20756.14 20757.61
20757.38 20758.87
20757.38 20758.87
20757.16 20758.84
20756.14 20757.86
20756.14 20757.86
20755.38 20756.87
20754.89 20756.36
20754.89 20756.36
20756.16 20757.84
20756.16 20757.84
20755.16 20756.85
20755.16 20756.85
20755.41 20757.10
20755.41 20757.10
20755.13 20756.63
20755.13 20756.63
20755.64 20757.36
20755.64 20757.36
20755.65 20757.36
20755.64 20757.36
20755.91 20757.60
20755.91 20757.60
20755.62 20757.13
20755.62 20757.13
20755.62 20757.13
20756.03 20757.97
20757.46 20759.29
20757.46 20759.29
20757.65 20759.36
20757.65 20759.36
20757.65 20759.35
20757.65 20759.35
20758.56 20759.19
20758.56 20759.19
20758.56 20759.19
20758.12 20759.63
20757.92 20759.08
20757.92 20759.08
20757.89 20759.36
20758.14 20759.86
20758.14 20759.86
20757.89 20759.61
20757.89 20759.61
20757.89 20759.61
20757.91 20759.60
20757.91 20759.60
20758.41 20760.09
20758.41 20760.09
20758.39 20759.86
20758.14 20759.61
20758.14 20759.61
20757.89 20759.61
20757.89 20759.61
20757.90 20759.60
20757.90 20759.60
20758.38 20759.88
20758.38 20759.88
20759.14 20760.61
20759.14 20760.61
20758.65 20760.35
20758.65 20760.35
20759.23 20761.03
20758.91 20760.60
20758.91 20760.60
20758.47 20760.28
20758.55 20759.20
20758.55 20759.20
20758.64 20760.36
20758.64 20760.36
20758.63 20760.13
20760.17 20761.33
20760.17 20761.33
20759.66 20761.34
20759.66 20761.34
20760.15 20761.85
20760.14 20761.61
20760.14 20761.61
20760.14 20761.61
20759.65 20761.35
20760.89 20762.61
20760.89 20762.61
20760.91 20762.60
20760.91 20762.60
20760.47 20762.28
20762.63 20764.12
20762.63 20764.12
20761.89 20763.61
20761.13 20762.63
20761.13 20762.63
20761.14 20762.61
20761.14 20762.61
20760.64 20762.36
20760.64 20762.36
20761.39 20762.86
20761.39 20762.86
20761.41 20763.10
20761.63 20763.13
20761.63 20763.13
20761.14 20762.86
20761.14 20762.86
20761.14 20762.61
20761.12 20762.63
20761.12 20762.63
20758.90 20760.61
20758.38 20759.87
20758.38 20759.87
20758.38 20759.87
20759.65 20761.35
20759.65 20761.35
20759.64 20761.36
20759.64 20761.36
20759.38 20760.88
20759.66 20761.34
20759.66 20761.34
20759.66 20761.35
20759.66 20761.35
20760.23 20762.03
20759.96 20761.79
20759.96 20761.79
20760.14 20761.86
20760.14 20761.86
20759.64 20761.11
20759.66 20760.84
20759.66 20760.84
20755.91 20757.60
20755.91 20757.60
20755.16 20756.84
20755.16 20756.84
20754.65 20756.35
20754.65 20756.35
20754.15 20755.85
20754.41 20755.59
20754.41 20755.59
20755.15 20756.85
20755.15 20756.85
20755.92 20757.08
20755.92 20757.08
20755.92 20757.08
20755.38 20756.88
20754.88 20756.38
20754.88 20756.38
20754.62 20756.13
20754.63 20756.12
20754.63 20756.12
20754.89 20756.61
20755.15 20756.86
20755.15 20756.86
20755.15 20756.85
20751.14 20752.61
20751.14 20752.61
20751.46 20753.29
20753.12 20754.63
20753.12 20754.63
20753.14 20754.61
20753.14 20754.61
20752.39 20754.11
20753.37 20754.88
20753.37 20754.88
20752.90 20754.60
20752.90 20754.60
20752.89 20754.36
20752.41 20754.10
20751.90 20753.60
20751.90 20753.60
20751.90 20753.60
20749.65 20751.35
20749.65 20751.36
20749.65 20751.36
20750.14 20751.86
20750.14 20751.86
20749.66 20751.34
20749.66 20751.34
20748.90 20750.60
20747.66 20749.35
20747.66 20749.35
20747.65 20749.35
20747.65 20749.35
20748.64 20750.11
20748.64 20750.11
20747.91 20749.59
20747.16 20748.34
20747.16 20748.34
20747.62 20749.13
20747.14 20748.61
20747.14 20748.61
20750.65 20752.36
20751.39 20753.11
20751.39 20753.11
20750.38 20751.88
20750.38 20751.88
20749.87 20751.38
20749.87 20751.38
20749.91 20751.09
20749.91 20751.09
20749.73 20751.53
20750.41 20752.09
20750.41 20752.09
20750.66 20752.35
20751.41 20753.09
20751.41 20753.09
20751.90 20753.60
20751.90 20753.60
20752.16 20753.85
20752.16 20753.85
20752.39 20753.86
20752.14 20753.86
20752.14 20753.86
20753.41 20755.09
20752.72 20754.53
20752.72 20754.53
20752.72 20754.53
20752.72 20754.53
20752.65 20754.35
20752.65 20754.35
20752.89 20754.61
20752.89 20754.61
20752.91 20754.60
20752.96 20754.79
20752.96 20754.79
20752.38 20753.88
20752.38 20753.88
20752.41 20754.10
20752.41 20754.10
20752.38 20753.88
20752.38 20753.88
20752.91 20754.59
20752.91 20754.59
20753.40 20755.10
20753.40 20755.10
20753.41 20755.09
20753.39 20755.11
20753.39 20755.11
20753.39 20755.11
20752.66 20754.35
20752.66 20754.35
20752.64 20754.36
20752.40 20754.11
20752.40 20754.11
20751.13 20752.63
20751.13 20752.63
20749.91 20751.60
20748.97 20750.78
20748.97 20750.78
20748.66 20750.34
20748.98 20750.78
20748.98 20750.78
20749.13 20750.63
20749.13 20750.63
20750.21 20752.04
20750.21 20752.04
20750.21 20752.04
20751.71 20753.54
20752.98 20754.78
20752.98 20754.78
20752.13 20753.62
20751.91 20753.60
20751.91 20753.60
20753.39 20754.86
20753.39 20754.86
20753.16 20754.84
20753.22 20755.03
20753.22 20755.03
20753.22 20755.03
20753.22 20755.03
20754.37 20755.88
20754.37 20755.88
20753.40 20755.10
