20870.65 20871.85
20870.65 20871.85
20871.16 20872.35
20871.16 20872.35
20870.63 20872.12
20870.63 20872.12
20870.63 20872.12
20870.63 20872.13
20871.16 20872.34
20871.16 20872.34
20871.66 20872.84
20871.42 20872.58
20871.42 20872.58
20871.13 20872.62
20871.13 20872.62
20869.42 20870.58
20871.13 20872.62
20871.13 20872.62
20870.37 20871.88
20871.89 20873.36
20871.89 20873.36
20872.42 20873.58
20873.14 20874.61
20873.14 20874.61
20872.91 20874.09
20872.91 20874.09
20873.14 20874.61
20873.38 20874.88
20873.38 20874.88
20872.62 20874.13
20873.67 20874.83
20873.67 20874.83
20874.17 20875.33
20874.63 20876.12
20874.63 20876.12
20873.64 20875.11
20875.43 20876.58
20875.43 20876.58
20874.67 20875.83
20873.63 20875.12
20873.63 20875.12
20873.66 20874.85
20869.88 20871.37
20869.88 20871.37
20871.92 20873.08
20871.92 20873.08
20871.67 20872.83
20873.67 20874.83
20873.67 20874.83
20875.63 20877.12
20877.66 20878.84
20877.66 20878.84
20879.40 20880.60
20879.65 20880.85
20879.65 20880.85
20879.89 20881.36
20879.90 20881.10
20879.90 20881.10
20880.88 20882.37
20880.63 20882.12
20880.63 20882.12
20880.67 20881.83
20880.88 20882.37
20880.88 20882.37
20881.17 20882.33
20881.62 20883.13
20881.62 20883.13
20882.39 20883.86
20883.66 20884.85
20883.66 20884.85
20884.88 20886.37
20884.88 20886.38
20884.88 20886.38
20884.91 20886.09
20884.91 20886.09
20886.56 20887.19
20884.63 20886.12
20884.63 20886.12
20886.67 20887.83
20888.42 20889.58
20888.42 20889.58
20886.63 20888.12
20885.40 20886.60
20885.40 20886.60
20884.17 20885.33
20886.17 20887.33
20886.17 20887.33
20885.13 20886.62
20884.87 20886.38
20884.87 20886.38
20885.13 20886.62
20885.38 20886.87
20885.38 20886.87
20885.42 20886.58
20885.42 20886.58
20886.67 20887.83
20886.42 20887.58
20886.42 20887.58
20886.14 20887.61
20885.13 20886.62
20885.13 20886.62
20883.92 20885.08
20886.64 20888.11
20886.64 20888.11
20888.88 20890.37
20891.88 20893.37
20891.88 20893.37
20890.89 20892.36
20891.15 20892.35
20891.15 20892.35
20891.13 20892.62
20890.91 20892.10
20890.91 20892.10
20888.93 20890.08
20888.93 20890.08
20888.90 20890.10
20889.63 20891.12
20889.63 20891.12
20890.39 20891.86
20891.16 20892.35
20891.16 20892.35
20890.16 20891.34
20889.37 20890.88
20889.37 20890.88
20888.67 20889.83
20888.67 20889.83
20889.06 20889.69
20890.13 20891.62
20890.13 20891.62
20890.13 20891.63
20890.66 20891.85
20890.66 20891.85
20892.40 20893.60
20891.38 20892.87
20891.38 20892.87
20890.41 20891.59
20889.39 20890.86
20889.39 20890.86
20890.67 20891.84
20891.38 20892.87
20891.38 20892.87
20892.13 20893.62
20892.13 20893.62
20892.13 20893.62
20892.88 20894.37
20893.66 20894.84
20893.66 20894.84
20893.42 20894.58
20893.42 20894.58
20892.15 20893.35
20890.91 20892.09
20890.91 20892.09
20890.67 20891.83
20890.68 20891.83
20890.68 20891.83
20889.38 20890.87
20888.87 20890.38
20888.87 20890.38
20891.67 20892.83
20886.13 20887.62
20886.13 20887.62
20888.67 20889.83
20889.42 20890.58
20889.42 20890.58
20889.17 20890.33
20889.42 20890.58
20889.42 20890.58
20889.16 20890.34
20889.56 20890.19
20889.56 20890.19
20889.91 20891.09
20889.91 20891.09
20889.63 20891.12
20890.17 20891.33
20890.17 20891.33
20889.42 20890.58
20888.88 20890.38
20888.88 20890.38
20890.13 20891.62
20890.91 20892.09
20890.91 20892.09
20891.81 20892.44
20891.81 20892.44
20889.39 20890.86
20888.88 20890.37
20888.88 20890.37
20890.64 20892.11
20890.67 20891.83
20890.67 20891.83
20890.63 20892.12
20891.14 20892.61
20891.14 20892.61
20890.67 20891.84
20888.16 20889.34
20888.16 20889.34
20888.42 20889.58
20889.92 20891.08
20889.92 20891.08
20889.67 20890.83
20889.67 20890.83
20889.64 20891.11
20888.13 20889.63
20888.13 20889.63
20888.88 20890.37
20888.17 20889.33
20888.17 20889.33
20886.12 20887.63
20887.64 20889.11
20887.64 20889.11
20886.87 20888.38
20885.88 20887.37
20885.88 20887.37
20885.67 20886.83
20885.39 20886.86
20885.39 20886.86
20883.92 20885.08
20883.92 20885.08
20883.64 20885.11
20883.93 20885.08
20883.93 20885.08
20882.88 20884.38
20882.37 20883.88
20882.37 20883.88
20883.14 20884.61
20886.13 20887.62
20886.13 20887.62
20886.90 20888.10
20885.92 20887.08
20885.92 20887.08
20886.16 20887.34
20885.63 20887.13
20885.63 20887.13
20884.41 20885.59
20883.15 20884.35
20883.15 20884.35
20881.17 20882.33
20881.17 20882.33
20881.16 20882.34
20882.91 20884.10
20882.91 20884.10
20881.13 20882.62
20880.92 20882.08
20880.92 20882.08
20882.43 20883.58
20881.90 20883.10
20881.90 20883.10
20881.88 20883.37
20881.41 20882.59
20881.41 20882.59
20882.39 20883.86
20882.38 20883.87
20882.38 20883.87
20881.87 20883.38
20880.67 20881.83
20880.67 20881.83
20881.12 20882.63
20883.17 20884.33
20883.17 20884.33
20885.89 20887.36
20885.89 20887.36
20886.41 20887.59
20887.91 20889.10
20887.91 20889.10
20886.14 20887.61
20885.92 20887.08
20885.92 20887.08
20886.13 20887.62
20886.13 20887.62
20886.40 20887.60
20887.17 20888.33
20887.17 20888.33
20887.92 20889.08
20887.42 20888.58
20887.42 20888.58
20888.81 20889.44
20888.17 20889.34
20888.17 20889.34
20886.67 20887.83
20886.88 20888.38
20886.88 20888.38
20887.18 20888.33
20886.92 20888.08
20886.92 20888.08
20887.66 20888.84
20887.39 20888.86
20887.39 20888.86
20888.39 20889.86
20888.39 20889.86
20889.65 20890.85
20888.17 20889.33
20888.17 20889.33
20886.88 20888.38
20886.62 20888.13
20886.62 20888.13
20889.38 20890.88
20889.38 20890.88
20889.17 20890.33
20891.39 20892.86
20891.39 20892.86
20891.38 20892.87
20890.17 20891.33
20890.17 20891.33
20891.67 20892.83
20891.67 20892.83
20891.13 20892.62
20891.91 20893.09
20891.91 20893.09
20892.14 20893.61
20894.62 20896.13
20894.62 20896.13
20896.17 20897.33
20894.12 20895.63
20894.12 20895.63
20892.62 20894.13
20892.62 20894.13
20893.67 20894.83
20893.66 20894.84
20893.66 20894.84
20893.17 20894.33
20894.62 20896.13
20894.62 20896.13
20894.17 20895.33
20894.87 20896.38
20894.87 20896.38
20894.67 20895.83
20894.64 20896.11
20894.64 20896.11
20894.37 20895.88
20894.63 20896.13
20894.63 20896.13
20894.88 20896.38
20898.65 20899.85
20898.65 20899.85
20897.14 20898.61
20897.14 20898.61
20896.38 20897.88
20895.65 20896.85
20895.65 20896.85
20896.16 20897.35
20897.89 20899.36
20897.89 20899.36
20899.40 20900.60
20899.42 20900.58
20899.42 20900.58
20897.90 20899.10
20897.90 20899.10
20900.65 20901.85
20899.41 20900.60
20899.41 20900.60
20898.56 20899.19
20898.56 20899.19
20898.66 20899.84
20900.63 20902.12
20900.63 20902.12
20900.90 20902.10
20900.67 20901.83
20900.67 20901.83
20899.62 20901.13
20900.17 20901.33
20900.17 20901.33
20898.65 20899.85
20897.17 20898.34
20897.17 20898.34
20893.92 20895.08
20894.63 20896.12
20894.63 20896.12
20895.13 20896.63
20892.88 20894.37
20892.88 20894.37
20891.37 20892.88
20891.37 20892.88
20892.14 20893.61
20890.66 20891.84
20890.66 20891.84
20890.87 20892.38
20891.39 20892.86
20891.62 20893.13
20891.62 20893.13
20891.06 20891.69
20891.06 20891.69
20889.88 20891.37
20887.92 20889.08
20887.92 20889.08
20888.63 20890.12
20888.14 20889.61
20888.14 20889.61
20888.42 20889.58
20887.67 20888.83
20887.67 20888.83
20888.14 20889.61
20888.42 20889.58
20887.64 20889.11
20887.64 20889.11
20886.42 20887.58
20886.42 20887.58
20885.13 20886.62
20884.13 20885.62
20884.13 20885.62
20883.17 20884.33
20884.91 20886.09
20884.91 20886.09
20885.15 20886.35
20886.13 20887.63
20886.13 20887.63
20885.42 20886.59
20884.90 20886.10
20884.90 20886.10
20882.38 20883.87
20884.66 20885.84
20884.66 20885.84
20884.68 20885.83
20881.38 20882.87
20881.38 20882.87
20884.38 20885.88
20884.38 20885.87
20884.38 20885.87
20885.91 20887.09
20886.42 20887.58
20886.42 20887.58
20882.91 20884.09
20882.64 20884.11
20882.64 20884.11
20883.42 20884.58
20883.42 20884.58
20882.38 20883.88
20882.42 20883.59
20882.42 20883.59
20880.17 20881.33
20880.90 20882.10
20880.90 20882.10
20882.91 20884.10
20882.91 20884.10
20884.62 20886.13
20884.92 20886.08
20884.92 20886.08
20883.91 20885.09
20885.66 20886.85
20885.66 20886.85
20885.16 20886.34
20885.16 20886.34
20884.38 20885.87
20884.66 20885.84
20884.66 20885.84
20882.42 20883.58
20882.67 20883.84
20882.67 20883.84
20883.87 20885.38
20883.64 20885.11
20883.64 20885.11
20882.91 20884.09
20882.91 20884.09
20883.65 20884.85
20883.42 20884.58
20883.42 20884.58
20885.63 20887.13
20886.92 20888.08
20886.92 20888.08
20887.37 20888.88
20888.91 20890.09
20888.91 20890.09
20889.92 20891.08
20890.12 20891.63
20890.12 20891.63
20889.42 20890.58
20888.65 20889.85
20888.65 20889.85
20887.67 20888.83
20888.37 20889.88
20888.37 20889.88
20888.66 20889.84
20886.88 20888.37
20886.88 20888.37
20887.38 20888.87
20884.66 20885.85
20884.66 20885.85
20883.41 20884.59
20883.41 20884.59
20880.17 20881.33
20881.67 20882.83
20881.67 20882.83
20882.92 20884.08
20880.87 20882.38
20880.87 20882.38
20881.38 20882.87
20883.14 20884.61
20883.14 20884.61
20884.63 20886.12
20884.38 20885.87
20884.38 20885.87
20885.90 20887.10
20886.67 20887.83
20886.67 20887.83
20887.91 20889.10
20887.91 20889.10
20887.67 20888.83
20889.13 20890.62
20889.13 20890.62
20888.91 20890.09
20889.17 20890.33
20889.17 20890.33
20888.62 20890.13
20890.17 20891.33
20890.17 20891.33
20889.87 20891.38
20887.92 20889.08
20887.92 20889.08
20887.90 20889.10
20887.90 20889.10
20884.67 20885.83
20884.41 20885.59
20884.41 20885.59
20884.92 20886.08
20885.64 20887.11
20885.64 20887.11
20885.64 20887.11
20885.64 20887.11
20886.13 20887.63
20886.92 20888.09
20886.92 20888.09
20887.65 20888.85
20887.65 20888.85
20887.66 20888.85
20888.65 20889.85
20888.65 20889.85
20888.80 20889.45
20887.92 20889.08
20887.92 20889.08
20887.42 20888.58
20886.15 20887.86
20886.15 20887.86
20886.63 20888.12
20886.63 20888.12
20886.68 20887.83
20886.92 20888.08
20886.92 20888.08
20885.62 20887.13
20885.62 20887.13
20886.40 20887.60
20886.40 20887.60
20885.91 20887.09
20885.92 20887.09
20885.92 20887.09
20884.42 20885.58
20884.67 20885.83
20884.67 20885.83
20885.81 20886.44
20885.68 20886.83
20885.68 20886.83
20886.12 20887.63
20887.90 20889.10
20887.90 20889.10
20887.62 20889.13
20888.15 20889.35
20888.15 20889.35
20885.56 20886.19
20885.56 20886.19
20885.89 20887.36
20888.15 20889.35
20888.15 20889.35
20887.92 20889.08
20885.38 20886.87
20885.38 20886.87
20885.14 20886.61
20883.38 20884.87
20883.38 20884.87
20879.92 20881.08
20880.88 20882.37
20880.88 20882.37
20880.88 20882.38
20879.65 20880.85
20879.65 20880.85
20880.16 20881.35
20880.16 20881.35
20877.92 20879.08
20876.87 20878.38
20876.87 20878.38
20876.40 20877.60
20874.64 20876.11
20874.64 20876.11
20875.13 20876.62
20873.41 20874.60
20873.41 20874.60
20874.12 20875.63
20874.89 20876.36
20874.89 20876.36
20873.13 20874.62
20875.13 20876.62
20875.13 20876.62
20875.18 20876.33
20874.92 20876.08
20874.92 20876.08
20876.62 20878.13
20877.66 20878.85
20877.66 20878.85
20876.66 20877.84
20877.17 20878.33
20877.17 20878.33
20875.90 20877.10
20876.42 20877.58
20876.42 20877.58
20879.17 20880.33
20878.91 20880.09
20878.91 20880.09
20878.42 20879.58
20879.64 20881.11
20879.64 20881.11
20880.31 20880.94
20880.31 20880.94
20881.92 20883.08
20882.65 20883.85
20882.65 20883.85
20880.92 20882.09
20881.63 20883.13
20881.63 20883.13
20882.91 20884.09
20886.42 20887.58
20886.42 20887.58
20886.16 20887.34
20886.16 20887.34
20886.17 20887.33
20886.06 20886.69
20886.06 20886.69
20886.67 20887.83
20886.13 20887.63
20886.13 20887.63
