20881.83 20883.92
20881.83 20883.92
20881.83 20883.92
20881.28 20883.22
20881.53 20883.47
20881.53 20883.47
20881.53 20883.47
20880.08 20882.17
20879.88 20882.12
20879.88 20882.12
20879.53 20881.48
20879.53 20881.48
20879.14 20880.86
20879.14 20880.86
20879.83 20881.92
20879.83 20881.92
20879.78 20881.72
20879.78 20881.72
20879.78 20881.72
20879.78 20881.72
20879.78 20881.72
20879.71 20881.54
20879.71 20881.54
20878.96 20880.79
20878.96 20880.79
20878.96 20880.79
20878.96 20880.79
20878.96 20880.79
20878.71 20880.54
20878.71 20880.54
20878.72 20880.53
20878.72 20880.53
20880.08 20882.17
20880.08 20882.17
20880.08 20882.17
20880.08 20882.17
20880.08 20882.17
20880.08 20882.17
20879.28 20881.23
20879.53 20881.48
20879.53 20881.48
20879.78 20881.73
20879.83 20881.92
20879.83 20881.92
20879.83 20881.92
20879.83 20881.92
20879.83 20881.92
20879.83 20881.92
20879.83 20881.92
20879.83 20881.92
20879.83 20881.92
20879.08 20881.17
20879.08 20881.17
20879.08 20881.17
20878.83 20880.92
20878.78 20880.72
20878.78 20880.72
20879.58 20881.67
20879.58 20881.67
20879.58 20881.67
20879.58 20881.67
20879.78 20881.72
20879.78 20881.72
20879.78 20881.72
20879.78 20881.73
20879.78 20881.73
20879.78 20881.72
20879.78 20881.72
20879.78 20881.72
20879.78 20881.72
20879.78 20881.72
20880.40 20882.10
20880.40 20882.10
20882.08 20884.17
20882.08 20884.17
20881.03 20882.98
20881.03 20882.98
20881.08 20883.17
20882.28 20884.22
20882.28 20884.22
20881.83 20883.92
20881.83 20883.92
20881.53 20883.47
20881.53 20883.47
20882.66 20884.34
20882.66 20884.34
20885.40 20887.10
20885.40 20887.10
20885.03 20886.98
20885.03 20886.98
20885.03 20886.98
20884.08 20886.17
20884.08 20886.17
20883.28 20885.22
20883.08 20885.17
20883.08 20885.17
20882.83 20884.92
20882.83 20884.92
20882.83 20884.92
20882.83 20884.92
20882.96 20884.79
20883.03 20884.98
20883.03 20884.98
20884.23 20886.03
20884.23 20886.03
20882.83 20884.92
20882.83 20884.92
20883.12 20884.63
20883.12 20884.63
20883.12 20884.63
20883.81 20884.44
20883.81 20884.44
20883.53 20885.47
20883.72 20885.53
20883.72 20885.53
20883.53 20885.47
20883.53 20885.47
20883.53 20885.47
20883.28 20885.23
20884.14 20885.61
20884.14 20885.61
20885.53 20887.47
20885.53 20887.47
20885.53 20887.48
20885.53 20887.48
20884.78 20886.73
20884.98 20886.78
20884.98 20886.78
20885.73 20887.53
20883.73 20885.53
20883.73 20885.53
20883.48 20885.28
20883.48 20885.28
20883.15 20884.85
20883.15 20884.85
20882.08 20884.17
20882.08 20884.17
20882.78 20884.73
20882.73 20884.53
20882.73 20884.53
20883.28 20885.22
20883.28 20885.22
20883.13 20885.37
20883.13 20885.37
20882.78 20884.72
20882.78 20884.72
20882.78 20884.72
20883.03 20884.97
20883.03 20884.97
20883.03 20884.97
20883.28 20885.23
20883.28 20885.23
20883.78 20885.73
20884.63 20886.87
20884.63 20886.87
20884.97 20886.78
20884.97 20886.78
20884.88 20887.12
20884.88 20887.12
20884.83 20886.92
20884.28 20886.23
20884.28 20886.23
20884.28 20886.22
20884.28 20886.22
20884.28 20886.22
20884.28 20886.22
20884.28 20886.22
20884.28 20886.22
20884.28 20886.22
20884.28 20886.22
20884.28 20886.23
20884.28 20886.23
20884.28 20886.23
20884.58 20886.67
20884.58 20886.67
20884.33 20886.42
20884.33 20886.42
20884.78 20886.73
20884.78 20886.73
20884.83 20886.92
20885.08 20887.17
20885.08 20887.17
20885.08 20887.17
20884.83 20886.92
20884.83 20886.92
20884.78 20886.73
20884.78 20886.73
20884.83 20886.92
20884.83 20886.92
20885.08 20887.17
20885.08 20887.17
20885.08 20887.17
20885.08 20887.17
20885.03 20886.97
20885.03 20886.97
20884.78 20886.73
20884.78 20886.73
20885.08 20887.17
20885.08 20887.17
20885.92 20887.08
20885.92 20887.08
20887.78 20889.73
20887.78 20889.73
20887.78 20889.73
20888.78 20890.72
20888.78 20890.72
20887.08 20889.17
20887.08 20889.17
20886.03 20887.97
20886.03 20887.97
20885.71 20887.54
20885.71 20887.54
20885.71 20887.54
20885.78 20887.72
20883.78 20885.73
20883.78 20885.73
20883.71 20885.54
20883.71 20885.54
20883.71 20885.54
20883.72 20885.53
20883.72 20885.53
20884.81 20885.44
20884.81 20885.44
20884.90 20886.60
20884.90 20886.60
20884.90 20886.60
20884.73 20886.53
20883.72 20885.53
20883.72 20885.53
20883.72 20885.53
20883.72 20885.53
20883.23 20885.03
20882.47 20884.28
20882.47 20884.28
20882.46 20884.29
20882.46 20884.29
20882.46 20884.29
20882.46 20884.29
20882.46 20884.29
20882.46 20884.29
20882.65 20884.35
20882.65 20884.35
20882.28 20884.22
20882.28 20884.22
20882.23 20884.03
20882.23 20884.03
20882.03 20883.98
20882.03 20883.98
20882.03 20883.98
20882.03 20883.98
20881.15 20882.85
20881.15 20882.85
20880.33 20882.42
20880.53 20882.48
20880.53 20882.48
20880.53 20882.48
20880.53 20882.48
20880.78 20882.73
20880.28 20882.23
20880.28 20882.23
20880.03 20881.97
20880.03 20881.97
20879.98 20881.78
20879.98 20881.78
20879.98 20881.78
20879.98 20881.78
20879.98 20881.78
20880.48 20882.28
20880.48 20882.28
20880.03 20881.97
20880.03 20881.97
20880.03 20881.97
20880.03 20881.97
20879.89 20881.36
20879.89 20881.36
20879.65 20881.35
20879.65 20881.35
20879.93 20881.08
20879.93 20881.08
20879.93 20881.08
20879.16 20880.84
20879.16 20880.84
20879.16 20880.84
20879.16 20880.85
20879.16 20880.84
20879.16 20880.84
20883.21 20885.04
20883.21 20885.04
20883.15 20884.85
20883.15 20884.85
20882.97 20884.78
20882.97 20884.78
20882.96 20884.79
20882.96 20884.79
20882.96 20884.79
20882.96 20884.79
20883.40 20885.10
20883.40 20885.10
20883.48 20885.28
20883.48 20885.28
20883.48 20885.28
20883.48 20885.28
20883.40 20885.10
20883.40 20885.10
20883.40 20885.10
20883.40 20885.10
20883.40 20885.10
20883.40 20885.10
20883.40 20885.10
20883.39 20884.86
20883.73 20885.53
20883.73 20885.53
20883.73 20885.53
20883.73 20885.53
20883.73 20885.53
20883.73 20885.53
20883.73 20885.53
20883.78 20885.72
20883.78 20885.72
20883.78 20885.72
20884.53 20886.47
20884.53 20886.47
20884.48 20886.28
20884.48 20886.28
20886.64 20888.36
20886.78 20888.73
20886.78 20888.73
20886.96 20888.79
20886.96 20888.79
20886.53 20888.47
20886.53 20888.47
20885.73 20887.53
20885.73 20887.53
20886.53 20888.47
20886.53 20888.47
20886.13 20888.37
20886.33 20888.42
20886.33 20888.42
20883.47 20885.28
20883.33 20885.42
20883.33 20885.42
20883.33 20885.42
20883.33 20885.42
20883.53 20885.47
20883.53 20885.47
20884.73 20886.53
20884.73 20886.53
20884.53 20886.47
20884.53 20886.47
20885.03 20886.97
20885.03 20886.97
20885.03 20886.97
20885.53 20887.48
20885.53 20887.48
20885.53 20887.48
20885.71 20887.54
20885.71 20887.54
20885.53 20887.47
20885.53 20887.47
20883.53 20885.48
20883.53 20885.48
20883.78 20885.72
20881.53 20883.47
20881.53 20883.47
20881.53 20883.47
20881.47 20883.28
20881.47 20883.28
20881.28 20883.23
20881.28 20883.23
20881.28 20883.23
20881.83 20883.92
20881.83 20883.92
20881.83 20883.92
20882.58 20884.67
20882.58 20884.67
20881.78 20883.73
20881.78 20883.72
20881.78 20883.72
20881.78 20883.72
20881.28 20883.22
20881.28 20883.22
20881.46 20883.29
20881.78 20883.72
20881.78 20883.72
20881.78 20883.72
20881.78 20883.72
20881.28 20883.23
20881.28 20883.23
20881.28 20883.23
20881.28 20883.23
20880.47 20882.28
20880.53 20882.48
20880.53 20882.48
20880.23 20882.03
20880.23 20882.03
20880.23 20882.03
20880.23 20882.03
20880.23 20882.03
20879.83 20881.92
20879.83 20881.92
20879.83 20881.92
20879.83 20881.92
20880.28 20882.22
20880.28 20882.22
20880.28 20882.23
20881.78 20883.72
20881.78 20883.72
20883.03 20884.97
20883.03 20884.97
20884.23 20886.03
20884.22 20886.03
20884.22 20886.03
20884.03 20885.97
20884.21 20886.04
20884.21 20886.04
20884.21 20886.04
20884.28 20886.23
20884.28 20886.23
20884.28 20886.23
20884.28 20886.23
20884.28 20886.23
20883.89 20885.36
20884.03 20885.98
20884.03 20885.98
20883.83 20885.92
20883.83 20885.92
20883.83 20885.92
20882.78 20884.72
20882.78 20884.72
20884.03 20885.98
20884.58 20886.67
20884.58 20886.67
20884.58 20886.67
20886.53 20888.47
20886.53 20888.47
20886.47 20888.28
20886.47 20888.28
20886.23 20888.03
20886.23 20888.03
20886.53 20888.47
20886.53 20888.47
20886.53 20888.47
20886.58 20888.67
20886.58 20888.67
20885.83 20887.92
20885.73 20887.53
20885.73 20887.53
20884.46 20886.29
20884.46 20886.29
20884.21 20886.04
20884.21 20886.04
20884.21 20886.04
20884.23 20886.03
20884.23 20886.03
20884.23 20886.03
20885.16 20886.34
20885.16 20886.34
20885.16 20886.34
20885.16 20886.34
20886.96 20888.79
20886.96 20888.79
20885.08 20887.17
20885.08 20887.17
20885.08 20887.17
20885.08 20887.17
20885.03 20886.98
20885.03 20886.98
20885.21 20887.04
20885.21 20887.04
20884.97 20886.78
20884.97 20886.78
20884.89 20886.36
20884.89 20886.36
20883.64 20885.36
20884.03 20885.98
20884.03 20885.98
20884.03 20885.98
20884.97 20886.78
20884.97 20886.78
20884.83 20886.92
20884.83 20886.92
20884.78 20886.73
20884.78 20886.73
20884.83 20886.92
20885.48 20887.28
20885.48 20887.28
20887.98 20889.78
20887.98 20889.78
20887.53 20889.48
20887.53 20889.48
20887.96 20889.79
20887.96 20889.79
20887.38 20889.62
20887.38 20889.62
20886.91 20888.59
20886.91 20888.59
20886.87 20888.38
20886.87 20888.38
20886.87 20888.38
20886.87 20888.38
20886.87 20888.38
20887.03 20888.98
20887.03 20888.98
20887.03 20888.98
20886.33 20888.42
20886.33 20888.42
20886.33 20888.42
20886.53 20888.48
20886.53 20888.48
20886.53 20888.47
20886.53 20888.47
20886.58 20888.67
20886.58 20888.67
20886.58 20888.67
20884.96 20886.79
20884.96 20886.79
20884.83 20886.92
20884.83 20886.92
20884.83 20886.92
20888.28 20890.23
20889.78 20891.72
20889.78 20891.72
20889.78 20891.72
20888.03 20889.97
20888.03 20889.97
20886.63 20888.87
20886.63 20888.87
20887.22 20889.03
20887.22 20889.03
20887.22 20889.03
20888.03 20889.97
20888.03 20889.97
20888.53 20890.47
20889.78 20891.73
20889.78 20891.73
20889.78 20891.73
20889.28 20891.23
20887.73 20889.53
20887.73 20889.53
20889.83 20891.92
20889.83 20891.92
20889.83 20891.92
20889.28 20891.22
20889.33 20891.42
20889.33 20891.42
20892.15 20893.85
20892.15 20893.85
20891.98 20893.78
20891.98 20893.78
20891.28 20893.22
20891.28 20893.22
20891.21 20893.04
20891.03 20892.98
20891.03 20892.98
20893.03 20894.98
20896.28 20898.22
20896.28 20898.22
20895.03 20896.98
20895.03 20896.98
20894.78 20896.72
20894.78 20896.72
20894.63 20896.13
20894.63 20896.13
20895.78 20897.73
20895.78 20897.73
20894.53 20896.47
20894.53 20896.47
20895.89 20897.36
20895.89 20897.36
20895.89 20897.36
20895.89 20897.61
20895.89 20897.61
20896.48 20898.28
20896.48 20898.28
20896.08 20898.17
20897.08 20899.17
20897.08 20899.17
20897.65 20899.36
20899.28 20901.23
20899.28 20901.23
20899.46 20901.29
20898.72 20900.53
20898.72 20900.53
20898.71 20900.54
20898.28 20900.23
20898.28 20900.23
20899.33 20901.42
20899.33 20901.42
20898.53 20900.48
20896.03 20897.97
20896.03 20897.97
20895.53 20897.48
20895.53 20897.48
20896.03 20897.98
20896.03 20897.98
20896.90 20898.60
20896.90 20898.60
20897.15 20898.85
20897.15 20898.85
20897.58 20899.67
20897.58 20899.67
20898.08 20900.17
20897.89 20899.61
20897.89 20899.61
20899.28 20901.22
20899.28 20901.22
20898.38 20900.62
20898.38 20900.62
20898.78 20900.72
20898.78 20900.72
20899.08 20901.17
20899.08 20901.17
20898.83 20900.92
20899.73 20901.53
20899.73 20901.53
20899.58 20901.67
20899.63 20901.87
20899.63 20901.87
20898.97 20900.78
20898.97 20900.78
20899.03 20900.98
20899.03 20900.98
20899.03 20900.98
