20871.78 20873.73
20871.78 20873.73
20872.28 20874.23
20872.28 20874.23
20874.47 20876.28
20874.58 20876.67
20874.58 20876.67
20875.39 20877.11
20875.39 20877.11
20874.98 20876.78
20874.22 20876.03
20874.22 20876.03
20874.22 20876.03
20873.89 20875.61
20873.89 20875.61
20873.90 20875.61
20873.90 20875.61
20873.98 20875.78
20873.98 20875.78
20874.03 20875.98
20874.03 20875.98
20874.03 20875.98
20874.14 20875.86
20874.14 20875.86
20874.15 20875.86
20874.15 20875.86
20875.73 20877.53
20876.14 20877.61
20876.14 20877.61
20875.83 20877.92
20875.83 20877.92
20875.03 20876.98
20875.97 20877.78
20875.97 20877.78
20876.03 20877.98
20876.03 20877.98
20876.40 20878.10
20877.03 20878.98
20877.03 20878.98
20876.78 20878.72
20876.78 20878.72
20877.38 20878.87
20877.38 20878.87
20877.39 20878.86
20877.48 20879.28
20877.48 20879.28
20877.64 20879.36
20877.64 20879.36
20877.64 20879.36
20877.64 20879.36
20878.41 20880.09
20878.41 20880.09
20880.98 20882.78
20881.15 20882.86
20881.15 20882.86
20879.65 20881.36
20880.13 20881.62
20880.13 20881.62
20880.73 20882.53
20880.73 20882.53
20881.47 20883.28
20880.78 20882.72
20880.78 20882.72
20879.03 20880.97
20879.03 20880.97
20878.78 20880.72
20878.71 20880.54
20878.71 20880.54
20878.66 20880.34
20878.66 20880.34
20878.65 20880.35
20878.65 20880.35
20877.96 20879.79
20877.96 20879.79
20876.90 20878.61
20876.90 20878.61
20876.47 20878.28
20877.21 20879.04
20877.21 20879.04
20877.28 20879.23
20877.28 20879.23
20877.48 20879.28
20877.48 20879.28
20877.48 20879.28
20877.28 20879.23
20877.28 20879.23
20877.28 20879.23
20877.28 20879.23
20877.28 20879.23
20876.21 20878.04
20876.21 20878.04
20876.53 20878.48
20876.53 20878.48
20876.53 20878.48
20876.53 20878.48
20876.53 20878.48
20876.33 20878.42
20876.33 20878.42
20876.08 20878.17
20876.53 20878.48
20876.53 20878.48
20876.78 20878.73
20878.22 20880.03
20878.22 20880.03
20878.14 20879.86
20878.14 20879.86
20878.08 20880.17
20878.08 20880.17
20878.21 20880.04
20878.21 20880.04
20878.21 20880.04
20879.65 20881.36
20879.65 20881.36
20879.65 20881.36
20879.46 20881.29
20879.46 20881.29
20879.46 20881.29
20880.53 20882.48
20880.65 20882.36
20880.65 20882.36
20878.78 20880.72
20878.78 20880.72
20878.46 20880.29
20878.46 20880.29
20878.53 20880.48
20878.53 20880.48
20878.53 20880.48
20878.33 20880.42
20878.33 20880.42
20878.33 20880.42
20878.78 20880.73
20877.98 20879.78
20877.98 20879.78
20877.98 20879.78
20878.03 20879.97
20878.03 20879.97
20878.58 20880.67
20878.58 20880.67
20878.96 20880.79
20878.96 20880.79
20878.96 20880.79
20878.96 20880.79
20880.17 20881.33
20880.17 20881.33
20880.15 20881.85
20880.15 20881.85
20880.21 20882.04
20880.21 20882.04
20880.28 20882.22
20880.28 20882.22
20880.22 20882.03
20879.78 20881.72
20879.03 20880.98
20879.03 20880.98
20879.46 20881.29
20879.46 20881.29
20880.28 20882.22
20880.28 20882.22
20880.28 20882.22
20880.48 20882.28
20880.48 20882.28
20882.03 20883.98
20882.03 20883.98
20882.22 20884.03
20882.22 20884.03
20881.98 20883.78
20881.98 20883.78
20883.03 20884.98
20883.03 20884.98
20883.65 20885.36
20883.65 20885.36
20884.13 20885.63
20883.53 20885.47
20883.53 20885.47
20884.22 20886.03
20884.22 20886.03
20884.63 20886.13
20885.48 20887.28
20884.53 20886.47
20884.53 20886.47
20883.48 20885.28
20883.66 20885.35
20883.66 20885.35
20883.66 20885.35
20884.66 20886.34
20884.66 20886.34
20884.98 20886.78
20884.98 20886.78
20885.88 20887.37
20885.47 20887.28
20885.47 20887.28
20884.03 20885.98
20883.83 20885.92
20883.83 20885.92
20883.83 20885.92
20882.73 20884.53
20883.15 20884.86
20883.15 20884.86
20883.41 20885.10
20883.41 20885.10
20883.56 20884.19
20883.56 20884.19
20883.33 20885.42
20883.33 20885.42
20883.33 20885.42
20882.90 20884.60
20882.90 20884.60
20882.66 20884.34
20882.66 20884.34
20883.46 20885.29
20883.46 20885.29
20882.28 20884.23
20881.53 20883.47
20881.53 20883.47
20881.28 20883.22
20881.28 20883.22
20880.78 20882.73
20881.28 20883.23
20881.28 20883.23
20881.28 20883.23
20881.71 20883.54
20881.71 20883.54
20882.15 20883.86
20882.15 20883.86
20881.53 20883.47
20879.72 20881.53
20879.72 20881.53
20879.39 20881.11
20879.39 20881.11
20881.78 20883.73
20881.98 20883.78
20881.98 20883.78
20880.23 20882.03
20880.23 20882.03
20880.28 20882.23
20880.28 20882.23
20879.67 20880.84
20879.67 20880.84
20879.15 20880.86
20879.78 20881.73
20879.78 20881.73
20879.97 20881.78
20879.78 20881.72
20879.78 20881.72
20879.78 20881.73
20879.78 20881.73
20879.78 20881.73
20879.78 20881.73
20879.78 20881.73
20879.78 20881.73
20879.78 20881.73
20879.97 20881.78
20879.97 20881.78
20880.15 20881.86
20879.28 20881.22
20879.28 20881.22
20879.28 20881.22
20879.97 20881.78
20879.97 20881.78
20879.78 20881.73
20879.78 20881.73
20879.78 20881.72
20879.78 20881.72
20879.78 20881.72
20880.58 20882.67
20880.58 20882.67
20880.73 20882.53
20880.73 20882.53
20880.73 20882.53
20880.66 20882.35
20880.66 20882.35
20880.40 20882.10
20880.40 20882.10
20880.40 20882.10
20880.72 20882.53
20880.72 20882.53
20878.28 20880.22
20878.28 20880.22
20878.46 20880.29
20878.46 20880.29
20878.53 20880.47
20878.53 20880.47
20878.53 20880.47
20878.53 20880.47
20878.21 20880.04
20878.21 20880.04
20879.58 20881.67
20879.58 20881.67
20879.58 20881.67
20879.53 20881.48
20879.53 20881.48
20879.53 20881.47
20879.53 20881.47
20879.53 20881.47
20879.53 20881.47
20879.58 20881.67
20879.97 20881.78
20879.97 20881.78
20881.98 20883.78
20881.98 20883.78
20881.58 20883.67
20877.53 20879.48
20877.53 20879.48
20878.28 20880.22
20878.28 20880.22
20878.28 20880.22
20877.65 20879.36
20877.65 20879.36
20877.53 20879.48
20877.53 20879.48
20877.53 20879.48
20877.53 20879.48
20878.08 20880.17
20878.08 20880.17
20877.48 20879.28
20877.48 20879.28
20877.53 20879.48
20877.53 20879.48
20876.91 20878.59
20876.91 20878.59
20876.14 20877.86
20875.28 20877.23
20875.28 20877.23
20874.78 20876.73
20874.78 20876.73
20874.97 20876.78
20875.98 20877.78
20875.98 20877.78
20874.73 20876.53
20874.73 20876.53
20875.48 20877.28
20875.48 20877.28
20875.78 20877.73
20875.78 20877.73
20876.78 20878.72
20876.78 20878.72
20877.15 20878.86
20877.15 20878.86
20877.65 20879.35
20877.65 20879.35
20877.71 20879.54
20877.71 20879.54
20877.71 20879.54
20877.66 20879.35
20877.66 20879.35
20877.66 20879.35
20876.71 20878.54
20877.58 20879.67
20877.58 20879.67
20876.53 20878.47
20876.53 20878.47
20876.53 20878.47
20876.47 20878.28
20876.47 20878.28
20876.28 20878.22
20876.21 20878.04
20876.21 20878.04
20877.28 20879.22
20877.28 20879.22
20877.73 20879.53
20877.73 20879.53
20877.73 20879.53
20877.96 20879.79
20877.96 20879.79
20878.28 20880.22
20878.28 20880.22
20878.15 20879.85
20878.03 20879.98
20878.03 20879.98
20877.78 20879.73
20877.78 20879.73
20880.46 20882.29
20880.46 20882.29
20880.15 20881.85
20880.46 20882.29
20880.46 20882.29
20880.47 20882.28
20880.47 20882.28
20880.47 20882.28
20880.47 20882.28
20880.28 20882.22
20880.28 20882.22
20880.28 20882.22
20880.28 20882.22
20880.28 20882.22
20880.63 20882.12
20880.63 20882.12
20880.63 20882.12
20883.92 20885.09
20883.92 20885.09
20883.89 20885.36
20883.89 20885.36
20884.96 20886.79
20885.53 20887.47
20885.53 20887.47
20884.46 20886.29
20884.46 20886.29
20884.46 20886.29
20884.46 20886.29
20884.46 20886.29
20884.46 20886.29
20884.46 20886.29
20884.73 20886.53
20884.90 20886.61
20884.90 20886.61
20884.21 20886.04
20884.21 20886.04
20884.89 20886.36
20884.89 20886.36
20885.42 20886.58
20885.42 20886.58
20885.78 20887.73
20885.78 20887.73
20885.65 20887.35
20885.72 20887.53
20885.72 20887.53
20885.78 20887.73
20885.78 20887.73
20885.90 20887.61
20885.90 20887.61
20886.78 20888.73
20886.78 20888.73
20886.73 20888.53
20886.78 20888.73
20886.78 20888.73
20886.71 20888.54
20887.23 20889.03
20887.23 20889.03
20887.40 20889.11
20887.40 20889.11
20887.40 20889.11
20887.40 20889.11
20888.42 20889.58
20888.42 20889.58
20888.80 20889.45
20888.80 20889.45
20887.13 20888.63
20887.16 20888.35
20887.16 20888.35
20887.16 20888.35
20886.53 20888.47
20886.53 20888.47
20886.53 20888.47
20887.66 20888.84
20887.88 20889.37
20887.88 20889.37
20887.88 20889.37
20887.91 20889.59
20888.28 20890.23
20888.28 20890.23
20888.28 20890.23
20888.33 20890.42
20887.90 20889.61
20887.90 20889.61
20887.64 20889.36
20887.64 20889.36
20886.89 20888.61
20886.89 20888.61
20887.03 20888.98
20887.03 20888.98
20887.48 20889.28
20887.48 20889.28
20887.83 20889.92
20887.47 20889.28
20887.47 20889.28
20887.48 20889.28
20888.03 20889.97
20888.03 20889.97
20887.78 20889.73
20887.78 20889.73
20887.83 20889.92
20887.71 20889.54
20887.71 20889.54
20887.71 20889.54
20886.96 20888.79
20886.96 20888.79
20886.73 20888.53
20885.03 20886.98
20885.03 20886.98
20883.78 20885.72
20883.78 20885.72
20883.78 20885.72
20883.78 20885.72
20883.78 20885.72
20883.78 20885.72
20884.16 20885.84
20884.16 20885.84
20884.40 20886.11
20883.78 20885.73
20883.78 20885.73
20883.78 20885.73
20883.96 20885.79
20883.96 20885.79
20883.96 20885.79
20884.40 20886.11
20884.40 20886.11
20884.40 20886.11
20884.40 20886.11
20884.40 20886.11
20884.16 20885.85
20884.16 20885.85
20884.16 20885.85
20884.16 20885.85
20883.98 20885.78
20883.97 20885.78
20883.97 20885.78
20886.58 20888.67
20886.58 20888.67
20886.78 20888.72
20886.73 20888.53
20886.73 20888.53
20886.78 20888.72
20886.78 20888.72
20886.14 20887.86
20886.46 20888.29
20886.46 20888.29
20886.47 20888.28
20886.47 20888.28
20888.31 20888.94
20888.31 20888.94
20887.47 20889.28
20887.47 20889.28
20887.47 20889.28
20887.47 20889.28
20887.40 20889.11
20887.40 20889.11
20886.78 20888.73
20886.78 20888.73
20887.03 20888.98
20886.63 20888.87
20886.63 20888.87
20886.63 20888.87
20886.63 20888.87
20887.39 20889.11
20887.39 20889.11
20887.39 20889.11
20887.41 20889.10
20886.66 20888.34
20886.66 20888.34
20886.66 20888.34
20886.66 20888.34
20886.64 20888.36
20886.64 20888.36
20886.21 20888.04
20886.21 20888.04
20886.23 20888.03
20886.23 20888.03
20886.23 20888.03
20886.23 20888.03
20884.67 20885.84
20884.67 20885.84
20885.91 20887.59
20885.91 20887.59
20885.47 20887.28
20885.65 20887.36
20885.65 20887.36
20884.97 20886.78
20884.97 20886.78
20884.96 20886.79
20884.96 20886.79
20884.90 20886.61
20884.90 20886.61
20884.78 20886.73
20884.78 20886.73
20884.53 20886.48
20884.53 20886.48
20884.78 20886.72
20884.78 20886.72
20884.73 20886.53
20884.73 20886.53
20884.73 20886.53
20884.53 20886.47
20884.53 20886.47
20884.53 20886.47
20884.53 20886.47
20884.66 20886.35
20885.73 20887.53
20885.73 20887.53
20885.72 20887.53
20885.72 20887.53
20884.46 20886.29
20885.03 20886.98
20885.03 20886.98
20885.03 20886.98
20885.03 20886.98
20885.03 20886.98
20885.03 20886.98
20885.21 20887.04
20882.39 20884.11
20882.39 20884.11
20880.64 20882.36
20880.47 20882.28
20880.47 20882.28
20880.64 20882.36
20880.64 20882.36
20880.78 20882.73
20880.78 20882.73
20880.78 20882.73
20880.78 20882.72
20880.78 20882.72
20880.96 20882.79
20880.96 20882.79
20881.03 20882.97
20881.03 20882.97
20880.23 20882.03
20880.28 20882.22
20880.28 20882.22
20880.47 20882.28
20880.47 20882.28
20880.47 20882.28
20880.48 20882.28
20880.48 20882.28
20880.48 20882.28
20880.88 20882.37
20880.88 20882.37
20880.65 20882.36
20880.65 20882.36
20882.33 20884.42
20882.33 20884.42
20882.47 20884.28
